100
1000000000 1 45722915 1 1
1000000000 1 45722915 1 1
1000000000 1 45722915 1 1
1000000000 1 45722915 1 1
1000000000 1 45722915 1 1
1000000000 1 45722915 1 1
1000000000 1 45722915 1 1
1000000000 1 45722915 1 1
1000000000 1 45722915 1 1
1000000000 1 45722915 1 1
1000000000 1 45722915 1 1
1000000000 1 45722915 1 1
1000000000 1 45722915 1 1
1000000000 1 45722915 1 1
1000000000 1 45722915 1 1
1000000000 1 45722915 1 1
1000000000 1 45722915 1 1
1000000000 1 45722915 1 1
1000000000 1 45722915 1 1
1000000000 1 45722915 1 1
1000000000 1 45722915 1 1
1000000000 1 45722915 1 1
1000000000 1 45722915 1 1
1000000000 1 45722915 1 1
1000000000 1 45722915 1 1
1000000000 1 45722915 1 1
1000000000 1 45722915 1 1
1000000000 1 45722915 1 1
1000000000 1 45722915 1 1
1000000000 1 45722915 1 1
1000000000 1 45722915 1 1
1000000000 1 45722915 1 1
1000000000 1 45722915 1 1
1000000000 1 45722915 1 1
1000000000 1 45722915 1 1
1000000000 1 45722915 1 1
1000000000 1 45722915 1 1
1000000000 1 45722915 1 1
1000000000 1 45722915 1 1
1000000000 1 45722915 1 1
1000000000 1 45722915 1 1
1000000000 1 45722915 1 1
1000000000 1 45722915 1 1
1000000000 1 45722915 1 1
1000000000 1 45722915 1 1
1000000000 1 45722915 1 1
1000000000 1 45722915 1 1
1000000000 1 45722915 1 1
1000000000 1 45722915 1 1
1000000000 1 45722915 1 1
1000000000 1 45722915 1 1
1000000000 1 45722915 1 1
1000000000 1 45722915 1 1
1000000000 1 45722915 1 1
1000000000 1 45722915 1 1
1000000000 1 45722915 1 1
1000000000 1 45722915 1 1
1000000000 1 45722915 1 1
1000000000 1 45722915 1 1
1000000000 1 45722915 1 1
1000000000 1 45722915 1 1
1000000000 1 45722915 1 1
1000000000 1 45722915 1 1
1000000000 1 45722915 1 1
1000000000 1 45722915 1 1
1000000000 1 45722915 1 1
1000000000 1 45722915 1 1
1000000000 1 45722915 1 1
1000000000 1 45722915 1 1
1000000000 1 45722915 1 1
1000000000 1 45722915 1 1
1000000000 1 45722915 1 1
1000000000 1 45722915 1 1
1000000000 1 45722915 1 1
1000000000 1 45722915 1 1
1000000000 1 45722915 1 1
1000000000 1 45722915 1 1
1000000000 1 45722915 1 1
1000000000 1 45722915 1 1
1000000000 1 45722915 1 1
1000000000 1 45722915 1 1
1000000000 1 45722915 1 1
1000000000 1 45722915 1 1
1000000000 1 45722915 1 1
1000000000 1 45722915 1 1
1000000000 1 45722915 1 1
1000000000 1 45722915 1 1
1000000000 1 45722915 1 1
1000000000 1 45722915 1 1
1000000000 1 45722915 1 1
1000000000 1 45722915 1 1
1000000000 1 45722915 1 1
1000000000 1 45722915 1 1
1000000000 1 45722915 1 1
1000000000 1 45722915 1 1
1000000000 1 45722915 1 1
1000000000 1 45722915 1 1
1000000000 1 45722915 1 1
1000000000 1 45722915 1 1
1000000000 1 45722915 1 1
