100
997195352 1 45600561 1 1
995611190 1 45531451 1 1
990196526 1 45295232 1 1
984748288 1 45057548 1 1
983719132 1 45012651 1 1
978427516 1 44781800 1 1
976791672 1 44710435 1 1
976243240 1 44686509 1 1
965941755 1 44237099 1 1
955034506 1 43761262 1 1
952120032 1 43634116 1 1
950463125 1 43561832 1 1
949236050 1 43508300 1 1
946684260 1 43396976 1 1
945568015 1 43348279 1 1
944938060 1 43320797 1 1
935052780 1 42889544 1 1
926669662 1 42523824 1 1
919849984 1 42226310 1 1
919849952 1 42226309 1 1
916288438 1 42070935 1 1
915209650 1 42023872 1 1
912302329 1 41897038 1 1
912288624 1 41896440 1 1
911940040 1 41881233 1 1
910246180 1 41807337 1 1
905911650 1 41618240 1 1
904075878 1 41538153 1 1
903494160 1 41512775 1 1
902589765 1 41473320 1 1
899278880 1 41328880 1 1
898432953 1 41291976 1 1
898350291 1 41288370 1 1
891416155 1 40985863 1 1
882763434 1 40608381 1 1
881942628 1 40572573 1 1
881827836 1 40567565 1 1
881403570 1 40549056 1 1
880306784 1 40501208 1 1
880032185 1 40489228 1 1
879090075 1 40448128 1 1
878447993 1 40420117 1 1
875291196 1 40282399 1 1
851728628 1 39254464 1 1
848853461 1 39129033 1 1
846689152 1 39034613 1 1
839855664 1 38736497 1 1
838829389 1 38691725 1 1
837871310 1 38649928 1 1
837335401 1 38626549 1 1
837227124 1 38621825 1 1
831683013 1 38379959 1 1
828595713 1 38245273 1 1
824480870 1 38065760 1 1
823874898 1 38039324 1 1
819810048 1 37861992 1 1
817889581 1 37778210 1 1
809082107 1 37393977 1 1
805728679 1 37247681 1 1
804411240 1 37190207 1 1
804322625 1 37186341 1 1
795739899 1 36811913 1 1
795125424 1 36785106 1 1
793334480 1 36706975 1 1
789569597 1 36542729 1 1
783256932 1 36267334 1 1
781434959 1 36187849 1 1
778521876 1 36060764 1 1
777086626 1 35998150 1 1
771201228 1 35741395 1 1
769919440 1 35685476 1 1
766547262 1 35538362 1 1
764413089 1 35445257 1 1
762250444 1 35350910 1 1
761926875 1 35336794 1 1
760597948 1 35278819 1 1
758081000 1 35169015 1 1
757104900 1 35126432 1 1
754412967 1 35008994 1 1
752209794 1 34912879 1 1
742543370 1 34491174 1 1
741134250 1 34429700 1 1
735166271 1 34169342 1 1
733572893 1 34099830 1 1
731552910 1 34011707 1 1
729487120 1 33921585 1 1
728138163 1 33862736 1 1
726996940 1 33812949 1 1
714856206 1 33283300 1 1
713315138 1 33216070 1 1
709373847 1 33044128 1 1
705880775 1 32891740 1 1
697344488 1 32519338 1 1
695971258 1 32459430 1 1
695176909 1 32424776 1 1
692539731 1 32309727 1 1
682654450 1 31878474 1 1
677723172 1 31663343 1 1
672406399 1 31431395 1 1
668081613 1 31242723 1 1
