100
672406399 1 31431395 1 1
672406399 1 31431395 1 1
672406399 1 31431395 1 1
672406399 1 31431395 1 1
672406399 1 31431395 1 1
672406399 1 31431395 1 1
672406399 1 31431395 1 1
672406399 1 31431395 1 1
672406399 1 31431395 1 1
672406399 1 31431395 1 1
672406399 1 31431395 1 1
672406399 1 31431395 1 1
672406399 1 31431395 1 1
672406399 1 31431395 1 1
672406399 1 31431395 1 1
672406399 1 31431395 1 1
672406399 1 31431395 1 1
672406399 1 31431395 1 1
672406399 1 31431395 1 1
672406399 1 31431395 1 1
672406399 1 31431395 1 1
672406399 1 31431395 1 1
672406399 1 31431395 1 1
672406399 1 31431395 1 1
672406399 1 31431395 1 1
672406399 1 31431395 1 1
672406399 1 31431395 1 1
672406399 1 31431395 1 1
672406399 1 31431395 1 1
672406399 1 31431395 1 1
672406399 1 31431395 1 1
672406399 1 31431395 1 1
672406399 1 31431395 1 1
672406399 1 31431395 1 1
672406399 1 31431395 1 1
672406399 1 31431395 1 1
672406399 1 31431395 1 1
672406399 1 31431395 1 1
672406399 1 31431395 1 1
672406399 1 31431395 1 1
672406399 1 31431395 1 1
672406399 1 31431395 1 1
672406399 1 31431395 1 1
672406399 1 31431395 1 1
672406399 1 31431395 1 1
672406399 1 31431395 1 1
672406399 1 31431395 1 1
672406399 1 31431395 1 1
672406399 1 31431395 1 1
672406399 1 31431395 1 1
672406399 1 31431395 1 1
672406399 1 31431395 1 1
672406399 1 31431395 1 1
672406399 1 31431395 1 1
672406399 1 31431395 1 1
672406399 1 31431395 1 1
672406399 1 31431395 1 1
672406399 1 31431395 1 1
672406399 1 31431395 1 1
672406399 1 31431395 1 1
672406399 1 31431395 1 1
672406399 1 31431395 1 1
672406399 1 31431395 1 1
672406399 1 31431395 1 1
672406399 1 31431395 1 1
672406399 1 31431395 1 1
672406399 1 31431395 1 1
672406399 1 31431395 1 1
672406399 1 31431395 1 1
672406399 1 31431395 1 1
672406399 1 31431395 1 1
672406399 1 31431395 1 1
672406399 1 31431395 1 1
672406399 1 31431395 1 1
672406399 1 31431395 1 1
672406399 1 31431395 1 1
672406399 1 31431395 1 1
672406399 1 31431395 1 1
672406399 1 31431395 1 1
672406399 1 31431395 1 1
672406399 1 31431395 1 1
672406399 1 31431395 1 1
672406399 1 31431395 1 1
672406399 1 31431395 1 1
672406399 1 31431395 1 1
672406399 1 31431395 1 1
672406399 1 31431395 1 1
672406399 1 31431395 1 1
672406399 1 31431395 1 1
672406399 1 31431395 1 1
672406399 1 31431395 1 1
672406399 1 31431395 1 1
672406399 1 31431395 1 1
672406399 1 31431395 1 1
672406399 1 31431395 1 1
672406399 1 31431395 1 1
672406399 1 31431395 1 1
672406399 1 31431395 1 1
672406399 1 31431395 1 1
672406399 1 31431395 1 1
