62 60
904835 722165 212847 467592 784507 554310 163356 687061 595242 408720 194196 581559 403292 65719 502653 790477 245224 196847 74628 281271 961023 804462 696123 482181 873143 321225 421013 371541 552822 345676 870498 974009 67842 599697 441602 852349 154008 604958 55762 265602 13679 249959 363513 933323 832030 866166 723800 593607 579366 798428 391230 540389 119243 603705 538922 508738 924931 476287 880279 477753 821964 267129
451762 406158 866827 893364 774859 537187 498323 830621 802789 28354 596932 682654 961677 428963 548821 685477 538922 644539 258 930152 701280 635853 533857 240202 144591 458788 716489 541223 452893 54805 808352 904656 460963 191531 314372 752174 728718 329047 99148 47859 357401 696080 730514 319078 641395 795687 520908 180317 440226 521166 626821 657858 157019 160679 414412 817962 135819 130901 359185 588713 702059
683890 9721 679374 875421 324093 431549 120492 653141 530697 168351 526894 743129 898865 845973 384525 210904 883233 564842 167482 404399 708016 825340 77770 868695 239752 895732 520866 887006 771270 109579 589065 455160 635652 784791 846933 959746 216340 967425 129239 263389 135777 656133 522871 550994 18458 907396 761899 901691 988590 445733 822442 696606 271074 900212 81653 27178 312297 602520 914184 83567
228451 19601 538727 864104 804393 385660 340202 537085 869438 469441 316827 5215 641926 839698 72561 660385 263446 834460 78428 252036 280194 900871 464995 67620 317435 546648 94798 629732 665520 525335 713299 893972 544936 768378 758076 865681 670391 98278 919119 539829 84071 235946 61396 725997 591996 133957 902734 855442 484770 497515 623830 281316 398386 88825 348936 232173 151826 960086 378258
817346 485421 607909 227670 546710 376288 502098 928743 563031 116728 847862 102860 200799 600160 164256 443149 192156 814565 862235 563950 299335 359750 187781 580651 274488 792958 445939 506662 461136 406026 884920 794835 407799 9181 538857 470861 385469 40956 399605 948500 157684 763819 567712 874836 363980 248320 834337 72488 62886 696572 152791 362221 56323 856924 942873 330811 166234 905164
353825 627371 311190 755097 938558 718990 764279 477415 706203 666100 518371 105808 130953 192408 869628 698665 583596 749960 946986 417933 338800 526224 114505 491591 888445 687180 348515 347670 17992 514750 252835 888169 658473 80377 643267 113383 315719 407546 590798 21923 589998 625522 644083 720951 334282 30063 419617 917878 780023 882955 852163 635176 409179 966668 643119 813976 170201
991635 677999 704545 22737 447186 592714 197562 43915 752333 310945 359635 676231 418095 381558 266230 43617 25641 987181 377899 55705 923150 812129 352080 806105 664292 503608 731636 147313 146728 61965 317514 654715 256316 538411 677452 219854 131125 391366 263769 399811 702311 623404 76042 120406 521314 342272 680376 63308 329454 574627 635365 768956 386757 503797 575062 567401
7406 823050 714714 154134 401367 548580 808849 657683 86991 2653 877537 734469 394019 657659 134280 612682 797415 726674 249440 318730 68947 446168 898390 914753 20796 533755 683709 923905 553904 775123 7658 77662 598174 238725 231796 999541 787305 556997 173577 390649 76002 567466 641470 986373 225125 292102 599055 22541 18776 364848 857623 87723 811016 756013 518828
348164 806120 202538 788421 876376 977661 796080 954039 92187 34805 702187 608081 338462 259185 781658 729111 851539 865476 886933 837913 90602 179035 436968 629495 197812 318168 3470 285535 129185 759483 804364 993701 81955 523254 782123 474683 17267 94555 428722 109455 645712 130910 233888 984174 906447 531898 229638 757986 397374 116571 595899 4328 811959 549220
150175 9771 867388 153645 811658 512925 429480 132374 22979 27787 655628 321454 502471 189248 416009 931193 815055 578073 62103 48943 562247 484902 97193 308237 242889 494567 941161 355140 15248 753120 904360 165423 279243 288101 835421 90901 801026 264901 223276 340357 292689 395256 661811 795160 584504 77820 242705 915911 172245 821161 964854 250845 306063
62047 559082 548952 72967 16595 420445 604567 286067 324805 286342 565310 612906 121763 656212 930285 903017 395840 270642 195706 307448 932454 507218 408305 526626 749923 324216 215224 87436 805423 466069 393500 867470 25151 458804 456789 558099 879249 61356 844166 720407 347699 409477 333313 985814 582041 779950 888831 494233 566945 600889 801681 15751
624459 209986 542377 890735 50555 757601 978171 855978 740022 371671 239800 765174 346828 696590 839625 226077 274298 683791 946484 621997 609620 796150 124164 708013 576100 12995 202246 659397 130237 520280 675148 754696 246618 733878 645431 297173 491479 623603 669503 747854 511626 909304 513028 858454 605894 869005 600884 880192 69148 63720 18542
678769 859870 142706 903134 952323 672053 621733 611720 802290 658365 286869 73339 904983 20747 718770 718509 28578 858725 388012 776432 886704 297316 805812 261510 419562 674817 862394 816107 260318 926115 834649 939087 302337 493707 358573 254660 682112 980306 382733 484403 638671 669602 557742 60007 206701 792864 294868 751631 167942 199232
528064 570998 12901 850228 832508 432463 41398 211255 248570 301716 653722 599571 757155 956059 93278 632080 727072 775391 612387 109805 776146 767410 295759 850240 343769 502460 159456 154989 254091 327398 354222 298507 898396 367123 665088 247257 799586 706486 458512 564509 524554 112234 164080 798061 584645 773711 430141 311717 65454
558880 421522 841600 326291 717281 208192 186412 736093 367648 341402 506537 211399 695624 805044 626147 62747 986484 873404 378685 209322 848268 943194 733876 476854 623627 531937 61500 397338 962079 373217 979144 520959 311092 337096 363602 28373 545288 66367 280819 429288 407769 787356 640687 619745 108752 266835 198844 95237
656591 93881 304559 21212 553428 38436 498066 177055 86725 75918 90745 565156 965488 586241 602468 276580 923337 482422 821305 468625 548789 102124 897913 472910 889480 54953 609007 998233 838140 324203 93470 494731 418085 914381 32295 487865 952817 530362 181272 555895 122632 788369 637403 88120 374610 239871 364700
297947 722294 186006 282924 787435 804482 180837 776698 210315 235790 902057 208548 590282 226261 818370 601366 644346 732751 633661 132211 201921 680375 829835 274168 803008 618204 911571 891128 992814 667795 255829 290761 906441 958187 573685 693876 762669 270874 986926 972984 23017 888984 697884 613299 115245 32606
214665 275943 281710 364679 924506 999983 45054 754341 274151 848062 372545 185722 739191 365359 853517 995020 172472 276310 469559 262509 970187 232228 533383 473465 721565 72752 362449 419449 202404 477694 968408 933421 269989 250118 298100 194495 250101 343155 465188 524252 191217 837733 226326 930408 719444
596196 441780 891916 872506 911339 154425 359045 143568 204161 832511 381485 793265 194960 317286 995669 189007 285694 929091 975348 535812 227191 169844 785913 570346 635032 826517 761564 989118 569196 208324 708562 165392 650105 116831 554250 77796 271256 913296 737716 991769 262159 119201 785035 973471
436488 780704 678830 722182 226147 654179 257995 453339 340375 560260 540037 491759 386778 817953 480877 955974 26278 705792 637718 192735 822623 708320 270531 610231 621616 8248 602001 400127 127449 903388 373599 563937 200444 568781 802472 426592 222960 576819 396283 79687 137079 936320 571447
40209 754274 568676 996183 296904 274468 150253 489639 97091 858574 760170 707323 996542 284770 825676 396670 412220 729064 286621 492509 929508 371754 294981 356100 594715 388152 752383 190754 525232 205056 762201 565441 475682 330878 77977 772586 121698 228230 262225 218790 603156 538747
442465 599699 823518 268141 512721 752090 513557 315694 244599 443065 687448 55933 799166 798515 444085 67901 989270 485669 789309 751471 51111 264991 598701 645440 37577 720400 873670 816154 455542 993179 871254 414359 109230 694772 198852 621951 963214 712409 453997 207813 155474
141445 780098 470992 456313 740536 55246 445583 226205 844555 713406 793668 109547 828460 439108 663476 65212 829131 479631 37106 822310 867237 451465 447892 562009 166669 69843 41575 879078 40192 249388 550904 181637 545839 538249 154302 802727 109847 599885 28932 954402
829644 338953 580301 658104 778061 243778 239668 123544 239761 276774 462206 106998 244591 910098 185359 411260 496293 226934 806690 536485 992674 873946 234475 54865 928547 388777 857592 38394 505015 402877 992797 851011 741830 89450 509115 36243 333228 265135 676140
89341 541909 138346 712691 786500 564797 414402 714112 61090 641336 37154 113928 150363 911100 348403 721580 839648 253532 579173 878042 758547 498402 387191 609558 756584 476642 635025 309179 326222 900160 985319 931916 958421 640018 644607 261273 204815 575362
975385 782257 733050 12539 896185 883413 439992 760940 604994 795992 14473 700519 190386 773020 198921 577578 898931 471857 570572 50308 781036 413146 466821 766356 345062 425242 922726 506022 202868 643893 81384 178253 426150 330786 707145 838688 214200
663489 599628 335546 459481 614101 552417 649867 903474 267690 743797 318757 739547 830721 369065 520583 243868 835886 803291 105282 777481 726017 127656 980349 369910 725392 674954 312413 56179 898451 151101 786731 561940 750729 122277 537773 881183
191046 187641 784657 458736 447790 103414 714635 278512 988831 751570 522380 341070 554862 144014 634903 797231 271671 615252 683494 997063 806558 995907 53242 221362 663360 839973 299654 930441 478602 837428 811624 669648 541421 112633 644736
989211 732399 359371 267723 721231 627294 306455 62301 182156 450470 697204 979387 722141 828808 662881 719204 151718 175140 288799 373080 838500 128772 189087 768942 607375 26515 96918 793375 84288 209552 954464 73499 941951 830187
857575 663182 457481 680382 241835 639637 130852 455391 135377 369345 800551 314610 604902 952270 489751 893701 841702 844603 22473 30789 613545 146200 573656 710464 455928 657944 436368 410392 247796 378319 240579 105371 557854
698061 785753 316041 854050 432958 771433 505779 802303 571984 820390 407205 40606 826493 817258 398661 671096 356084 429450 800994 502284 519459 27810 474564 693755 980530 884956 941551 358849 641888 563274 433055 339949
865380 749097 710351 298338 36882 216131 616993 125218 36521 540551 682177 379366 357809 80838 566814 230245 26640 367808 732530 546099 911970 207094 239855 892500 608403 181406 767702 250291 261033 717109 106592
126413 982558 333295 941103 19440 549426 74448 661011 102299 614999 343188 481665 489161 424026 48480 719406 450666 932640 968288 513118 360963 691735 752973 769815 816490 450731 537517 66781 711764 770979
689725 354529 753537 23020 295632 772978 88799 370081 950341 191098 501432 293529 672764 506945 233907 237596 742704 200925 686588 710992 714043 47551 919079 983368 817367 735569 434100 871236 318702
662216 642215 524779 16746 395753 547800 828730 685083 636599 198811 635424 344049 216596 445305 16813 723541 195564 770761 466245 912841 457350 693590 626885 504901 612669 610253 838620 864591
560705 709857 183293 222922 868424 708073 756020 264177 772225 584750 465612 925176 299914 617388 269225 516510 579045 802391 756403 774609 573152 222649 687451 30502 432591 830688 51756
45260 957293 890376 909851 517999 116585 609497 257273 985010 833922 529645 249187 122499 114395 231152 47675 414309 848540 316900 447171 427586 119291 203575 718547 208796 942576
405998 755650 375167 753038 807406 420427 710332 214135 846631 744683 330720 972480 518308 832082 322754 47953 81270 445253 162348 828774 492928 93010 677314 809828 56533
104900 445472 260108 823448 170620 202684 745798 926270 577851 498837 733677 514631 725521 947812 877614 470204 794884 366446 988512 626967 689200 552817 224589 134453
231517 53363 627381 324527 730677 953561 897413 351930 915385 157521 691730 86005 876558 953880 12276 970761 969069 745953 485392 694590 210117 879358 681146
521353 245804 186010 148320 935004 738827 372909 69457 970345 942624 213190 811224 189654 166752 708637 57936 598489 382511 749666 684495 259069 219898
696771 229830 188968 959076 231575 883558 685545 110933 81057 206898 356738 267067 871571 291742 5895 760832 877552 492592 703457 90742 820168
409463 773846 528806 467399 372336 427669 733417 56831 686738 953315 269954 432920 658635 745382 664495 58546 947279 291781 139603 154177
648519 923022 542100 456613 445269 302933 850517 937861 522742 941260 758030 932205 231458 803188 915956 603794 230857 165725 176977
433947 635392 963283 866867 294028 708665 47715 352574 655944 339496 8529 326474 504367 931551 868574 960980 376821 687859
811498 314682 210601 269110 589064 659158 500568 392252 91466 620715 139461 257191 797692 573408 892584 760976 956628
702964 985993 520695 55538 641938 860191 580419 484764 364558 511970 869690 841890 888791 557550 169740 719826
284503 438850 825242 943662 455771 217495 551480 592838 873308 808672 390530 963069 217608 667858 919697
920572 170204 440392 492462 812142 816935 72881 813258 181493 584851 682948 539735 989995 240498
709476 709821 41354 664678 535063 985016 636801 268910 52848 229639 658571 861520 136522
621640 595480 320732 57689 516052 490936 14433 8514 819430 831368 81395 632688
529213 182599 831989 68948 172594 588839 294776 398767 630193 959455 450182
131561 112608 719093 184410 342248 377664 562282 995122 515656 157763
315854 573345 673815 323143 104130 198682 142573 935498 796429
291614 981063 979028 123603 566363 667974 712442 861140
66741 342636 336947 516924 474197 449555 752369
658607 308155 646385 220890 819629 162041
895005 135484 251738 85172 458627
355868 283854 117552 807718
596636 409166 788781
575664 532769
871496
