98 61
770918 360086 916950 626549 664701 89626 261839 36781 75529 573308 807299 817216 278100 499339 903892 21596 584188 853740 479577 630521 999024 103698 214900 886743 242843 97137 654492 205316 732490 575892 511564 503409 935978 944866 129958 600679 34493 908149 153812 110022 481458 477463 443590 275910 493154 863834 297506 593694 717575 293435 224215 232951 397134 955468 119694 639977 52605 290538 361645 785096 382782 389561 804857 318761 334428 451167 435792 368921 359316 105957 478943 357126 99772 438886 633036 592927 302720 446895 186621 536647 740330 927189 285950 137464 882657 921996 293794 451614 212535 655439 753062 111669 45001 557919 430430 895781 9086 382575
264702 884755 4884 259997 241881 104656 698883 391270 213935 517956 838165 916909 570955 578495 844098 856906 715960 243107 778902 526106 694721 507789 697897 447784 619459 259250 522055 566241 155031 531142 465168 419733 415897 470052 679731 174130 91061 894966 565400 304996 929274 919917 221905 500230 498413 66003 357136 730725 825462 652390 256831 520184 160180 471080 484320 295991 730331 6375 862232 885362 53869 843753 821448 469766 313805 17531 160249 404866 912497 242001 226215 358124 161919 448120 858354 176684 30476 731842 423761 855938 900584 196944 892474 577116 668024 376794 873107 398355 383170 251692 800070 953391 95445 621518 423158 925602 155401
99759 846821 67898 858112 73036 942374 20031 521156 317080 713067 67984 48922 136828 923923 465859 333772 816397 42975 518149 709544 432435 432856 609066 684127 232926 562457 295924 370796 501967 737878 526197 601726 584699 110448 459839 657735 52822 996222 695244 369903 225642 763228 935177 362470 687151 401036 212595 19901 960364 730744 729445 392799 163600 854863 593278 912879 417320 889202 283675 435640 627080 326225 37366 728132 436673 13557 385867 5847 526132 81111 892102 751774 844340 827280 630596 47843 744668 843191 67744 705032 573935 313541 614183 253888 684756 207461 166767 102077 96663 450442 537717 240096 293019 91435 968228 729692
621345 870447 251892 663829 951559 143994 931955 312251 487626 562551 360094 748647 405743 944191 970031 496030 774084 584215 749918 458841 791676 916685 77270 404692 883480 131339 161140 176499 739126 645720 422544 876823 516167 674436 57004 467726 334782 988959 296329 338761 551511 172776 87408 957254 116967 57439 969636 407403 158006 719555 382596 949683 152592 459866 354375 36072 107557 31867 728924 363036 677587 151468 239859 193754 342256 296864 177833 193390 285823 474162 532151 353686 646938 135911 310940 280257 709703 796929 687661 867709 516484 586609 817392 669076 46476 688119 221501 670385 236338 950425 33421 913925 618245 789633 624032
960501 86497 801865 670243 888672 792379 202395 242359 955670 854658 69651 752279 564361 866580 956292 432071 899416 542902 765815 84845 589378 970287 306346 776115 206625 773123 809537 636903 391368 115522 260935 868221 718371 579152 538464 607043 887883 257211 365754 843553 111870 951758 595833 192583 334690 552125 141006 750459 611379 423174 835304 717109 393461 658002 493225 116438 431125 819114 269693 338845 934636 530628 207066 653007 626132 745530 776402 514016 519094 142157 357569 147316 610267 469754 339899 944957 538232 480906 211768 149611 904080 47072 866721 813893 705074 876298 446683 652551 695412 716377 991396 630048 763357 714814
283055 389490 976697 575809 419858 495791 717966 293779 643107 844585 763534 983006 305895 818118 980264 517663 484081 884344 81088 867154 698237 786162 743452 144921 955066 438864 377650 462814 585264 141007 177629 384671 46849 154326 960481 466707 650117 194799 760487 809576 39385 40373 308934 345280 858491 289199 862943 858924 689895 944031 726079 904485 246546 469531 49406 717964 424748 943408 180778 10012 84415 358407 394684 647617 29085 871517 114324 195554 66316 391163 5130 105701 431536 314065 967333 806379 119616 346629 665304 809511 807012 391383 713996 569910 860914 279754 287874 285662 223162 985005 812027 823930 859764
723063 471547 888850 594580 585871 84404 660896 977035 89535 282950 924923 919952 250283 731303 39568 596912 396607 849079 403925 304342 563076 973835 681608 842830 778062 483623 582345 763067 295650 406275 622831 18713 877822 28033 613293 980045 112438 790541 473432 718325 73491 398356 638277 323775 646011 677845 437039 42618 43276 357316 863312 122704 847504 544920 481887 625566 28543 64232 904985 840545 986859 44168 859258 864681 72202 988903 361078 184640 779445 350863 419317 852936 749219 57594 693063 911582 251791 646455 954200 811419 3771 333864 934124 851275 878784 416011 993193 423680 996595 898178 264225 983454
458699 639836 364487 530901 628739 725565 231893 924536 592780 651210 293825 341999 225156 986888 253581 993299 633343 724133 804718 153467 574349 738842 4742 453134 671205 514288 393166 667800 928818 657391 651254 387517 813579 15741 434770 442319 257659 183015 883207 850439 350577 177032 708791 575733 680273 478724 569032 829968 719210 373751 983435 293559 628945 504530 263045 300151 535170 172563 967951 463988 346307 135558 367858 159886 667651 802628 118557 925310 985644 1765 292102 852573 695149 517245 428307 375422 512321 513691 721743 747883 403794 705178 557795 32740 726060 337192 332891 261230 509756 817194 725219
856063 952752 609429 15949 620404 412057 134507 62066 914053 652624 870520 766627 347773 387765 711286 239548 416439 224977 961291 164322 628772 182821 722117 661512 908882 59310 510755 686464 569066 327949 928035 425129 280702 537464 957430 417458 949522 608289 995876 379927 260913 866397 662906 608687 770514 374192 848235 186953 115522 809526 351276 260646 992347 589745 922158 417581 649055 949265 104046 734473 277214 548433 675954 74268 85898 633385 8078 551772 241674 3955 931699 18940 870352 110958 627627 640866 1502 992214 344172 117024 318092 695448 377670 826791 285193 816180 244373 450601 765445 864771
185074 559012 413204 861029 149632 499102 10766 674063 567226 768792 678018 15278 787732 64722 126236 931711 221940 127738 440277 566112 244763 758369 777912 138785 585161 579458 954966 345886 30059 236763 727009 731485 312127 140213 108866 978112 155668 635984 652175 239246 404777 846545 254524 708861 911267 380760 156925 133207 24851 597202 699320 785966 355572 477232 924751 457085 56690 396069 802971 603101 149185 529980 850939 977664 186545 959805 955776 858565 595790 124303 97812 516919 970848 352336 225780 882115 249449 382705 15323 274300 979908 230995 60266 851832 224579 501369 308917 797622 413791
111888 917075 562976 158220 768014 540640 344765 727820 12769 203331 839962 137072 817495 356881 107921 169831 99013 506388 419280 481719 38063 209932 977979 269058 786550 829811 9990 287920 655080 807612 701711 283320 724687 781039 441540 492702 838031 302657 736874 850800 22340 576836 504225 839835 450069 128498 9667 549082 634886 945299 547153 189302 155232 525132 974712 941782 871295 984702 746054 526375 308666 447765 326047 33354 745156 767587 42408 583188 586597 295634 433988 608937 872470 938213 448773 322539 583063 974792 387973 734302 920091 935127 923604 591675 460259 898316 49810 847907
399371 795864 890634 708037 759982 216682 257743 505138 500621 816503 88326 87218 112137 38667 696156 500959 493232 661281 823498 76296 152425 211472 810598 588868 662951 734202 180544 123210 148870 746706 487469 548241 542570 378104 256279 818904 111138 30374 324043 128111 846878 928721 215330 959015 967388 427838 459975 460621 605471 799825 536917 757896 527649 863867 346764 190600 598069 43660 830163 263291 790366 317632 811533 849289 212088 584164 668193 839578 614538 508588 967690 461416 437310 183020 936784 921050 127210 913111 381671 732681 712936 434940 490577 756938 298807 353693 947538
413228 397354 777701 676520 704072 611686 4405 553361 340126 588569 737907 179705 719459 246495 147395 697228 683805 846767 150364 121208 490329 63475 502879 223010 776411 454172 229939 533349 752979 99984 997240 682560 497338 291293 875432 201411 902979 879837 271124 243106 984758 9031 939163 704217 255527 86558 917797 455684 449677 68161 576892 456358 131636 596124 195720 424400 50296 425659 474101 803275 41995 471341 2187 55686 762635 877619 257097 181966 757456 44573 425072 258566 53605 364235 479136 825484 967145 396933 281168 933174 465095 374413 389532 113083 970537 585252
537483 537185 527263 527937 856812 85611 999278 859000 141297 278265 736619 398394 460232 10428 959319 401656 268994 12924 282244 264482 838408 765741 661416 635929 698916 642863 526694 604800 755946 13583 706405 809782 550768 750020 337719 407580 835631 853349 266580 976928 131615 519552 891674 108199 46332 850994 509855 831678 380270 792099 96161 218679 74193 757577 370960 773109 400440 897654 894261 672738 911237 600666 998872 462005 867039 336591 385937 702670 189941 652518 679599 837908 688422 87625 946107 734754 938619 972314 566432 835242 280766 662593 53921 354959 936522
941233 644420 853314 355239 538681 42405 266476 655700 41277 244833 522739 377869 630770 741761 84162 799640 937712 922070 4414 25338 384529 739168 480309 356843 821953 315551 637609 484546 885824 508920 937421 343409 153340 790735 698648 208374 833140 481476 380426 874418 726309 903165 768639 873432 161278 852801 189424 98991 291223 193839 640681 192104 449359 120990 548947 271312 952894 702909 272211 355070 728181 209632 698480 881522 516719 397128 606248 349860 878605 986674 740630 121266 406191 25621 511050 567469 394774 216827 666460 685997 410666 307141 878101 376377
944484 943400 647690 413730 162661 436253 768800 890843 645885 467280 288717 678956 864409 411317 28816 259366 397991 285798 896984 804182 311419 408035 371651 706193 141214 554464 908542 68232 377957 302995 444609 838793 762748 608651 252523 925409 44904 21324 332604 207141 488604 137673 886098 869365 548990 431266 128731 463333 717065 542068 267515 544836 466455 155519 767382 607669 226335 675924 675901 604292 495272 120510 959438 258020 245514 211961 699781 290418 233285 548738 497560 721890 686411 383658 107607 751754 814924 752691 215087 48341 294759 998955 109530
761214 670826 876912 885235 413513 552836 561136 534157 564460 197998 493595 822480 443512 705557 38614 250283 938842 587352 747843 177084 790115 647853 801044 58221 979129 553735 273309 27471 848494 788616 137001 126060 975794 530265 11295 389307 599453 88783 923464 163914 286781 417060 502746 246646 122617 541360 496929 577811 128712 761124 271248 435180 925329 72292 493401 904458 626027 283062 448281 990873 71678 101634 116933 563824 631899 644580 953131 231353 733363 876596 395267 536496 293656 898013 783142 932625 439374 796423 26788 84438 73899 298036
519618 999228 370328 13020 903687 512707 296082 351968 503580 884113 453603 136865 447937 85502 781445 917421 316855 31160 794017 228474 567657 604025 642840 867151 53002 598566 663575 79790 683004 737474 377827 718975 736703 264507 731995 156742 293567 544429 25062 797147 944894 478665 450365 909184 80520 748162 826605 913727 779323 620622 142202 863332 740999 301394 730483 794001 899960 910410 873791 582964 164237 767970 301939 417292 32478 550286 574034 326045 611068 599096 639544 72314 594114 606261 981498 674634 354424 808103 588361 650099 945077
246915 29783 202428 548309 760266 996429 448269 670677 386573 547586 351266 154543 365877 768558 703373 916164 342592 545770 43584 458040 185315 115898 52154 307928 97397 243140 178704 421852 347854 828803 883282 594769 858586 85710 659431 135205 82140 624052 322234 985065 171638 673500 139608 537516 442058 842982 970032 301002 905104 13616 275394 606771 129514 327549 914700 743263 87041 93404 165116 434895 922208 48398 546017 297146 650460 721800 432351 248952 345852 270937 234017 33843 944437 373626 571359 902847 732960 57743 203849 638064
71359 479244 244836 717225 323145 675888 460489 926538 769292 141957 361434 207852 706707 423803 504999 357167 145603 453702 606120 491455 240992 356489 525298 185429 730115 613009 88277 979427 670752 808478 133844 258463 804074 895032 975689 643571 570920 952530 570110 340212 610839 447896 64417 317546 388051 85768 191065 533654 55822 313537 541461 296814 670027 66760 482244 916494 196121 86873 412274 866874 411703 546118 125337 732130 441150 617378 375701 528422 569908 462163 384986 180747 426411 449403 14645 814462 535171 722063 348116
590994 35600 889578 887808 221979 472690 886404 654826 668811 489629 67100 52037 901333 613218 693727 149815 570720 311105 525516 99142 397366 504032 484128 94465 930443 449884 625463 744906 985055 347526 609374 92401 899478 15304 496562 121458 487994 899318 292636 673158 388948 359736 725195 806633 972954 935274 956448 60026 762732 998316 675520 676450 502348 159648 770915 432792 125884 912730 694050 110940 260256 303424 719693 159735 835081 216255 797545 323075 115574 606533 512585 20874 966269 754133 343859 455575 689407 300307
515601 452139 814975 191121 644941 317324 867121 415857 266468 993006 328587 960518 620298 105196 780294 339991 781283 615375 72599 95180 454803 188173 701713 967388 209047 667982 721521 69258 639909 927281 369565 155510 895772 184540 862983 540714 18216 246456 472923 284684 755814 317862 761554 376112 423058 58201 232456 204341 189928 305055 815873 161083 9580 517586 128472 734979 701920 366345 804237 341829 809978 690154 13691 705751 391046 876674 246465 409263 639483 235740 210299 395297 553602 488206 287762 976661 62759
36570 697354 252687 341625 29580 413771 867557 547166 58595 602536 765439 941292 923125 107268 267623 613279 637312 973374 520677 30338 736191 929940 669821 971931 656592 65119 525533 661150 869233 18546 723909 905803 232253 976596 247428 261833 906719 631337 325351 481666 750225 90790 939311 673350 714411 206934 802981 351723 696660 323658 382061 432851 769951 51883 921134 942895 633354 963019 604045 502587 981566 327954 408390 213819 820902 172170 992004 243974 803507 317355 241992 70084 408146 697655 743434 638909
420941 62767 990632 117601 902777 889045 66804 672728 457280 987938 615623 606986 950958 736020 109573 448876 63974 34315 179047 401229 206485 171051 645203 526344 488406 887195 596428 412904 101203 856214 568165 522144 435333 558797 639746 338111 964195 222902 10839 937827 210841 142815 544814 678151 395187 654387 127027 459162 205055 822426 860391 927892 993477 21946 454237 998235 425493 567017 411140 526696 939584 979305 48841 374917 54455 204939 713028 535002 427841 240220 472829 155034 899387 17643 833185
294574 188383 476564 270088 393438 298990 646831 321330 808819 668777 291919 807055 94271 375289 734547 137319 314873 230204 702512 206142 284659 907451 435523 336013 851645 192095 808843 6679 91482 342838 356217 902408 531221 349133 688849 924659 648124 335680 762342 973295 520810 54261 780350 131433 429550 514897 268752 260775 745102 971265 466918 546113 395068 418793 882127 246713 610888 207322 769745 218722 550160 125962 637482 81382 475095 326331 522393 639571 662012 284735 612867 182822 338997 909569
314255 284899 940819 99359 545675 685921 586976 528945 748386 982045 464090 146865 745110 74978 354187 514855 810052 420700 157169 447534 502082 148617 773866 24475 788188 952230 825563 917407 651404 164560 826977 482011 965811 767796 581370 27838 970069 168347 73135 234807 666744 537225 381673 411854 128555 252212 443062 938607 672912 600231 386142 691346 748848 676360 232174 53389 144942 57737 970796 796346 738649 314125 278357 704460 598273 859727 248651 568342 544426 321786 319502 211170 375364
701175 139377 503919 469739 582439 442527 659004 699022 345021 350350 964223 537733 582524 533964 682675 640261 21112 479021 378910 335238 757378 599723 449863 133457 848374 534558 677884 686512 854060 405406 61876 71587 544783 565796 541326 643574 524675 200330 858949 386048 67033 339524 440133 649557 389840 122808 289819 410952 118181 185081 262542 391911 301156 712406 41720 665882 246964 719604 352395 617376 641363 414271 688963 702498 496419 746641 346073 537446 946972 721374 439846 14005
577250 879979 179914 967090 2787 986085 894394 637320 171167 156937 29231 988675 385695 70952 654558 149011 306908 6953 766387 464623 937576 455350 167122 950348 201991 29547 4146 665315 750921 443993 195672 844523 323972 375587 811613 843112 878024 222359 480432 49191 379296 26016 554219 281343 613320 208777 430354 436580 732082 196741 901204 186010 652091 68326 652710 370435 97873 656857 35750 365146 100850 747775 209669 424822 639714 537634 784286 517738 759993 781071 83282
655642 807087 637501 936985 420407 362630 367340 856987 611064 80433 758191 313426 732525 342869 966137 619312 957094 622994 171414 322240 240196 919189 48261 181370 75255 102247 965657 592994 378593 746728 676276 550587 70167 830129 3924 490574 192759 371264 863913 320175 451698 138457 633601 700575 997678 599738 319887 954773 739084 7653 277013 979280 926843 841627 677003 2098 943874 642660 111444 838819 905740 787720 389406 975907 134201 393331 466481 843312 280947 846746
163487 248997 501555 313441 465924 499234 913179 302163 454007 168616 309817 247372 664248 753012 88999 341251 271462 549226 500263 382907 904397 406003 686979 293804 381910 821181 203487 364743 664493 484434 727842 344333 249784 229397 657774 715708 728631 87305 534224 698990 255921 844041 946363 436522 597053 551714 294125 868515 100940 794389 767774 5338 200392 454754 815494 98655 275935 18981 463398 456780 19767 191240 801113 785903 936990 975239 501612 181973 62545
35836 880964 834818 396229 343679 271340 509634 895393 565466 894501 512686 359855 662276 34376 76599 117030 849870 175254 909317 385203 155005 366097 921322 862597 683563 707226 315939 658802 725190 497913 237699 277378 895229 72518 673607 238908 343858 699593 650653 425676 594094 163339 301883 256370 714067 894835 889752 563937 70089 799069 465492 741446 681519 386815 120396 881434 610393 436335 540236 335583 934248 294288 129313 345829 366806 802920 584737 227016
18865 751743 169045 612959 431434 470928 385682 145502 365763 275434 225791 952205 74504 207636 210003 272375 110803 330399 153809 721196 766735 210397 573131 217335 504685 702444 563165 871491 21716 664254 614860 40581 415997 783905 653540 363784 771185 39222 509286 136949 314657 251429 605506 905513 459065 815509 177888 569868 145909 848049 291064 428996 58446 864195 646331 79484 566639 725848 467327 588355 390103 82187 145288 322452 382444 798829 686236
153630 354403 195522 806931 185412 446952 412437 90925 422369 227946 785165 992238 890207 149566 283302 319203 724365 663850 481887 803849 746841 207735 271176 851549 114190 869716 996837 436643 252160 312018 122879 922142 666422 834754 729073 851834 798058 141510 459112 220427 885809 760629 729017 292368 910196 528672 127924 150913 192522 609811 954762 455715 333898 742290 307264 448089 612006 820454 401084 380519 132472 523963 302661 315246 875069 548087
683433 189479 689597 658897 409907 91758 935878 655276 384127 362426 183948 28403 513339 376470 154566 468101 348538 488464 210392 655802 452905 338750 992608 853989 235621 641433 894305 538283 956679 285726 86370 156464 475206 292319 815361 401465 900430 267592 56741 800909 630018 240690 829312 143358 133512 983878 127811 482050 988694 338203 654205 441600 193306 646813 811941 428927 288246 222598 483562 761278 508325 86284 917742 499883 894956
249456 901348 795386 33400 474441 596295 663418 231483 941959 806776 364996 925837 934588 363398 914531 789143 533955 872483 498801 180769 200777 927729 985367 423375 927643 262997 448052 13928 697092 464287 908884 462900 365635 220622 496300 356429 816917 159718 587912 758876 482847 469260 201065 417435 832659 631948 722930 366614 20784 221732 63735 221561 665813 565455 161288 593456 828452 125693 123736 525544 589980 32620 988444 471968
253242 484744 344749 586511 644463 932661 861739 127310 918274 62804 61097 267285 211105 300379 150251 231889 522111 213987 969802 704276 295794 647442 814085 124246 773135 937821 649791 879468 486794 154587 867788 256388 639332 212537 842900 800147 661550 220991 443809 579824 800148 504906 847109 11253 321637 997361 759494 843749 727700 729296 64377 23494 376738 878462 147740 666226 816284 313883 62046 303078 468471 929834 559466
624155 142371 918718 940654 803921 139710 384463 900098 456210 405721 747207 467463 727358 260920 226957 87459 988620 472605 151837 12114 849343 30299 676207 31921 362935 990090 93967 182365 974913 540153 258184 115420 682524 693254 56074 2798 349316 956889 419248 805526 362610 166455 272989 606321 427376 16298 693780 932348 488903 361969 944463 854599 908621 137022 886520 271556 643464 496840 970274 618378 36993 228458
250150 235870 921712 306225 755020 271029 263114 174268 76555 142077 857075 865897 748398 800803 398547 958530 733152 887451 320500 193967 742050 229121 330989 144922 17029 974453 641762 987303 109183 678756 732113 359334 430978 170178 665559 185998 957559 445025 360266 550466 587102 217341 416363 851852 534497 331263 810383 267649 218714 130883 461616 477116 876356 792605 622038 409737 283410 780153 913393 392594 975261
645506 751928 406239 332036 933839 592237 289595 378864 468855 840062 482319 202548 772777 334171 737045 104040 660906 4694 322754 308141 982662 316222 184497 291619 454613 110587 575030 234766 23980 483976 210027 185838 235904 132618 517875 686095 241207 807470 64959 710062 163884 63630 428962 936662 914154 166008 557054 575060 687054 396161 883202 186069 712383 584051 477688 166996 694638 569070 401762 234970
53046 128141 420809 288950 260759 938684 975045 501966 262506 556357 728380 942743 136339 157343 395757 50493 839703 952811 625554 43109 348972 25108 229178 61356 609159 706867 228352 820150 275937 146467 55120 845336 790960 475929 134286 568072 930965 625684 586390 709824 698393 831123 652567 834732 988466 48324 885226 344521 1135 27132 387630 866460 52240 616809 927816 177751 323676 672520 997901
115965 335339 53022 961301 126300 45303 611940 210724 976269 753976 797114 202445 968721 628237 371364 803453 133055 936040 205031 477576 937175 748515 381559 319987 800755 998368 247803 978507 838396 436676 492760 470713 772015 545782 432015 414667 107438 560307 625391 600059 830635 938858 802504 799356 83447 173868 119161 732855 109908 840545 726783 563435 589060 108342 399775 389816 106710 647578
884675 461458 600606 377435 932172 372622 439570 880539 303641 547008 440846 445385 147067 787833 384243 465923 587189 984042 156143 706350 233249 782403 546895 960033 862190 652308 68375 261965 42124 691438 425896 926799 152896 26502 820586 85068 915476 260156 965607 219118 323516 922805 664503 986935 710638 565098 452858 814179 549140 125353 36882 782390 907756 100129 258775 286299 752437
327150 548264 794561 18588 490512 237712 687837 517015 574651 772905 432491 351159 254865 167961 674676 694022 832464 661611 404661 397562 630822 735192 463055 756175 772074 761797 180284 872204 20572 466583 624641 864074 531199 935555 399015 21712 689619 86852 55079 264270 376109 487570 615430 147326 655532 290106 841349 4348 468069 762362 918263 98891 497554 381318 371419 785981
659467 551703 658185 196391 18286 282826 60465 549485 734733 975832 87549 424353 62684 142628 688623 955146 146551 820405 102472 318435 110511 460173 322783 94933 738887 241046 193824 236442 138716 565243 22423 314535 633298 196960 510926 651584 996138 87744 717422 730872 63576 321323 155225 642613 463952 360200 597759 610503 180606 216583 445290 807469 676757 768073 902402
415644 525472 612579 168438 180540 694174 707213 495076 327473 420525 6002 495409 416664 93746 729183 147536 673675 50507 819113 316288 30811 695665 430399 641314 876271 646982 602956 200093 840091 371029 102495 772088 412853 231426 456878 593394 925601 680444 88470 769426 100969 610824 264835 33985 220923 994019 697873 894598 560878 516986 727238 591689 729004 157637
749355 605275 320971 352311 805368 161063 239692 424216 449503 652546 655642 906381 762292 97595 586825 850762 867021 204147 977938 131857 238132 198861 642228 936006 609811 719458 969344 337049 311147 698348 494686 576854 819976 815658 445517 141696 493073 685209 565912 942576 854107 737907 365309 616399 835502 468487 983513 218876 672634 961452 867085 427118 676665
25665 879476 802829 745123 848821 139878 572622 63521 150917 149476 399849 482927 111345 541546 492352 796554 623810 951280 650662 878069 316589 783413 713572 785076 283279 448800 974062 244731 315885 917533 437748 341550 797009 240577 603025 162182 896808 175647 225704 564077 841475 625553 563356 952820 683451 55708 265726 307262 6988 432740 185331 323577
216154 415255 625006 499433 864055 115420 260516 696292 32953 214616 554194 829963 971546 157219 992145 384706 332866 734201 948783 690693 876107 512139 159865 75910 84199 425592 383172 91187 858332 84856 931116 590838 16463 72474 606623 396871 187895 383491 93163 737200 114460 647358 567163 86006 320929 75661 987064 653796 326214 935847 860841
202321 964338 20707 794584 564889 446299 177756 656076 820983 778964 103544 928174 311780 692371 51149 708651 880266 434641 318166 617466 65453 481876 700982 151459 802806 292995 138523 972954 619209 590722 833795 337883 71412 854502 132467 636301 817153 826575 808729 154489 605540 428625 82663 433672 120996 650164 142323 517614 84805 460489
651433 150258 458718 868767 818069 261524 161762 472944 234478 780971 580018 68273 118854 167782 439128 767673 804083 256281 594249 129164 927122 716141 74142 526137 149813 195138 176302 292136 229105 777459 268977 880538 444070 244047 749305 262139 505571 911067 251436 256401 208390 347806 841027 843597 515589 280155 611270 836024 52788
205519 481541 496263 921660 555683 22400 587825 267173 198702 396313 496278 976162 181643 376816 420232 425690 642473 198723 447614 69892 966511 704015 278283 314318 545042 121880 346259 341549 249502 182283 910690 455022 180176 406953 893034 735859 429353 997212 3033 144408 393525 15663 120570 575168 908832 57154 859 551305
255877 448473 137550 222389 668840 415833 53059 730235 54065 399318 71784 303567 97953 498826 274941 278130 422131 684328 530341 851485 681540 49726 512245 75065 65390 632815 650234 974222 689969 167445 525527 462198 132270 179429 200939 801110 111614 253998 531345 165679 653316 119482 985599 267622 134660 776892 545752
556792 461220 76093 924629 142760 125820 436874 217826 707562 586041 384412 681784 792362 68209 723663 254560 200479 903093 455500 517941 14707 709498 565639 696739 879167 201473 682338 146789 336133 459230 208893 892925 436803 801338 333906 579563 443510 770780 313741 151072 356821 214505 832856 665535 282714 556520
920096 483193 459613 891948 517487 474320 117798 83126 687411 996965 800951 369749 660106 137084 345332 868999 546362 782135 670338 880268 878050 113848 167401 191792 264921 40574 406297 97777 706110 205364 170649 142558 204909 630262 34506 722396 620935 152304 321874 308346 149270 122825 194448 809376 259910
56132 194728 322624 354619 865066 202892 749021 978914 886645 457165 760187 927220 379815 857965 633330 585179 544966 775888 790088 691581 810394 28837 312516 479050 350711 137214 144672 989889 848014 954049 766151 420498 148777 88775 291469 530195 808019 40491 25461 694665 497656 785649 621885 877471
159966 771567 462650 704932 63807 769091 396513 390553 797928 225381 869603 664991 878948 14276 654880 243314 484677 421031 663813 149806 509806 471634 680001 834178 512125 705462 528843 9782 491111 667080 403605 651077 438647 382608 872362 502454 151699 268875 893007 465979 10609 278962 130970
889557 293238 785851 132871 777915 723234 313036 444073 233041 784671 124074 67219 813148 345889 112414 822930 837000 779494 742888 4430 218141 125496 876792 236947 277195 662019 646306 259526 672628 925268 390496 78537 734859 692699 727761 29126 415934 40797 473200 165327 341820 113626
748898 154969 459515 861312 494251 296516 157158 753491 817298 891651 878987 210442 128598 672534 872461 291256 932060 61442 732876 838909 139979 467735 531608 867740 13214 947542 424890 486414 629221 283062 600040 378119 954383 59556 755783 964987 872424 912941 718478 689722 804592
597466 416516 933190 786352 288977 740798 234765 866771 473675 73674 6751 457762 605282 390843 470976 69177 332085 957390 698398 131500 73783 76518 602235 649691 832301 567222 522115 745243 285701 728189 66187 399519 144705 515730 702223 950034 256528 936988 816806 730203
10662 339909 187966 132297 247104 658942 201474 95542 132685 416224 743394 722820 9094 345629 372511 357748 912852 410978 619343 714905 655519 685530 630776 800224 201260 332999 266610 457789 269988 599768 704344 797002 939677 408662 929299 703134 583957 647125 315028
716642 579702 58422 439462 588796 920403 328325 946544 833255 739303 565887 64512 394822 251418 695288 711398 452678 28288 978008 426819 814628 94129 131164 127982 550158 56178 573634 253292 640135 220759 84672 356777 316813 659446 312591 905610 579850 157268
852154 929457 412923 418042 993970 807745 185812 689258 35495 154842 233898 529856 581662 564878 623985 229178 692861 174143 285356 266495 943788 441844 3606 28460 314973 320420 687907 627565 226030 784109 301185 594536 713566 714109 528930 707536 38206
714742 913147 73702 385937 147045 603558 967599 228276 743895 713129 921137 918038 514837 187632 378178 956681 707590 922991 271655 28010 127250 415572 770392 911359 716757 364929 624925 430866 893859 332462 985425 124954 761961 59127 510891 425358
179037 994842 653634 922932 224323 574771 357322 739160 278755 735501 212194 986346 658492 483849 14356 302094 899421 301101 213453 132530 666030 838378 79749 76241 687192 65174 201195 965505 124301 228438 390864 819690 739632 44498 742622
963955 619270 99944 703116 898025 351797 915310 400723 526641 915511 931432 828735 331284 232533 558540 463814 898563 913271 59915 974804 116815 125089 692352 82321 765742 437142 473185 585432 176775 517683 844406 140730 653305 460703
360198 67683 812500 791860 468406 855494 707371 399838 200581 38655 632371 759122 18822 47286 672393 78737 538443 789208 203827 747147 871529 485921 184289 344714 587706 361064 378750 948464 18147 32055 409167 378345 99738
738020 170206 568145 593514 393929 484335 310447 432585 633059 69569 451407 680345 741962 530144 218788 531171 250323 965935 919052 252597 666577 780119 840303 27641 158869 305119 562140 190924 714287 456838 807015 452307
627044 891512 562173 537325 375847 872620 969910 8906 458542 937669 205604 200504 984166 424392 248027 750841 906680 167080 3438 573257 947199 360093 117250 622420 665213 679391 329696 895852 136229 136711 348159
279625 544575 426684 816950 436775 815656 303213 962033 274198 240882 167637 991055 225048 108382 755434 975890 15062 438866 495680 104671 386065 372126 221921 524837 37339 417664 854534 933191 553893 507597
797702 349870 52173 740738 166821 5300 72746 986386 967333 346945 227268 134971 854352 968669 243353 609786 460911 774767 48653 472943 879438 951070 845069 617711 992260 882408 35376 846794 331951
105621 870743 129653 455492 439268 386743 138665 444568 459490 125051 411902 322787 868671 63225 177139 353692 822930 303277 330955 597697 868282 803899 993487 819353 648968 127550 327965 47729
162926 174759 379680 784900 561854 25686 240392 1123 928781 895409 445691 388271 20460 857593 711058 405483 920818 404549 759176 260100 707827 606483 857797 576109 410382 367636 911814
575703 495187 239779 623432 174465 930890 519464 959365 492745 61502 716109 493868 990284 611518 455911 378555 148330 829857 605966 553814 267027 10515 829342 527128 234694 952177
901277 810804 362560 268914 238970 938263 280453 995102 78047 971270 442344 113863 930636 935089 175366 163097 945309 165650 774616 917573 60557 439298 747430 666523 993112
14457 193391 338806 541585 428085 807336 442863 238889 169896 228129 994212 624511 24934 505666 218910 996204 948010 332773 443192 399452 24491 606290 344761 706493
897258 262334 767051 336556 526116 949926 846021 540574 143317 701179 82159 571403 508515 41374 326644 194763 785855 837208 819274 810789 342874 554536 323346
290885 403662 766538 690337 428153 889180 551450 134647 786438 330137 418050 122995 856253 884328 485368 913179 543998 186547 511691 115401 695063 553065
958397 889826 855273 795606 225453 666062 654832 296341 989408 462069 700003 272299 152406 128157 161479 220209 779156 947918 66698 713558 587265
439303 114238 72633 352483 658236 259180 864174 289989 470595 933591 248387 360422 788864 560345 102227 971279 215177 398568 960687 677247
98572 232986 346005 743081 910818 82566 38589 858736 149264 268499 962353 588568 382737 34986 457403 40974 810518 837929 330963
281114 287872 95702 157888 76737 656047 776467 564368 387577 691387 41407 581176 789959 790746 927181 49392 701564 9748
604333 560300 675364 872832 39005 780284 255570 590343 237687 812896 400861 591968 660211 198327 879841 272266 872567
472930 928313 165386 37298 832242 856774 78705 413418 163085 869451 856952 212478 87367 383052 816811 164019
58416 205996 203024 355053 461566 793367 109092 790814 710581 701061 451025 908908 97254 723291 297828
570184 167957 463214 123834 516551 836340 718891 446322 999426 104695 303274 728256 192062 686326
545067 356082 261094 751063 559106 132499 728981 868826 241592 36147 579407 459005 3525
4667 556259 243168 302495 642795 927477 282062 766629 444029 118402 485520 890351
634180 106567 709977 362436 298630 912655 423856 654712 690101 691271 730170
822601 420253 598996 64193 972752 178403 523198 976277 699423 595809
219446 518270 238604 146923 800332 5233 107304 435087 7105
514007 69267 113673 223984 948056 928655 136639 371912
583367 826741 63183 829889 649342 999788 428886
229887 972541 123641 269437 948818 823064
865246 684616 341335 103850 347892
658019 625435 455196 609458
632540 969204 195078
262565 193188
143134
