90 11
898906 370147 813191 715419 201964 44630 805516 42672 174815 334840 725839 600524 307415 875784 288719 148357 77579 152192 524215 739492 811654 301271 228041 250978 724812 672992 562143 772826 936874 55633 837089 352132 942132 650280 67552 144096 694910 389420 186768 386077 724260 428960 986602 31676 304744 791673 696385 382323 943865 220600 121816 271872 38224 866209 39202 279388 539201 601346 568566 992428 173331 405655 344560 115463 55936 928464 259560 267198 317884 962680 653276 42145 907992 156230 590173 212736 947903 286558 111412 408120 23510 749580 679992 578086 615789 235547 857474 154990 836893 426041
663770 10224 831696 8331 642039 887632 453147 901599 671183 771032 380632 324459 329529 288624 480689 919702 17713 944944 722612 129125 353064 262474 395057 549409 840561 10846 784956 214387 682188 138201 640428 345959 664777 988477 870642 306816 392461 323789 724768 63644 611173 105400 904455 457054 910376 901496 893108 928089 846440 615720 573566 715857 394547 968623 781618 751460 495821 82926 965847 694362 221127 122628 40321 885904 111105 427315 709072 503566 267456 433840 83563 878630 55592 988018 335684 482321 889515 228793 926762 252307 360865 500329 968164 271764 985304 266134 23224 997478 349060
989072 691840 570187 111700 248513 972443 739157 675828 681516 242723 459636 631708 842638 854618 203653 830657 190303 685974 236524 935448 612736 488831 812665 629417 973348 600782 131074 239482 624006 128552 588543 129430 336744 158730 757482 585257 647526 496639 777437 845394 255715 237073 477102 98353 91692 680755 445362 798347 883081 681886 250147 495818 170718 579164 125235 144066 179946 772661 383548 320305 901213 488443 449735 237957 163526 723570 339566 811052 220209 633355 656446 992276 386781 649900 606982 994825 847008 568696 309524 730089 250583 559671 225907 937653 655187 867495 598071 835134
640156 497971 155439 57722 986415 121526 812031 149941 845096 151598 477345 581658 301305 133791 573934 688086 300043 697268 682911 147051 265965 992435 877141 32900 68458 619400 970553 723646 3247 568624 558780 159756 66595 230571 217478 569362 352097 29509 235655 197194 697459 713000 778852 998765 363143 869138 686851 663187 82759 886115 810238 865076 878550 203731 897976 463361 339484 384881 187007 342731 953505 262139 502487 536452 492710 236317 622167 844807 265827 857822 558353 479638 570823 853557 478403 933966 239048 681607 113505 321807 567722 440096 186883 962624 643827 601211 425985
983311 986092 129344 842395 939597 391483 344882 992401 400545 581200 614568 761705 363379 472391 320058 843017 559566 173616 837773 493532 412664 519380 607038 250823 603454 563486 954058 566078 207313 555269 508416 706977 541361 637760 65724 480958 545596 410606 989711 946141 508158 120632 707846 387889 593023 544257 747259 668941 234225 585032 162473 646889 620764 285863 414064 224218 849349 368122 306648 573015 923391 331416 796344 464752 485529 862068 462062 547477 789026 451773 493618 813537 572405 717817 717778 681780 262074 465037 867073 496299 566421 29547 659540 187185 831762 589956
927755 197464 958078 750756 286831 881469 82172 599527 862573 84053 461595 324635 631530 766973 292760 125149 580510 381518 359318 814641 579650 137744 279678 446724 150395 846100 992623 809935 549637 340737 399891 477393 54553 874321 228149 341384 272142 826673 940911 134715 910727 918858 975702 542257 202184 268462 183758 782694 166332 543076 113687 745983 680820 393366 709059 831215 755818 701682 157502 305455 558771 73745 782848 613325 464418 527349 471061 736560 354023 928325 387627 264750 847183 363329 323359 49367 148144 507118 348414 314476 566546 462101 576811 247367 371819
802222 594934 127637 20256 268789 433093 579028 342534 732293 192353 806953 775995 179766 59865 130018 108091 447493 911120 471627 810822 750831 37346 475318 257949 385760 306147 824496 364214 882958 588215 252385 685181 699501 380023 221789 968290 329468 800817 827177 578113 509522 150482 354108 689289 210347 478 797380 174192 427950 269007 501367 178782 306354 976685 436731 208466 282832 777579 89032 682143 365794 341418 367324 581648 237793 105465 549938 83613 906283 893467 661726 415805 43949 532187 105094 770649 49017 418827 944841 476968 687834 446208 655750 510540
939246 608833 235359 222078 902765 324391 904221 784911 182161 787897 366559 936306 893363 916498 19919 799646 326317 197998 731803 370267 246537 353250 657268 295554 772077 118461 772522 976263 81022 944624 486804 20268 69810 722163 242346 972575 562906 146568 757486 745068 450817 124046 197726 344180 556896 733998 660178 883213 931996 908334 769832 694885 261584 943452 990439 33661 61914 279314 9924 142936 740290 13080 163204 326452 251595 921902 299027 814502 584822 56514 75922 35640 696912 273648 896172 770160 7646 72703 169725 455994 981037 939558 667231
242621 883010 174023 276282 461276 453337 802558 604212 709979 331991 283768 36432 583586 205671 851811 914440 790493 908325 990362 826133 121589 780363 238658 891749 304361 311361 61475 276708 292398 517385 943939 535019 916747 117962 327653 378024 87651 646563 498588 313983 978554 298709 350415 78493 504380 202226 992933 294873 626904 983296 637359 264845 280011 392369 156595 584372 703730 734422 377432 996128 768159 321372 47499 684906 955686 891504 579282 559690 54419 594223 873673 32974 892932 740440 627819 397312 459018 620752 208537 85922 120400 362248
867120 400411 754617 540067 501136 974699 274489 878568 487179 559000 716292 534678 760258 188331 942534 339541 748021 996954 450116 138046 546280 343048 878486 174099 256712 337504 794851 981601 939779 915252 860202 806899 315663 614819 346966 333151 589519 137807 211720 76698 696807 444364 127729 457065 632695 70263 312958 897068 583569 763074 35114 129849 622474 913600 303948 395538 767457 98800 377140 707236 14052 237342 30487 846067 368513 893805 179219 474384 31612 907291 67435 244771 868007 711516 218188 17055 298131 47499 914123 881701 326925
465590 11550 949400 895542 315499 861290 662999 930651 238430 886587 944703 992124 917074 307122 876990 810879 2693 351374 358843 426336 935161 119966 294344 646677 854507 827751 944809 902006 741874 826510 228931 723816 838060 694683 619359 669911 72326 282358 600562 310756 685298 61617 819233 602372 885092 696223 929604 887785 563949 804799 314122 499111 441118 124818 662140 295625 952569 606949 713983 210795 949811 459266 934612 304224 670302 553971 974135 742628 352681 574698 569736 37979 152667 388969 156704 37759 601544 602660 925545 165494
407459 756019 180957 364929 397189 843097 660554 866110 966399 374537 76905 916210 350156 527869 220434 20458 598192 710922 763086 950874 285620 332822 505205 954639 238144 661909 992399 839688 264569 434296 521534 188381 190315 702491 553310 103856 61941 213865 969966 544692 104754 563223 460902 454910 91093 197689 991720 689285 908611 754806 156511 710583 603981 661717 665222 842125 839978 657621 681813 104548 91917 719700 809281 798584 938543 362591 902440 484 92808 388758 61528 713915 951982 38783 685177 559427 236472 676898 765064
661435 948056 921576 372018 552037 99645 37240 394162 939623 211214 592328 560523 819483 312028 886156 618068 250571 248748 36860 767408 857908 425619 828936 88175 377601 867719 773353 453380 104191 966603 218444 281978 914659 140020 653996 466697 239665 207589 377211 695641 935155 969539 772516 754638 281567 658673 889058 532139 423773 925919 815899 281681 351538 644835 886209 245491 512555 175914 698871 133098 142517 917315 415077 573528 573688 585425 40225 329705 793014 417437 25346 728169 903328 314215 999160 184896 972888 888218
233387 396661 814137 49286 194694 682027 694121 597255 443870 723028 773169 142741 372479 915686 576409 787556 489215 666449 372981 45792 996154 682348 979581 537853 926869 882910 852068 926029 584158 341308 814248 333897 254321 628385 383183 965367 826765 593656 562623 270635 833037 335792 929729 205516 251479 22490 509424 257046 688939 882405 819190 685093 81105 798772 739298 7975 198034 107718 934004 782192 449026 264604 116089 703347 409342 15624 668715 236107 609280 231338 23094 958669 83482 952823 164185 851313 491665
673609 108359 180604 72367 927550 382050 153472 726322 637700 677799 440708 745419 128156 222900 194445 392760 855341 414145 802102 870965 82860 38209 996597 830550 61304 955267 914032 530479 635804 765346 22145 825766 390057 719101 898133 317607 617503 567957 560281 255204 762109 989 623 890265 740241 711420 283025 595582 125565 85128 982899 724777 123337 979497 71679 700993 451116 502064 747825 86920 783762 769970 912686 173819 5423 327171 7779 139279 411481 84412 394483 173590 601754 911458 63855 858347
139230 346880 453930 781148 432008 953181 22277 71698 932678 93957 772691 900146 112373 520516 987067 896135 806838 416105 69954 328614 743277 594085 467893 154758 678498 378728 844700 796604 290186 908555 654951 945768 255435 108881 726916 203796 62063 749194 275494 511093 359503 564537 411240 471876 601406 914659 884363 408244 847116 470669 253210 106745 64755 721103 261503 259605 99831 622555 56209 906369 531110 711160 852138 302898 336394 95406 506694 914809 360952 298540 425902 236807 379429 353494 708683
980835 784505 109398 905432 631622 580068 158642 738367 644823 396098 516223 904428 495929 138778 960637 918651 186241 188149 770789 489139 524543 382547 512185 439352 743500 327077 381607 980307 706506 251453 205343 687342 35959 314741 592774 183933 894809 267768 922300 55984 663866 954875 960412 676148 93654 437401 594799 796247 625551 881940 801738 666446 264487 313923 105799 7987 641000 3758 504647 863858 255211 709990 551200 291170 541083 660326 991455 952245 444447 913756 8229 108313 384983 484994
784461 994989 438747 379260 791236 580650 261200 592974 247097 42040 423249 869248 566379 580601 873006 71026 444460 128217 297368 512012 935740 838452 172339 927195 307049 133138 357303 315278 241451 742287 316624 542265 737276 271724 437877 44865 852374 215430 637839 615823 257470 61089 485071 823849 641690 358077 411228 602502 2647 708596 114515 454739 63400 803206 381934 370449 936344 255590 202080 694147 997877 35056 236412 251505 306780 190642 296370 675507 406072 934210 291330 179894 511651
292754 520095 669693 650831 931323 272196 169830 639920 903063 624569 703320 706269 522856 590122 158965 778446 792202 853112 776323 343610 605877 27828 650391 312871 840551 325898 718943 774761 133580 415189 802764 426334 935284 472457 593518 866608 261005 763348 22880 164068 904270 242552 386689 427126 832674 62006 205572 141228 915119 498247 484839 37348 526075 651582 350219 882978 493832 585514 174091 627412 703 976855 570099 452339 965665 163617 318947 226670 443317 858179 907091 347587
100732 810132 774713 449758 872139 980285 590987 303610 994884 592178 340958 37312 243760 207529 920290 253944 309395 94382 397708 826450 71237 967807 278789 36902 131424 114089 779925 91094 488620 203368 438681 589352 13500 729747 39111 885639 226384 146450 189249 221269 254980 46559 258581 15092 770440 178871 269036 79835 273253 666744 422637 860843 634552 217779 414097 282328 331868 710374 889774 820488 913742 844808 926193 927243 574555 481656 329234 317291 628106 518484 538560
883086 81395 313493 414530 851836 8717 683566 448023 798322 866662 870661 659165 17566 88440 589615 816247 936660 299989 706021 273500 730084 550829 199693 173679 641736 681349 502913 959028 825807 537749 13940 225245 619145 327434 639775 987333 336151 839693 951708 650825 706356 338721 309991 723922 943513 415958 540169 396525 715947 246191 670026 962383 313372 386071 136062 955109 583773 638976 430489 409580 176725 444429 151178 312222 288215 790953 815907 140718 630647 767616
791544 337003 622689 617887 577277 566203 33845 117447 962728 266144 879990 632754 228528 709714 535178 364590 664823 118951 3566 95312 528531 696644 56094 679709 525218 344309 987015 341126 1380 134014 625094 792924 987369 247783 410811 564646 813986 444656 198445 776715 710800 78435 925821 455680 788150 460999 820271 969325 579950 340189 580990 624834 36833 153436 820895 562052 497745 324262 419530 499125 458276 44624 808401 445645 292407 219212 10292 106394 180220
725089 399461 407373 803525 841634 863053 108027 818986 683324 593704 915288 23514 174694 540122 576699 328130 877370 655103 342228 201632 74633 357705 176261 119257 166107 621906 928017 901671 148550 34411 81892 873640 950224 489265 193517 791858 352318 817896 610844 551995 411600 526133 91861 102647 582607 668560 947129 976329 323664 289357 694314 914649 163415 870575 550259 845874 8833 478276 747545 157384 29039 345789 547376 979263 835054 257245 287473 703725
75141 414670 255720 486741 457155 863933 105740 556114 532493 52870 532444 372509 342227 226758 803511 21994 613685 353770 867868 622518 832046 615414 296254 377437 961203 843630 873052 312610 100875 160525 532687 692368 91547 304759 695462 548702 168692 801202 621169 701185 854072 153613 590047 712652 896723 393558 734646 510408 747328 602515 132926 95726 734281 429181 473163 211836 789163 346215 524446 406391 23092 573485 98759 114640 878244 794221 179694
46936 111776 800863 264474 965848 470828 854521 678500 883903 764431 929499 394311 28111 48366 43590 123837 782647 989123 113352 994483 294638 975919 35282 701029 999011 608767 316141 630003 487012 110362 326050 50300 222138 643265 314774 704339 114094 685647 899191 997997 966430 828690 908661 994541 877056 952251 634730 176055 457726 748082 686891 752364 724001 722173 453394 239365 847292 285887 869368 850656 912601 195418 417309 651092 838684 248435
355431 469130 450435 254622 983479 416865 599665 892140 411407 993073 360743 46137 685481 818469 310572 372372 87186 550925 610897 56932 790290 458189 342819 659659 825198 255420 371429 242507 906512 726465 490942 778295 711947 941377 32918 695427 874595 148935 103919 286002 658360 464663 848491 343841 799484 675415 716213 886670 226341 843462 943602 16631 818004 802773 192642 643202 58194 564072 402061 481058 806889 409355 259354 518837 350733
808624 214264 225328 957559 318183 27682 615919 299198 392525 959761 98683 584293 192326 501705 810634 35789 961660 827265 853793 764433 536260 13347 338979 100332 415408 336390 423573 824763 595744 942410 691848 404368 156674 433528 878279 991210 977562 10550 290408 370088 970311 905443 470733 678990 923501 281367 231131 885161 624984 84924 165946 161244 98271 21278 777928 30031 357668 201502 854794 469764 143912 62995 874132 816939
496523 752411 808149 474086 762961 614909 360526 249625 36705 831259 444967 960206 628978 676098 361719 253962 277374 44017 415207 891997 65295 193135 922028 939315 910989 293174 409079 54902 356169 283211 388193 369045 551974 196342 843131 831288 327603 720009 597265 364308 551268 42232 840866 180246 234682 202585 950560 512056 246603 882119 920405 828250 591607 842433 767566 502596 651959 176645 73850 8129 976209 462043 377174
44535 658385 736657 392175 502341 456666 989440 383001 524286 548024 223868 220884 299058 942805 687796 327466 705760 569916 247871 534011 161523 90304 817929 664119 258616 994574 737970 266745 487135 200013 160271 48023 374751 413280 440198 393444 386298 945991 776445 426936 10367 516665 164172 825778 459471 851968 153244 165231 421884 401116 699242 583407 7772 517171 763879 266388 28098 501849 49485 31585 218214 726108
595960 109317 139388 36159 502761 525686 498502 795559 952622 25221 312224 116794 850999 771695 485115 4244 453279 906999 921712 668873 6759 929484 186045 770638 712225 730495 788839 761710 278432 523405 4171 874393 632723 143559 426904 651836 185598 925406 447395 654572 466979 275972 287719 317979 47667 772834 838575 17298 196185 760287 686172 202944 689771 388569 489934 918348 119064 795125 680059 913848 318531
684230 788241 467606 344141 215145 635794 529739 656903 83190 700664 640235 359162 988383 958214 923181 277569 796789 940480 473754 73428 626652 193051 763199 15221 682985 197900 650637 478111 877959 564485 312994 78541 869079 296952 939034 84224 932746 468774 257480 532288 685790 897715 407802 674173 372281 330984 951742 685422 787816 941848 758850 930820 134899 38401 462393 334237 236301 113030 812348 630612
193867 641694 225505 62946 454998 164540 663523 387744 149666 437355 436385 835456 851422 844187 25981 223703 691523 494075 425477 479339 435923 184327 926511 570823 739080 388904 905060 975382 18286 233760 122346 728506 391806 347852 791452 846804 512392 971327 750900 662058 925034 187285 13866 776456 31473 39847 516511 722996 533922 941988 718688 969845 642667 645199 57020 381748 550456 962080 873482
568742 712192 995828 297248 103998 343680 605053 467154 856072 92732 218055 34482 17767 405340 48348 794223 953165 88195 310735 192514 622117 769075 427554 108315 411743 589105 165335 793491 139561 643768 666973 224656 355960 662801 38256 976311 6482 643309 443465 378906 252394 177872 413389 270161 583213 461737 64384 52730 66285 891471 761596 204754 660547 189150 313069 72290 778256 994757
382133 434169 154877 565458 658825 510837 228259 697082 3500 751093 856743 963318 130000 109137 141190 59741 895650 240755 37830 960035 293486 620467 851506 55082 825222 28405 760585 654643 617047 538841 165752 999180 973010 320629 564638 148188 347819 309250 361622 351319 576695 734717 314637 223047 360207 455828 282788 255857 212935 836971 215892 506421 457438 583751 77856 282660 128508
838441 453656 745556 893634 619408 744736 382996 940038 825727 531184 287857 651329 409158 155528 228024 143876 470166 451072 504083 442346 250212 759940 655281 87183 492185 678055 544622 592288 272263 827282 720796 627056 797290 466352 520690 416699 727441 903686 356737 69520 951223 160946 720849 360381 316474 948873 20609 302992 916297 524692 261690 166510 800985 433324 253693 293170
627731 798315 885458 899994 141950 606254 527050 939240 588959 564092 355939 316400 467778 229028 902272 935353 906326 623121 812087 739153 88346 832696 42145 4644 357389 820188 171154 674726 253512 424847 967896 881243 739515 853354 781237 881465 975960 824639 337057 564919 388731 209349 397671 372861 438377 299943 308215 861056 439416 636654 600209 527763 469350 642354 48759
343091 462542 219913 17817 232406 161112 985713 113649 900627 355419 411238 782092 847732 235877 635502 412651 624608 844851 326675 513822 799580 142970 338389 660636 582387 975043 260845 626502 444393 419552 675261 787485 398446 411526 321654 630853 572638 823720 260854 473266 179139 672093 771710 26871 424322 407212 955875 565283 768415 798902 79105 567996 941872 417494
744984 40611 908889 522182 667113 353282 941734 858726 657119 856532 270252 978774 3737 842891 802494 780944 832509 497985 453037 604219 41209 393711 11432 513436 958994 296199 312338 554451 864195 770562 971945 609180 811174 880834 131362 994639 750469 589448 369718 923940 445980 639970 419066 966070 999213 221560 747014 831722 235898 716403 435942 277107 110114
963726 790543 69109 259925 619233 623560 124121 389795 111858 249653 717321 509044 381015 228313 775865 486815 598031 699806 449147 238001 118872 415217 237215 856785 678583 68937 92683 394986 21231 886142 505101 984957 193037 90562 761235 812270 230474 401708 718417 342332 651361 435739 367729 548728 664052 143594 35543 778435 843400 1042 16436 962273
416260 770003 819058 611195 355293 428093 6182 376524 314235 27635 877834 23624 118197 639069 835894 865023 557129 70663 723708 208490 22754 91437 273570 203158 235031 825465 981593 594784 826507 998030 557057 759119 284385 892467 370315 639678 836912 892849 532555 151147 920484 410389 174771 555033 565810 527017 420056 122939 114032 143764 847781
136787 235201 121351 339945 986585 463168 837891 581369 289675 835921 654778 565147 636658 63597 935462 276337 900509 828311 808892 568008 265147 735633 259131 820180 817795 302500 240236 940734 416532 384001 304867 553319 135554 426218 409617 122139 405738 247508 219860 695413 599781 390990 776912 236439 454587 712374 29128 355096 57037 354372
439456 322184 606357 698587 142364 424152 1087 898953 881238 933972 799306 186105 3643 934860 128675 413260 573352 534413 177120 309564 229827 293253 700555 6739 46045 155142 235466 591525 26591 808855 462250 466047 131040 68607 680987 789756 9112 682074 205061 890350 616046 4367 76456 136042 455580 205131 549302 545284 739545
242775 371200 485724 52380 71755 8815 98425 743250 244281 689951 769841 569489 152201 752240 700529 737160 433227 6637 746272 631654 728051 636623 247700 248770 229431 900094 220702 434562 449397 765986 690459 208524 137187 176183 260904 725294 184999 875682 468544 945632 81985 754737 515121 750538 506978 732002 487698 940205
254992 233971 571859 983043 386946 335912 231813 616377 236006 452516 567291 201755 734854 257751 926631 388393 433934 187536 630040 135285 579570 98584 80918 661555 853322 596039 412093 360300 844394 899791 816857 99386 650114 388717 82429 37060 240981 830594 169789 476987 799462 737081 195095 50669 994832 121726 955414
945118 825614 585454 80404 405184 200391 161322 583091 570065 273713 995184 446717 118107 411328 263574 733845 577794 168643 332626 131207 409624 679573 300996 402964 479035 554429 598059 46056 549261 236137 1471 10732 61752 103277 91136 983288 303668 768810 566380 873733 558875 77916 320450 193335 489244 100377
927180 67039 269020 259807 198246 194997 455732 15594 597961 934767 570024 712372 497176 635637 948509 498647 646369 526613 118276 737505 509902 421945 22667 592634 812030 581543 670550 648833 774878 159795 749210 218410 743186 18230 994569 457784 729579 450301 473378 327540 901421 559754 556264 398597 195392
21126 413596 841761 547739 531872 95619 573993 953817 118286 166627 282200 216181 837178 931033 991059 513325 680243 725822 772863 214825 720391 746999 944405 170693 220377 788297 588466 780132 344562 987063 491876 882040 400659 333637 429779 448883 945608 3773 402701 63895 686752 201253 280076 40282
132286 787488 69959 328881 513310 842822 543706 750053 589821 4463 920746 326551 309113 25564 623035 170027 12627 114911 52067 929638 964900 481846 378522 910509 1971 297575 490756 205076 15180 287184 245358 147466 74672 315318 476347 104334 674492 536405 854388 780666 540869 291486 107217
366334 317051 246604 536361 846030 877867 588428 292021 842767 586626 186895 269628 588598 484470 760384 793674 16002 47569 39032 163468 638593 870702 156167 742928 545195 692572 597316 325861 749793 405154 949430 116127 722205 196034 652488 568236 73901 757268 376609 433020 343895 563504
702649 932493 564326 979385 242519 580328 543306 797903 743796 698252 668606 416315 441180 730153 108887 554848 572366 375033 960002 521796 7512 198560 234182 176353 283148 308083 933621 659757 257455 793868 223261 476456 726361 787587 455842 485232 367915 515500 283136 628063 213752
468094 44378 171284 714599 669617 242484 286965 561002 718839 325113 568515 917399 559295 261220 716899 383730 194841 376656 641185 505062 116269 117642 231423 420208 89836 233008 788123 121688 32496 932538 851793 16942 493268 539429 731541 679237 781914 534858 240240 17105
859971 325107 450856 419266 586327 167755 319348 297520 60763 960533 802582 177032 594527 550358 597240 200715 783366 901715 838756 332214 350605 690549 349156 843873 229978 80697 523110 528244 131907 279702 545349 991878 604809 996205 927496 707488 680312 246844 5009
741075 723729 323943 434459 318257 874301 31699 35324 174019 449766 874080 506233 316723 80981 371741 160596 827312 968790 200059 355556 100697 996113 417258 608927 117275 929815 536423 824763 126480 783267 346124 867555 506997 670068 302015 341606 60721 850066
893282 751093 816185 283715 773678 132908 364696 145420 809857 192008 114210 526268 63917 731260 522381 997527 340187 639656 443694 876611 980772 570174 176230 326896 437730 199579 996964 256097 541185 574038 622515 950820 325131 955052 234535 98809 87961
599231 244229 414170 307592 874792 940438 887861 606052 979171 401740 462591 135180 845434 339202 115952 415609 31785 959200 369691 231364 472517 625788 288902 46555 764655 239722 371686 719708 474257 986847 324021 589840 747429 738191 897432 622221
194981 301645 744625 174152 703385 723568 309332 548820 62771 941636 480781 94556 900837 850472 842272 373354 992612 131174 936261 757267 370896 307947 993327 845153 811146 317348 951346 558575 55539 848778 697148 250520 666776 958125 941025
370161 681694 766709 435333 260817 708346 916114 871725 125535 282938 713997 15241 275550 845172 951502 549170 216068 259449 542497 577574 586947 859846 528920 145523 431737 894050 842671 198610 77178 317149 139635 963692 998843 422696
399025 259660 647394 831492 131385 772929 114430 845382 788170 906333 206906 739672 455503 939327 515473 998000 516901 102421 374198 562173 764296 805936 972575 123319 520898 49754 440468 176885 529798 439311 599581 928823 215323
246976 276667 346708 536257 907450 192091 840780 813783 915349 580452 785638 854676 612278 783638 887929 231051 157837 450102 995347 480125 939030 118666 517375 505136 75487 694260 34934 31150 810193 480109 246474 573521
756777 593182 109779 180579 301625 466911 510714 216975 47363 296352 71651 175993 79990 959581 407044 754179 926035 918743 750656 381417 553762 268031 886553 629249 962291 921487 660399 288837 917949 906873 862358
191078 16408 972137 371657 318033 439048 882371 51360 2764 178723 639364 695109 775065 598945 618506 45597 41332 537249 796253 422750 91011 64285 309303 720260 542928 747143 897012 831765 181444 803885
694124 372522 820293 182613 744179 654679 138014 142902 706039 657130 837977 345403 352239 613042 460700 487097 174991 18385 24347 971245 441135 115358 551882 266790 351971 611162 530285 248983 959280
711729 569220 169756 84251 389514 352369 344782 560545 6735 4036 782936 180217 842013 644692 48809 971408 105392 535906 146399 640129 560253 117644 81264 191964 185878 864407 543935 797041
394692 792918 756321 622774 362138 926077 223377 268004 794798 568160 344901 317886 572196 127838 498103 930562 772530 546912 901970 394274 82819 564721 550756 159424 198718 632020 351388
384596 12779 895323 181637 407472 204593 454310 546598 83084 896739 769975 867440 691538 854487 212342 9424 943036 856532 23879 873598 145414 570792 291920 56040 169963 856641
606796 845739 55359 238817 197128 956308 251596 608803 654297 175420 329749 108608 722018 412833 5347 8346 280273 213237 862833 8967 739013 805869 865499 762893 195819
10913 850037 487739 66954 20000 860733 673750 382091 432444 428919 579219 388752 196868 704375 43050 888640 34124 668010 127011 446957 189709 135357 243582 919299
998190 252550 658312 320412 118049 937557 516231 128963 787594 520323 712269 323946 897408 386019 706038 329852 331291 285257 234957 528159 989632 794359 416799
540108 462369 543810 987065 168430 195519 747000 87729 193710 999550 262394 30474 633951 199951 63057 762914 987546 99732 991535 311492 997140 377555
17530 843345 225198 819140 78302 753357 325124 872661 686508 865233 851382 746671 368650 19812 942190 632002 623894 652252 631552 886288 682726
265504 86239 262136 544770 73785 361868 536306 901630 359009 430213 435512 202354 655411 254652 280656 925120 96129 669669 611628 477714
521051 874651 362716 57215 816842 994719 681109 469094 142623 83749 668173 408127 169989 930309 469250 760126 292177 5556 178108
167538 952121 613621 369892 607532 384625 166900 49004 997106 836569 176984 474820 873972 51636 353889 447540 868478 348608
645001 853924 491231 728751 522097 415711 415092 968758 884961 691570 260936 890517 869679 428474 358990 483300 314719
482874 384277 481619 531878 381384 834541 225214 856204 224865 276850 210093 188757 661680 75053 833759 31957
82637 78862 554054 498348 493954 522813 383309 701876 300101 790178 571555 244927 149168 571207 559646
632042 955485 557618 680272 336869 908511 905486 709425 649728 698689 435871 838486 360369 510924
672245 392326 593561 751107 462733 608261 761413 501898 991570 463289 801999 781748 551197
563278 447268 122404 639277 79310 77889 196895 275934 931110 621758 181421 640536
271486 880110 76407 109972 756831 103683 298569 149158 697245 566028 128243
821858 843793 630141 813429 307083 948492 111529 374632 28122 75150
497036 667399 670812 91278 864294 946747 22388 2404 128168
179276 273891 524630 255683 900215 281461 359367 715137
430619 572964 281165 75214 394822 124959 221707
724603 948394 170199 352485 839378 198322
427635 336414 382073 98447 944044
762720 45194 966433 765124
173362 145709 555367
697992 917745
455583
