69 4
111038 498207 189133 670909 184968 138763 309043 881629 924821 511019 138143 785491 169031 9397 796459 655994 792178 344240 731512 792696 574322 445365 612124 575023 988499 938434 837941 442173 89676 709560 144417 717066 724119 333550 387976 425439 988665 697019 307069 913487 724391 961564 215330 409774 970961 11789 65768 279491 356029 313632 588539 930351 758997 200663 21726 263849 655449 859668 706022 261478 85580 850439 978544 809699 700342 882872 751491 689007 579892
58560 602494 820635 536476 817825 230409 23789 345966 812529 303280 218348 126161 891820 148699 885158 608835 686778 149007 780637 62798 371381 558467 148378 221821 53363 474429 438515 936236 225920 127522 32480 800832 730017 853115 337308 64194 599876 877449 410160 412405 697082 628508 538566 105254 293560 423724 714089 496690 89084 11078 559488 976817 569545 224218 198638 139261 698647 153505 75497 924568 281028 107977 241752 527397 477444 95413 591591 77320
972862 518103 489725 669944 662964 28291 775198 472876 968367 5640 969566 57451 533070 529054 34269 618968 269624 749259 758229 968271 902765 833726 409191 700145 458055 650944 227542 935499 262709 819133 529171 235571 853588 18896 421868 516552 47187 713418 989428 15554 235410 475346 589358 284833 520752 139979 903801 790376 405590 662030 758648 824707 12108 684191 524852 986515 851487 268746 438366 114196 87879 967537 866120 457820 986433 804340 974372
549972 34110 480153 81878 269521 955499 187588 554354 992604 843919 974507 782980 249510 152889 57980 590569 681349 742172 115422 667864 593659 900520 106230 224208 988400 590119 90328 962572 576552 894668 936944 642876 445130 933449 724754 714651 405301 912343 785357 397905 756262 276216 180885 522124 429105 238866 112694 110454 497390 744468 294670 91049 644988 400900 315257 149740 991019 921937 112312 83923 332957 565609 726799 778088 15410 967906
9091 420711 396601 794449 818616 669215 70665 999502 191340 16123 754720 820386 126577 252110 81206 421248 859511 242546 338500 174769 392287 845872 613058 20951 446147 946016 102912 172947 724104 118323 657205 249547 539034 53806 43996 874003 239373 631014 873505 947065 163489 144577 767451 290066 396687 365009 227666 256198 607556 82519 947319 516195 928391 560378 537146 374538 22746 156411 63837 263202 274734 237394 512749 330120 807552
73098 204123 46926 220464 593980 993991 383953 738557 277795 190371 651596 642804 418038 424147 250360 16909 887818 766555 945300 964548 820054 836190 987294 492817 416380 250496 767551 653774 279598 614023 977679 352696 818147 24605 573160 928479 18596 957113 667037 296391 147484 834985 939196 81874 775484 705908 98783 663303 988816 560435 627851 808870 912978 131498 301687 329358 898346 585590 499484 177944 715965 477163 530640 534112
18120 620152 978944 36717 577265 162333 849460 241102 997318 305008 839328 772803 527269 454464 952458 516085 14899 96661 841307 927877 228159 659346 773587 126506 244936 789424 304450 960901 266587 351443 11366 801060 971595 990310 354129 65213 152643 203589 822667 666313 24950 178347 955468 552219 632811 907926 584656 647711 520940 425963 91940 749099 85309 865528 391957 846597 654952 696408 807498 437891 564203 335216 238951
52150 841878 593080 117363 510873 313022 456382 693539 854324 634730 649007 406543 267541 73286 507551 431604 594226 933514 523545 859677 18823 905425 251635 865420 76729 948043 189270 30972 28598 40839 786276 80748 399069 895708 714464 909943 208730 170846 603482 579406 321928 768841 502301 589470 358479 9852 537426 952705 943366 577323 812383 962189 999100 64018 343961 75829 528413 49584 623154 73363 90423 409430
154111 489492 821490 868575 915787 30221 555774 519269 609627 877702 804463 628281 983524 162942 638133 520951 632000 581500 98274 444383 60041 613727 24753 404003 689556 69518 453587 829062 142881 60362 754844 296992 549854 576335 681920 465642 122908 754046 501263 248887 631748 305726 877168 131625 985021 515302 168928 617021 96802 267202 577756 156843 397281 602509 77198 603190 188379 47137 432252 331260 107499
187097 144604 173706 279784 342876 155700 402692 96922 656963 167931 245023 479042 45100 893000 980415 76754 61928 597436 173556 845482 175192 846751 242764 294053 440302 845954 998784 487439 278206 846396 111291 981655 507352 284997 261439 850229 440697 180483 463503 614012 864767 224878 609406 909867 117878 589821 986621 179806 187257 676529 25289 878801 39632 268053 689206 996286 114007 687990 78 908565
50738 111369 890221 558091 396366 668012 408320 353415 364848 388175 967427 229615 613054 576834 655834 730932 166655 158807 427091 870265 351688 452380 265418 391320 236785 470977 903959 867144 675319 904037 775709 726058 15406 182282 284149 928124 366647 208821 797891 731495 596996 281670 477462 210050 858504 133296 457335 541512 292103 884426 928129 643791 853158 709899 551463 606295 180876 455422 473439
856196 875811 249148 582254 407569 947783 866403 335693 314430 75224 649936 45925 672220 931607 39739 398623 306463 173035 372310 364327 981490 773088 292456 625281 142598 2356 693096 748893 699584 664871 222332 555780 540682 987832 138034 948252 935615 520789 800297 250045 596013 450234 812322 784586 381841 852061 699561 688304 25096 71871 52632 6586 361311 861440 148219 503909 380148 357668
252802 79733 22539 475134 151865 563221 979318 289900 27825 914934 810689 828123 164979 923055 278357 977302 707641 176550 345715 923554 381206 887164 995425 433838 410102 873088 811631 558322 376997 708131 915990 629799 304216 454881 621285 456082 18102 600603 745982 45928 31889 73023 390403 196869 996078 668760 690523 220071 361662 552590 143625 742868 439754 655402 693059 849857 528490
504690 924531 421839 729173 356873 567990 33390 811754 189275 489472 346208 306231 751806 908488 338120 824829 298891 51341 337260 484003 258216 557331 845665 810807 217309 588534 766913 389063 281593 616770 433906 786283 57653 855745 31808 414526 423736 65198 742632 129363 554670 88841 951946 822828 513681 806419 647658 812573 374112 501270 296576 632329 574953 142242 959488 308614
247128 726401 697678 528721 343172 647936 831356 917177 20033 863164 331704 960121 928363 590688 89485 999385 195881 557783 822214 709563 364202 986224 38488 738315 3846 335064 886996 578799 993658 846484 887414 240786 572885 101444 285859 432409 749380 117215 349587 769413 980380 197643 729535 908743 304683 335372 424480 500565 409507 763046 210128 290062 265622 764968 544729
269468 616384 431725 848268 610043 794561 252034 367181 883798 353478 653041 316208 619210 286608 182147 904975 266988 896142 150862 692083 200825 2586 116564 217742 412094 395962 944222 702156 661585 709190 246885 931053 325575 194962 295673 451970 989523 547707 335503 873321 417537 504896 705881 36747 791505 404380 458075 58493 300522 608937 750577 17700 611524 383493
235442 539970 779455 179665 758478 957392 405207 5363 888446 730782 716677 184119 182752 706200 731827 34608 95873 665716 539504 801755 702464 331009 206135 676891 389503 23010 285828 656432 40710 413704 556277 792504 470026 852084 488521 228504 809477 893729 750219 214275 624511 466896 398394 323616 689448 646573 358224 785322 828642 897728 103429 531106 745090
309564 724349 650945 848926 10177 823729 405988 940234 380006 198493 410260 748442 203366 638765 74271 97095 905336 288546 237959 372233 203293 561575 578033 366218 436151 363355 194860 850231 983136 242318 595321 809053 966667 246266 657979 493197 69995 63968 433431 966353 778813 360043 231148 498531 515160 305419 595627 420497 110318 833586 309082 829963
911513 887115 196181 347664 766823 907394 197895 749959 149712 309569 559012 632732 555835 733344 125929 142183 313664 75712 624888 608829 435755 856036 107360 467268 677808 219339 887765 788126 52925 713199 618089 964438 116666 330622 828454 399841 238016 542702 666153 387729 852271 225165 20461 924458 474861 662742 66641 788525 738454 691530 913706
690561 63918 21067 674181 741726 240406 78298 529852 809684 791497 664293 290474 424516 994916 118929 824357 232932 177983 490510 137013 546606 232028 673826 471064 706889 336568 54058 11767 591374 261940 441825 798288 325858 462892 472469 67585 219651 550768 113789 29335 858617 778083 836161 283133 289351 471442 107491 522283 649425 114353
659297 196031 346381 333123 183448 569623 186044 237506 97742 777418 499446 539567 92058 341656 2460 564528 925593 738463 631648 39383 284150 490265 333818 120311 773399 623169 108106 397242 145452 757531 511595 321101 469915 857977 170577 169715 943952 356621 407221 41694 650391 423019 581261 742450 281027 100073 823330 206621 838536
971330 246004 639038 461595 96174 759350 751346 719343 383808 664940 381147 141339 176536 702249 127606 550865 389178 297321 494817 262151 220894 52863 912542 160265 634124 171344 957645 734198 511026 164266 89086 482356 926622 728125 943952 22796 3827 211650 258491 387635 876591 639638 45326 569479 858239 689285 636696 763769
502958 647865 25920 240205 700728 938463 400470 851204 626159 874467 585402 137186 38733 190841 619542 481707 918966 79846 504503 439145 291497 279346 826780 684440 918985 388458 770271 293576 77743 406967 57346 580702 54832 83266 820907 271912 538081 737729 123116 164241 612197 224871 301427 167282 415712 920969 648990
851030 816 669845 806527 808665 949192 633307 9457 384529 538117 779728 194457 615861 186695 251803 712915 757879 851422 50174 29791 389503 304255 152907 553744 432804 894130 371523 600087 826194 292493 765429 677224 809661 951626 483751 134678 417170 633410 144135 318051 171528 923863 512509 303741 110558 280664
533008 384789 132086 583182 414580 37942 887437 83839 108038 320242 977970 479562 436681 804164 288407 718462 997741 98068 670088 997844 232746 87259 147607 376881 921662 835487 817096 434171 139228 927654 231188 672236 828795 879626 771770 243375 917568 659207 843566 541959 495801 337888 21521 932482 658405
309928 650944 656146 924348 837385 170342 157094 440996 317949 50327 362658 153436 867423 313182 809016 311429 544370 997604 140224 423996 769374 899951 857917 944934 743517 399876 440735 81406 421397 373218 739811 247677 540514 912309 172025 377899 82651 845471 818895 916953 895798 181554 586741 279573
494736 395758 591002 555458 909714 247578 979454 679089 147529 837371 624023 407398 753599 64758 5156 174996 954328 744967 422673 494843 173628 111050 389094 772632 956521 207990 205937 852319 905896 792678 648244 916984 704788 239246 472442 614503 3176 968248 293592 667057 321972 433967 74456
75571 498725 79612 766920 969406 340932 705945 464249 30912 816996 369695 803544 773517 94037 9481 142189 516285 318512 306785 433269 23300 62384 422063 637803 65560 906664 931395 732618 228636 365362 323426 820559 380440 403038 587479 349846 260322 293425 330447 291235 626773 700142
611131 916642 794180 136965 575183 310465 455477 881969 260087 478777 944353 198502 116581 9913 105166 564328 258883 850154 446043 582309 670714 342835 501700 774545 692681 278374 584322 539480 569609 727447 239622 697093 644090 550154 834058 735625 376972 805887 617594 153411 284664
78299 868265 917597 604565 489784 998278 863448 339938 960673 962110 527004 303508 980162 817902 512541 258536 402224 52021 344498 129672 291643 41591 290114 358150 392001 25739 251474 197888 159686 921237 482552 237985 789502 916502 842550 279286 431132 222351 619225 391805
184461 662581 695313 680975 480483 207854 939511 399060 259875 284009 45084 67870 841952 851550 942372 233953 877289 710198 431841 553327 631435 430746 791313 420938 863600 150215 700224 294732 372566 835801 686537 73379 498383 898202 270706 495218 106056 210218 410630
882283 10579 455714 466505 852532 823616 408878 86485 217258 635428 518327 770585 266864 465425 78250 687802 329025 228466 388026 623757 117384 740180 310294 707116 754915 724848 977822 766485 830904 704392 177116 229539 714972 149182 212396 567504 972799 621274
653989 190057 773055 688668 476994 39919 154093 555245 727721 483118 783711 632099 106875 417447 372279 933521 640915 643546 658369 618738 410032 5625 323130 103500 235164 38102 252682 447561 121958 741833 585187 775948 931890 358242 464616 408885 914513
135062 480482 642234 618180 264193 790686 241408 197992 162965 174929 838908 322864 349651 973998 732896 355276 297128 836396 106793 851583 605430 70706 973541 347264 172245 265841 795506 46840 246810 720743 961353 381872 201225 119940 516404 981770
910626 757812 179763 589943 449094 18671 912807 798745 509021 162055 670373 322501 998451 777166 174084 120234 364224 663978 467498 536470 446171 263004 99662 692981 983748 577367 591205 184973 697307 107610 166744 607933 865422 862859 197877
830868 397882 627036 629613 906903 789092 299987 229404 303895 593505 919841 424129 474082 100171 407979 10552 546342 187336 626566 755676 687436 203933 346881 872409 901241 970843 555505 25526 352618 934716 739755 183486 332598 366792
329452 755853 672236 145791 501610 492483 739296 421451 432965 213378 37974 840944 740282 100668 544632 883200 372696 232068 87134 235930 104478 504727 206773 176335 530253 559391 627404 786361 259230 960002 669505 588682 232208
341741 734473 733818 350576 990121 671621 783541 719852 709595 140838 460134 810263 685470 343335 699312 917539 946821 935242 538369 451548 142015 231056 498153 217759 858460 284514 993341 334815 954019 582023 567023 812112
832848 300841 162689 339321 972462 462582 59173 198409 603420 519308 525024 805243 378995 224336 722782 842168 159578 777503 293716 817946 8559 308221 552057 383372 592736 545398 234539 63107 643773 801562 875220
476621 618755 554261 332294 107569 16843 391468 305978 136616 427128 347354 941859 806123 571691 180993 164643 247621 958496 974711 65567 483407 282932 133976 383131 392020 679374 617670 455128 839499 935584
846700 832472 554339 400961 164767 178260 417804 556235 484238 554420 983363 347945 12631 305838 919636 193624 470481 683609 668472 445192 265529 668232 728124 399505 51363 120145 595232 669034 91625
434731 604618 938325 267204 675310 855638 431971 853570 273442 988206 854161 344215 971569 202106 356846 277407 638094 66823 747888 321703 735295 709432 587232 403527 437556 503090 971243 74053
98322 640277 165678 533053 761247 620355 800257 952909 475993 748580 806480 265788 736786 176993 126355 224707 895451 483201 18466 533545 66376 282706 371600 801672 992138 475185 721551
429695 978275 692794 20100 76597 849423 702131 126002 127023 322486 442612 79932 314832 191192 402764 580620 927979 96109 706975 669038 991560 706528 687505 525105 289257 970211
413058 607281 962350 888243 328832 908397 866518 537979 928497 459467 387402 146980 585469 30777 469467 544433 110710 300651 735626 29826 397623 179957 125936 104598 848995
117496 327478 536500 158954 616735 23064 572012 224016 501766 976607 69201 410163 843125 123532 855012 818944 510934 518345 920765 58064 504164 465199 685126 804815
200825 714952 202438 380782 357240 823388 746129 474737 667218 798982 150043 283954 822046 238407 24322 323812 215014 609875 250327 574491 733407 621691 393435
760694 140036 314200 818758 644200 779399 503884 965367 980224 735188 167805 877358 92429 507545 623488 83518 174764 422470 749913 975070 760868 988320
999392 601032 719686 125620 851359 294177 859027 989402 687612 136073 645791 518164 954831 806343 297564 975067 771711 794140 226608 455868 187851
319037 963414 811339 402555 654530 750161 152468 629600 27381 657140 145344 628413 376826 270964 996124 671003 646344 985526 874967 782417
147669 393131 253601 470365 207047 745020 242076 517540 971628 214296 705391 290665 694062 33082 209572 348592 299595 878392 978192
326976 535532 123537 955389 428710 910853 951513 99713 557197 453391 491032 855967 117413 400516 109568 587778 607563 370940
346206 125103 342569 560502 346846 149586 254565 379928 359159 603157 195875 753903 97702 522851 289436 221239 478240
718146 648444 946105 334212 205642 915849 825244 61609 33262 225760 687529 621040 349676 58469 967246 991131
917390 44100 854330 66977 298665 750610 942488 418175 946486 696391 32229 469337 502179 253468 463930
736678 901912 410035 70890 623906 842236 412486 201867 875498 154599 405748 12890 20627 980570
496488 11758 897960 540589 866088 481289 355606 616699 423777 290133 563185 636521 322362
548874 655052 92182 12804 391730 510447 939192 978972 134353 781428 391459 852573
173279 62410 258321 186169 83037 238891 682658 611147 136852 739599 993588
134493 95205 126639 558271 385339 206176 711144 707701 755050 366196
799884 284207 757927 826683 739751 253251 961036 521179 161062
813609 210810 223472 588283 913332 822861 827174 595990
434009 480378 335589 427597 614872 947146 70588
689495 332485 276764 916991 556539 31814
283187 872775 832373 557466 699458
572124 810718 176846 609656
971780 506808 820466
711605 95091
733798
