55 11
147631 424622 60632 616538 956258 534127 736836 606108 644312 1766 780272 911274 283395 139785 407295 741988 774551 509661 643447 683006 961953 20363 940032 673087 816649 335106 513962 584376 971784 4818 807818 635768 945793 384802 252306 902051 435281 989142 24511 79593 507260 321135 507220 790656 460921 430867 48996 751824 456881 692443 434830 418834 229158 891214 608273
45807 742672 638587 146536 714456 643406 954354 350224 589199 855509 602530 7602 290790 108024 548465 886736 615285 869600 910308 405941 330521 341175 971289 598697 798056 663732 549879 733242 892890 441093 341515 455049 183765 980103 601585 898222 139861 72292 764798 245412 927801 367329 769366 734943 991705 317831 138031 606990 187431 48339 529283 34305 905867 500572
633002 703923 680656 182882 437166 89898 140327 295033 544948 324093 791488 146533 738667 447701 735177 503465 693113 662978 387146 978831 914274 378852 296662 52305 502194 446 616997 547830 551103 522864 564754 700457 743139 245411 883339 696657 335309 540019 991691 880257 864112 299531 543143 119131 747233 278320 622596 956698 457651 526095 935530 888277 421299
748544 940582 923493 748990 73931 987675 816445 113147 552430 516903 856287 797841 916594 552944 649502 456613 60987 46112 320725 360519 105607 956208 624104 383927 95157 97154 357930 621252 549036 246207 42551 297581 703142 482396 562923 777073 470072 379369 890221 22502 412624 746508 336695 329218 815804 502549 785832 876792 548661 622909 237311 654268
579118 377767 554548 674275 474921 912478 295527 540310 675038 854430 354243 378180 853178 917166 671605 839602 812887 561826 378456 225511 824686 715151 71082 156843 217701 856914 33635 282714 479823 787298 936983 575293 681417 7883 249568 156338 436713 61447 213000 111751 432229 567243 489931 285408 762 161537 641362 813649 239715 19819 555513
580754 251322 626595 737597 985375 999861 287584 268090 996036 74882 721425 571330 756299 245660 820898 428989 682373 398698 641990 794125 830927 725585 284056 632687 726347 961945 274050 56349 201661 810221 128214 298767 61543 271161 552716 563271 271022 840300 831361 267058 431534 69138 354740 187833 314798 175639 133174 997171 574337 291516
307648 921616 17102 591705 554304 259801 70002 344706 316150 788015 154927 444364 86782 732822 715525 639498 296093 502899 996150 643806 286310 427684 229296 641050 131869 60446 333041 265044 573970 907378 72912 881618 345347 90014 473323 416003 349816 59678 760709 182318 847693 431988 626683 934476 681162 858560 90326 493608 361460
602829 653766 647770 30513 883063 288820 678735 459861 621862 943779 33831 45592 533043 915450 907291 139410 905125 323294 5578 964803 600355 187896 812497 548695 330931 263325 746210 189492 870003 239818 67304 472832 893584 715074 503346 292999 520246 698433 269213 658460 158564 303044 220405 691607 734846 127696 831017 639972
967343 836595 121127 567698 24492 449976 632746 355423 713301 378956 61267 583305 618774 128571 56137 28710 359997 75835 838062 396596 774268 107275 571408 932832 410319 791813 140792 145166 435862 971809 301490 403205 808405 422617 487255 349249 872594 120001 221024 102247 498957 282292 201904 117731 927215 258042 662794
803565 850229 500856 716513 140850 124483 287921 590034 534802 79735 730826 196320 31949 702636 14162 435154 27393 953132 922409 376642 342078 558763 597666 444325 57720 396310 646230 691804 839878 420624 354598 159795 787205 371806 876308 444407 496289 164229 34442 547443 760316 281620 260116 792265 984256 274278
743771 528001 743762 182533 420995 85840 741296 535014 530166 799016 931324 692748 7172 287554 629724 878122 447349 933281 766280 323657 377689 262569 4239 412131 326365 280907 693751 102833 73173 194360 377111 333296 238713 637226 515829 659709 723066 773477 194723 769584 88846 126047 978684 96018 929954
608408 974141 377303 541690 740421 217313 919379 519343 737904 847862 362060 18811 57965 464893 608336 768677 358356 941633 7391 995582 973814 667100 718649 747292 861823 4585 836138 504222 983270 448508 950528 591678 939001 327832 649720 195775 61497 85451 715118 799401 449665 593530 818212 507631
58423 426549 792660 416779 884534 800051 928714 374700 983503 163715 121992 361678 168300 474482 865901 151570 439343 816429 259601 378344 660613 425673 574119 238462 27477 805589 37863 477142 399119 372428 501125 973894 315329 293786 907026 199863 610189 835740 574563 593693 999455 212908 955371
684107 203742 337624 835678 159437 670406 611631 54134 847371 37304 628253 85834 64781 950195 123697 58276 865666 496125 75753 839561 327806 885891 746587 527669 496081 582327 618585 606126 98134 347845 77849 782241 67939 415474 134271 743729 602232 745902 797863 449603 299559 426116
535437 880692 892663 175487 938968 758330 187964 14722 597891 515771 900613 344478 43440 913046 443157 178377 519172 57643 42574 113374 839884 626866 528848 974156 370595 647432 236410 168458 97035 535969 110926 148825 416662 3590 324312 871982 278272 512276 886704 876163 28047
303670 736993 587840 216716 696502 282569 252241 754145 841496 365615 110381 468362 410815 84537 355309 58247 837300 523767 671634 889621 151045 820459 306283 670987 661123 178266 949259 173400 581322 341774 201447 401344 78767 305639 134413 775269 588209 386654 45766 429705
268621 156148 414419 195788 757037 769728 770387 594337 809847 442021 483959 960892 778833 306594 631880 439956 1212 97491 129708 582535 439266 331156 500231 518033 153147 634644 809655 741356 537650 371773 687413 806271 527921 101832 2059 284959 387912 772446 395648
197759 730820 395959 158652 26005 702554 306884 465961 703766 404375 595670 802653 843641 443178 302885 878027 596325 937529 204034 854034 475180 575807 57799 797803 103729 675984 316215 905040 63896 605013 300688 261656 335833 696648 936660 361838 399202 243544
344152 619320 647919 456174 938326 7913 415704 241211 885940 528381 695092 89974 382415 686624 665781 956567 780 285862 632551 316995 190902 212799 922008 7943 990807 774194 704591 927467 136032 620145 687363 996536 755817 851635 969062 694143 859548
384766 451706 261840 913148 146799 868166 811915 349775 50299 768482 350555 336162 917385 183902 43416 646537 105911 51359 637344 880105 272302 81164 532489 892447 284879 529026 164617 652866 498088 858760 28766 399207 310467 290606 312355 973618
158772 124270 839745 725424 409105 706653 61586 842842 890555 105002 489379 996466 672714 643076 392923 945016 724240 925413 353816 525471 970791 518433 178338 985231 377193 207104 384438 204012 14063 696793 177630 689187 337416 533728 414611
262873 240381 476197 105715 130936 97552 595095 127403 770266 238171 520326 231634 478763 962091 585450 520586 932882 103883 698924 918114 481077 422381 818904 201441 436444 32050 379072 641983 369466 429152 56595 632339 669533 49144
738054 800469 146696 849501 444224 433314 604024 480903 664949 599139 442994 250399 119726 375877 870635 335002 810343 351712 273735 629247 69505 226531 661297 964929 868515 547115 394081 925110 179454 63614 490606 433861 864084
637303 799714 824660 586969 403739 305563 768270 2878 748558 18670 638956 640787 889305 490311 967482 757369 764046 113081 826874 990578 290731 791804 375445 837846 702237 816907 533653 765852 307513 483866 146288 461168
283580 970948 48138 203671 792864 816408 722902 57774 351430 361858 698561 757087 368521 182395 30808 132568 295476 374035 639498 102559 682191 14943 940406 384428 348202 990411 150280 655715 990629 812920 116884
274209 300221 681374 994233 93085 14134 717135 150859 365565 595345 365772 639004 963867 548167 669813 612787 359995 43848 768637 462555 726039 299932 919313 626819 648134 426076 293452 303849 416705 106372
937085 207266 406593 134811 201499 499678 148946 434986 166889 30863 546684 532661 669867 510551 597180 856032 639690 473528 899880 924679 936083 142271 224611 371748 285443 872745 797824 578895 692946
730881 685267 146384 938147 91861 281195 655999 107891 430141 90985 791133 461004 637669 323794 647224 664572 437327 503256 820614 910855 919489 745293 363290 61760 486256 735038 863555 875353
49214 442450 568300 296447 127718 231036 234594 735931 512231 406945 360174 458725 14283 151307 436081 168304 991454 83305 832877 428781 586562 169843 855988 506051 431489 219278 84163
917745 470668 947719 793099 36234 906521 877751 332681 34239 108787 83627 286522 137370 490573 163049 112447 504856 314356 548529 673160 822162 631834 22389 250943 734748 708585
106931 757151 140074 842561 357667 57819 829581 821738 850918 865815 728259 245021 198496 278851 353808 798476 81725 7531 289049 244774 119978 310257 559131 668507 499769
381293 816694 522159 148589 67794 747096 771872 824946 887170 130786 698965 461341 960367 37055 828612 826183 765314 73633 541031 560517 943794 339507 642243 951325
628556 887017 71303 455165 962500 256163 954935 860146 72857 993446 525087 140651 740542 296959 481949 144064 427745 697266 605405 904465 734321 950369 730648
15988 24003 788031 576505 967797 127539 735100 435474 272447 138470 506777 727613 617322 762940 198900 477468 352149 192346 2555 9153 449240 815867
491102 109656 759964 704721 715061 664429 439042 181783 395077 971382 205786 699461 547888 689935 827000 799340 125409 615799 937810 148538 343412
71485 427831 58664 548953 779980 251010 67861 789133 216602 883728 796588 326258 160044 501309 557672 824474 456703 739455 735903 428086
461593 435364 492326 667880 778716 291666 309641 394516 745829 458179 254280 817314 886010 312945 882619 665991 80307 466832 971476
296910 350560 768064 139520 26957 785725 697192 851431 242429 952999 103686 670515 414592 539051 679193 82472 317767 487211
392113 712283 749392 366645 966564 566706 769007 795861 965678 951350 876168 432510 922827 689430 299423 207243 828951
326380 992969 526143 694163 235398 479143 797849 422265 410087 336900 101458 8912 171020 105021 917377 399655
854414 284022 882571 937472 53030 678432 903150 520732 554601 852013 443559 760383 151436 650803 589334
994168 643772 631830 688331 395522 110973 2532 334139 37412 855785 435597 46324 26805 56970
963702 426460 911384 764076 825384 848857 333458 503816 268359 854191 574769 120372 297750
335153 788160 464905 440839 298680 625029 72669 503363 20551 699994 505896 354690
737407 361681 306639 300083 388486 363610 263785 331298 274994 544214 673034
640203 877672 693203 908563 731863 784324 545287 545966 635829 333448
527223 76669 148480 152253 149338 651844 689156 365685 157740
560199 103092 35773 383190 403175 940611 746800 183313
788261 538147 243879 461296 694702 121551 154499
603265 369767 938823 664905 432085 574653
998353 959308 167674 663185 111561
317012 315029 317070 682697
472769 877269 302141
24894 260459
221669
