98 14
304625 551118 827796 1201 240560 742871 993472 184011 874644 867490 808641 361053 150656 373017 110622 492189 241096 125651 866214 87068 729261 584294 604906 924444 572729 764684 319872 21810 70014 917719 119126 890991 985189 463274 892192 742101 206145 402016 442464 80790 269506 251105 441843 420162 624123 552465 428703 381571 194468 811270 468640 440081 911916 589898 880878 484645 870934 200750 22808 457300 634821 141934 348291 136363 605208 240483 878464 327706 642499 320929 408496 912006 88386 366691 848520 712509 435508 793576 610433 146328 121198 595425 586409 33114 185323 467287 34112 572609 668037 56920 29910 819211 715206 378201 955574 320414 135037 350390
648120 293888 187671 572968 722246 792410 456011 570767 21271 407871 880695 631704 554199 518245 227129 140609 67711 412452 607896 101823 501414 792286 675095 47676 127849 390301 425877 599775 227068 77266 466517 391540 371155 170541 480861 93401 962951 453224 180520 984222 861096 61215 615927 931647 95812 843056 72256 163524 771861 196505 265347 789627 505143 456795 837303 149344 847096 779532 265471 74164 856799 731988 982057 744306 902529 462918 837707 381832 916142 18228 366055 293590 595795 498334 225238 691608 857742 813846 855132 145955 526703 636831 451934 548198 93626 289237 697542 457075 585122 963013 47591 441921 211354 29648 186227 630235 492566
540286 12068 925061 74866 894475 218651 187014 392809 443889 878622 766903 257736 250106 429211 300791 403289 881145 848990 13268 170383 546532 470343 755505 25898 517934 713778 237252 63935 416357 867487 556501 472995 879555 997914 547862 290382 216566 734876 199543 176807 129850 966447 950895 896308 395658 251687 815949 276803 100677 829217 963538 163561 815912 235395 189459 333847 949173 426711 397782 881882 810551 470635 354878 206458 984902 902740 496841 717820 153968 696384 894627 283818 662831 361875 696478 574841 613562 512427 367997 230591 857997 331535 394152 673909 83283 99964 7756 32456 526675 921890 430691 853578 908878 785569 60037 410132
204661 556878 127952 358629 769614 22579 158799 948798 384454 371629 523639 514368 884056 407988 744959 742053 255876 655464 415963 339159 755428 940071 887967 798455 378314 318658 652034 803544 620579 228423 213676 825240 785301 341628 700221 71267 880559 375372 20065 265014 747001 60057 295734 631058 468045 557046 889463 240273 212510 821778 579432 967938 278202 983752 766393 172868 302410 934779 976412 922990 163202 190088 264582 464855 48068 964804 536123 928627 340176 72540 709993 603530 132597 5728 750940 116995 562774 640403 357268 291636 978534 453053 259574 256736 436805 542319 945956 255567 993451 922368 694909 156653 628808 475844 137861
676876 440648 673984 121855 297176 262876 831849 900706 395474 353929 651646 28821 916703 808402 902441 208339 303288 355494 984265 76376 308651 42936 22332 80571 36387 944700 775480 709393 89860 251324 847254 766736 208324 37590 888591 21853 300466 236792 922559 695940 590721 90558 241113 23776 415312 143555 748467 718600 15401 249084 794976 840405 292021 333660 920976 844760 278360 212808 70505 368220 464133 917759 651308 188809 955349 56251 210662 255816 809396 649574 468108 400117 740132 225574 940246 671796 885481 688713 390396 417234 937798 701724 257639 746171 35384 694967 107283 830096 907776 177789 714668 888261 95548 882328
77070 567250 938579 287733 339418 747975 937307 323878 664445 193791 549452 604691 381939 434933 809756 288687 852168 263906 990411 626159 10077 542147 321127 633713 372243 228903 811502 603263 633516 423402 485591 710586 990652 940522 514671 330070 204850 968330 653949 869295 162121 719753 990338 60412 154687 800094 349099 523207 64001 339510 149366 590430 398009 986845 224143 286604 732100 35645 889867 365616 975400 891810 76203 966052 832333 590874 812475 37183 559205 982776 906478 237678 702529 413168 298091 373568 213262 163542 896775 793615 503053 562494 900398 417414 65691 124541 704019 797792 676539 110238 163408 651939 2049
755963 134343 350734 863190 946818 387917 938747 929594 810747 692777 148476 223915 507220 522044 953529 670763 935172 747145 690168 14018 163895 107582 79709 288436 327953 877501 481327 954544 557262 133266 956593 313225 783962 307327 692767 730780 211596 631514 176727 22343 324292 325203 246258 831512 847247 716139 502275 298771 979636 192443 312789 143531 816378 392499 948320 144331 786352 429647 98875 343614 79266 571820 173192 863228 395499 865959 594008 607095 13826 287087 145790 854470 612290 908400 202334 975890 624540 704610 274661 604176 413405 103803 264060 746135 496302 212380 890467 282654 642027 505694 142621 237645
593867 315813 100873 989366 698124 211234 112814 228302 498321 774956 82772 110612 683357 285107 602854 824249 506069 393867 944777 435826 497670 208837 181962 510324 421217 72429 309331 579597 94475 451952 817242 688342 284117 918116 194061 498593 645702 823227 726896 144023 598183 809668 770987 281540 94775 890193 105789 117196 284061 566919 553023 781731 775756 734985 808408 713326 323766 117739 292923 418241 569691 626517 622936 853808 60985 333349 352401 706687 156576 595649 367063 271111 405318 138050 552652 16445 28244 174793 133642 312305 741712 203017 610388 33821 938002 418796 747147 261768 536535 556422 196361
622578 699291 335649 992738 760277 185350 861492 983316 341926 457141 350379 613038 378811 4782 682042 395257 33026 373187 45251 861683 631252 248268 988423 665073 702622 923572 928572 480742 976459 1346 677103 599038 700637 529105 591776 460914 714455 969620 960583 572734 426762 310962 702124 805573 315744 384166 717182 865122 273705 278785 243157 421309 527053 231581 86382 746027 155153 531306 226769 131612 532652 420225 247002 233290 949330 355131 210556 180137 324751 171139 752871 751513 998454 454995 73439 830550 355513 790621 695673 145571 585759 455182 566880 112812 686763 653263 858840 358268 700921 601961
6233 233574 22186 253235 466864 971516 608366 193772 151654 449470 364912 420877 200983 879718 875873 790774 710268 747738 97748 922293 893309 683507 377476 460190 312671 64239 629805 687863 938860 330726 289825 945093 564300 312011 714680 547516 799880 839399 741289 951534 288869 622553 888763 6204 502271 280988 796979 212539 28727 894727 651185 922036 94586 28661 898578 407257 609252 528383 95121 548112 375462 384946 9557 456114 696957 240590 3631 13189 79989 261272 481075 885210 883825 369839 891414 902448 650827 204745 631339 679554 615824 282524 117943 710410 311185 532873 117668 436790 61257
212789 984902 953071 114087 510812 409185 327396 751402 929168 340586 347743 706792 821661 232953 106969 191500 640719 9417 358680 845465 640757 554586 977641 439633 672529 688052 267171 205403 322072 703961 783012 51213 205215 736083 165300 716027 661620 9048 467429 107141 349634 815172 813933 687648 564477 920903 395500 205197 930320 754180 50662 87429 308767 544655 527063 497648 232707 310586 703051 554779 14547 2415 605992 219762 254850 287644 935790 916471 296693 919571 23612 646327 734744 353897 333975 299221 274800 729476 20770 721473 8 587784 808902 308775 132440 852317 806424 365147
162903 25827 436279 693802 28243 42271 913565 799445 329916 365707 232268 142961 285278 772232 789288 536374 126130 639616 351948 400930 885444 372718 122403 885452 960503 447658 710580 609295 816327 33356 974442 979231 59183 927073 673033 603778 485697 102950 919576 815613 468657 151844 958574 753936 924077 264214 290310 50207 420182 642258 967489 305626 531329 606245 707431 8184 570255 418011 617479 386582 967719 108273 365813 26902 35347 555199 147033 521044 658149 582961 853009 643159 734805 327935 397095 175234 592149 203757 741793 12332 362368 709283 834310 893697 831880 541741 901881
402135 476104 519360 788717 443823 143985 670883 987078 179332 742434 650463 700376 400583 233424 69737 43742 484581 397672 957189 659816 506174 160947 401609 518506 523315 627244 869168 933364 459124 410910 351597 377611 403366 387309 166329 847190 531294 353564 834268 710627 95998 1083 927355 496581 234507 997093 56676 719088 394765 530217 378904 900939 691164 296866 935797 730831 924110 804966 664195 899587 732228 15792 277198 135594 403101 959879 499136 934396 313443 333404 161375 409441 850839 88730 422375 85346 85823 995403 320787 996941 525620 216043 414232 733137 512909 350030
463968 437020 671348 644516 852959 403576 660308 646509 55522 579762 606389 554659 30510 436184 404415 191885 361978 255255 796967 784353 856953 399143 296108 177740 396084 338080 393784 810316 71217 906693 676698 535186 860065 348046 696054 713024 267974 872714 875886 323497 452476 482275 878156 999338 918459 798923 191223 280437 54178 504543 581142 911132 903686 877250 605224 816122 731683 999008 142790 802900 905702 819489 854438 282119 167535 550492 511496 435510 423207 387382 275359 392035 869657 153515 391374 304468 468790 98949 101258 39321 603492 682400 950453 507178 76003
555677 323300 807686 71038 466091 126938 976740 801932 981377 775211 969467 48221 286707 921329 987780 674089 196688 379816 60098 866555 287542 880919 851698 386491 982177 891019 989984 180929 357824 13514 773284 913501 853167 580970 500891 835610 224261 993983 637542 205638 769195 123361 253859 572254 561043 241640 762696 274083 137808 822794 140639 425350 220065 992337 811841 202242 399708 318177 899524 757532 848044 672808 187385 701211 770131 688277 53173 994392 682260 690715 200030 451455 330428 970241 23710 891471 728233 786406 165555 866041 125552 822546 807743 861970
331235 135937 580564 730943 970466 480088 488475 818510 152897 675860 36073 923028 364137 89246 433772 562750 296313 633802 14205 626742 120395 554267 34565 364981 857025 716472 231022 498930 539018 555118 360900 386605 691055 457816 117548 661521 937905 122375 996384 607154 314588 32457 46534 195077 638056 480306 757827 934369 630460 288385 77463 267207 359004 112029 632188 216030 828501 379563 231312 883872 934681 108564 270477 142088 566380 388026 319961 20637 26753 316345 627791 341341 865155 190677 536419 503211 670983 810598 953932 817795 98983 31396 85003
457988 659777 717191 190370 4630 96754 938034 888502 547787 46598 158980 689875 129330 63358 9837 149968 606463 842534 294111 947805 707689 484789 576 727252 672124 811174 681185 489920 426510 228933 91275 400850 405062 808466 591220 409692 421573 45606 814547 969360 92204 489879 659236 737886 69589 669073 404206 676052 27959 214670 140209 735649 699459 657137 979253 887935 984664 176790 894207 411174 405723 985482 812024 327137 793949 919596 253182 731874 965202 67729 701234 573758 557608 360470 311644 143549 545895 232203 335953 573855 446873 476163
825856 662684 649652 805109 550619 634316 981900 961179 561842 903975 946661 373866 747465 256962 809814 647 988836 775016 68376 690071 865126 142336 566893 693123 802237 629141 925326 138190 719348 888551 614353 545204 67587 264006 866665 618206 414674 364917 95737 976517 785245 42399 350383 532710 299361 676550 533357 288198 967918 118085 978269 833045 776773 61514 42520 579010 690655 484198 717200 410003 372749 331554 471559 440336 111912 338225 574894 526586 219494 670632 503103 4739 713031 369839 53801 528744 562741 587158 816942 530659 221595
311563 880056 998368 373078 922576 577378 63733 406774 810931 990089 779523 658837 461648 736211 770749 316225 827458 813687 535720 498090 833143 56811 727473 202982 110613 772569 765723 214123 589512 812734 435719 417427 692791 950439 790505 615367 44170 370591 538494 855101 360680 318017 513938 338680 570581 801039 654906 398039 614726 190626 412481 964221 763789 656306 683555 874402 428875 965630 604878 534739 778365 556949 952167 471156 507388 259024 602875 67910 145967 141369 439363 22999 975739 953301 361680 62672 270692 532938 460711 401771
239916 389544 365992 3705 562202 49548 394460 507429 15178 999338 42169 309895 72639 510688 781051 96379 286064 900279 164290 948384 558000 603653 971383 533739 73307 849415 596411 343999 382353 573474 745770 622269 479370 628115 142327 41572 677663 536787 549002 209193 52477 107523 519089 125116 134563 816492 221495 420627 233123 385785 369011 791124 505791 856747 324863 579098 706162 437627 439449 88516 527453 701572 227137 523176 329687 369464 564748 523702 422603 630102 732895 475080 253977 768336 600196 388540 101181 338044 809168
334304 723829 694531 125428 745972 551278 966644 325070 257441 404271 280872 862309 448076 982444 605798 971252 312131 491615 52353 835833 914218 198807 85080 905651 452785 369769 22199 841325 470950 360243 166845 805254 600425 377729 930683 346397 929007 897327 187820 702800 817950 468692 81461 266026 451136 203612 237279 279619 695227 805984 631804 125797 4791 233236 31448 457576 603005 570000 815254 73955 930243 498451 395562 47020 876180 842597 393418 321540 739924 97590 540692 74226 566282 622154 856604 533770 825766 610235
813389 37345 416219 445193 679494 421011 678429 227295 394939 797787 797295 726545 871742 243890 224997 783656 290911 617529 626253 200681 939069 882529 298271 479762 956755 380905 618268 813360 914675 960386 423595 244416 514083 356167 689609 193577 777178 884390 420872 688469 682177 218167 415015 70272 462058 640012 370280 269321 773893 996534 470002 712963 879063 284625 709077 352171 181882 843697 681883 612909 320435 621830 857325 834518 977997 63286 28095 755175 947676 965320 443645 146206 183487 375012 732830 161897 531376
103110 947570 305269 99644 933924 534584 495060 218549 760013 363583 916783 603710 45466 529692 440497 667296 387017 275015 161646 450303 819463 916821 914332 784783 876818 60538 484622 768182 309720 646520 299558 412830 110442 604828 28827 44367 139412 40239 779268 899426 403822 696052 19488 965640 225744 459986 149288 612762 251353 310934 579417 70816 744108 493749 855599 137278 70639 340222 905461 380359 503094 205019 309542 613536 809847 338369 657903 465612 378608 437172 365038 298782 649576 900878 264422 875320
877216 413710 488082 128570 724645 67500 199386 468753 77601 571338 606031 148241 427912 27844 44952 447358 232864 354494 577246 42711 209215 751502 24675 587823 705026 906065 886605 354602 806944 667379 229922 684160 81090 718005 329082 322087 301857 528469 307192 379458 616159 913223 44051 44071 941068 89004 7781 690284 443498 585027 249347 652714 336529 274023 756889 41555 180088 159847 396157 987032 827226 626080 187545 424668 860437 516627 746755 678646 561448 53947 574456 693959 483523 618508 254382
940943 707512 262163 631227 667362 847191 880574 836428 700072 670949 593318 741628 851038 753165 654137 354422 96743 796569 58319 521412 657006 91299 784519 852004 169099 838467 426461 863059 838342 44969 633793 779285 268833 895957 926864 936195 259500 323790 772624 475924 994740 882294 217552 362130 151811 388042 716552 248554 184611 291224 286318 357970 382523 70838 209974 551622 909305 152787 931033 263999 197756 564827 43284 982941 977136 486500 919137 752988 326642 208113 228912 837734 90407 962817
199864 758570 350859 432769 7124 535470 240345 293443 409792 622868 364281 619767 690842 789938 772554 138228 53937 486663 703055 613573 985956 196543 100073 421445 949531 943067 629558 178443 780802 236317 657612 497018 994887 8471 446139 518364 60294 686484 811807 470086 825704 692440 606205 516547 482378 378760 654775 52667 381775 874182 666240 884083 70725 282665 305529 536608 225732 935087 231403 522886 687757 889016 19905 198996 413839 982396 717360 474133 668881 45519 944220 494585 737959
550425 527484 736689 445537 182259 789356 343664 572793 971948 227748 159870 254613 533277 696478 996698 984716 444234 519584 188825 333250 55841 387822 263441 38238 621534 737575 223471 183406 198147 718056 437717 748572 245541 174407 710462 944152 480115 570478 516946 968416 798226 676816 739381 847855 889647 736079 832572 850233 772016 537749 699835 344209 441923 963276 382447 63458 700851 122270 246864 898998 840327 684581 163923 85868 375340 390737 546372 371808 961215 63318 340224 759442
256487 79605 123649 662486 332037 472573 512719 104053 10323 212554 448262 452246 175830 347062 32056 393034 469332 278920 808384 826011 963502 972307 428231 855194 879396 974604 227002 840612 554274 567226 116406 810761 163184 240055 989599 495221 712629 502318 599274 239304 714872 563888 691550 407055 427302 723607 800089 412987 518879 608473 238998 998733 97133 667230 853928 976529 641834 597282 333493 712460 164509 449899 523222 327693 206307 29173 822914 918936 531492 938540 674592
762716 18780 882494 686123 446083 122453 486212 859070 641333 611038 614420 640066 224523 281650 10346 717404 439836 607629 567250 152297 288490 17149 191871 132535 223456 221044 471801 658744 268888 410341 849688 31605 945473 732183 717728 391556 854636 720293 766978 495969 847683 381399 652388 588558 179401 179086 822314 135590 303067 389564 804239 591557 406714 996110 240444 146522 733506 712245 321619 518747 638938 171307 66704 584412 903490 784432 492320 758127 21077 775651
770448 385112 673402 939188 973670 852803 634627 312337 504745 937694 701901 308984 45604 108615 821446 802400 771490 554953 514646 93109 73700 669936 780768 140404 770700 684259 441188 779373 958738 978618 555024 245538 880082 228426 701079 370105 597581 335706 682442 102327 789752 384343 411311 351708 9311 232758 670461 780801 304063 185107 390262 894115 371395 171030 550871 142096 371641 508411 921469 330379 487029 476493 92270 883464 221271 793349 253569 818852 645407
936011 437531 951511 320354 848843 819572 846017 597953 490033 143170 418368 191492 533432 312483 562887 220815 863354 704983 592456 888117 142804 439188 891499 135649 531458 774963 356920 841159 28532 692125 486566 480895 646008 954429 801249 11203 774001 163619 609156 780386 306789 27524 971878 840222 856359 534766 577389 236065 756101 169845 124183 415258 609033 15682 550907 656843 790645 424180 498002 819177 632657 500920 300072 278665 971702 617673 289869 745703
297644 415377 42442 604434 959254 14320 961008 815613 65438 538397 51679 337892 708242 175862 753150 833628 191544 304057 6823 498541 244589 504826 834070 877246 522098 650494 155912 493800 268167 962133 755856 565812 377510 798298 686598 336764 328970 647606 668730 394409 186003 720409 732301 410597 412623 1803 244225 604167 305860 251049 102708 550450 272227 453130 944048 310677 103624 616312 804478 888143 578445 76686 970307 472308 391336 656905 325424
720306 304511 994154 631067 6866 714563 879720 417464 643538 881523 178041 247705 187384 429090 866765 254186 217669 319895 198234 528347 939871 330899 849177 828015 909344 925863 798322 381652 317199 455228 223429 553857 276091 217583 184925 282958 448499 64645 700422 92037 946169 878463 856095 649905 823906 239212 904091 41575 75460 618677 86274 15331 949576 935451 843346 375273 377666 641669 273277 211217 96897 496706 765075 889340 714290 950000
172298 679141 530997 872720 771178 477166 267536 143625 643423 91442 382838 63866 649369 458298 198896 735644 473629 148472 187447 833328 40097 565114 474997 313375 776331 88246 326433 57758 977586 40723 7758 149885 719864 55108 538957 7395 48626 806493 151020 692050 897935 533858 755916 63657 508508 954812 799301 498490 619637 503100 331818 659734 584566 806815 489461 877250 411413 815895 935008 905351 372970 459119 55236 609187 514227
110546 132934 562853 917039 283954 771255 331327 334165 527172 394984 359025 998336 710637 857515 617973 213737 189333 794060 314656 512500 799873 191906 440265 615768 126914 345617 505091 102385 917205 114278 616612 27751 763564 695818 944791 47518 467073 792470 898035 510597 187454 257061 508934 898091 630928 643259 628180 336614 437319 942836 849114 753545 651094 289380 369313 294361 151349 390756 396746 68554 21386 13359 612658 784950
225529 73801 348821 208954 866271 763208 719552 53725 20269 744838 468168 167550 388097 612700 504164 341769 71889 869630 95314 722983 675362 980979 17344 826711 888088 414091 411618 909474 943802 24276 210777 685683 98077 559598 894637 964348 322806 130541 534425 859428 875379 518945 26978 779829 647997 47494 637950 719886 917124 249616 959222 592487 746947 492918 935550 635035 423361 347168 60862 883515 371444 271639 569198
469521 831237 463836 950221 670395 110729 998 529823 986109 519943 73153 282290 167941 636999 920240 404179 554124 686208 879753 662963 433155 372672 598513 584543 312385 945682 645405 195901 833478 917044 765099 819352 264633 745287 769573 935028 856017 770572 981204 358478 806867 570709 640768 491160 207709 77360 895340 278185 763568 291445 941148 713075 664117 539661 297618 976503 1695 943023 688756 835174 376419 453855
654526 157404 715495 940451 608785 87864 711023 106341 446342 34243 677050 603462 525403 401111 680822 937095 679296 960742 228541 620444 673817 409010 676458 487788 385513 678153 947163 590621 29679 323583 560829 200557 997339 276324 141009 606124 364188 368384 712465 326882 402627 905868 930344 444383 306979 127518 381478 986276 88260 126371 123072 278429 535382 799530 766217 437247 994036 713381 27869 540067 553316
588698 740625 550655 865022 397986 156780 745562 766370 385597 588796 168998 291465 519140 129733 598445 646658 511211 584721 251270 637583 224145 529699 689317 540028 295917 126564 534064 525650 154433 590483 78966 743131 331108 629621 124505 729094 786401 386419 11817 171999 975215 697167 979816 494355 826900 578261 657365 338111 679334 424987 492046 903480 954687 181363 443508 766956 824280 493924 292606 978713
84407 371572 238197 931868 1193 362702 177314 303947 749122 189131 992298 240689 886298 972114 251397 713198 66728 908762 567662 746062 850102 576060 165894 321141 757424 609402 88097 581704 619678 897055 76769 704086 784979 314966 152306 302524 677669 329620 606471 943143 518752 115121 183832 921402 603588 435229 634601 186668 860344 718615 932730 226798 294675 98625 547939 568451 224379 152388 666507
844058 49443 743277 64496 834422 58243 216802 136946 252264 546422 259770 711759 581526 891243 411944 502929 11183 363525 653882 197851 223869 372497 130582 450667 667172 745559 514958 235624 486290 667346 902131 846700 716789 161760 911196 67563 736356 644350 720862 988620 707125 496984 216732 805003 388227 628676 307932 915763 992201 478166 113614 732423 850663 760548 699442 34188 22459 214401
786164 25102 881747 204647 871802 114889 366408 299351 698804 102764 943701 419666 607736 167178 433002 824468 972182 337582 453144 796466 253345 961698 274633 366959 694121 641648 643860 393563 192188 666319 607964 494704 691421 6064 699352 79576 637305 582112 378927 336109 201228 838980 272128 808964 522511 705130 149785 494693 42712 119281 807511 296057 80979 598496 179369 775100 756497
823229 685016 948685 5900 809332 443390 213674 331748 659094 293250 969053 241206 188529 305163 442434 543861 577291 767750 66372 282421 917535 77417 325134 36817 884929 137543 117796 999777 316912 409249 756274 656493 610617 704960 662394 419949 664702 392420 268050 840148 202022 237103 597706 906903 542266 40140 450764 635909 324242 33489 434683 758130 627258 276169 794947 28539
413712 429095 28317 730625 354696 784591 903470 965313 5903 565864 901615 670605 474636 169665 510753 676658 923120 624811 583561 981739 181303 550678 617648 505546 584167 52331 263676 211425 844852 574975 756317 258565 4070 784634 505542 875119 569225 409012 356784 575129 491229 774751 762086 965865 460768 789192 158876 383889 414003 742437 365628 595307 293115 983276 617205
393634 551960 880881 121412 913164 455856 877729 171729 976278 662363 193623 367749 747940 602636 724534 839421 610217 499285 601508 92434 960054 907052 251310 343943 837407 993748 225923 432714 803215 725551 566271 196850 793863 447152 318262 707028 419360 712343 395109 911991 891058 588733 279740 638998 191369 520626 478420 317938 19912 596280 410372 496318 503332 661683
356613 340739 655431 582536 289806 974998 824439 856077 171848 618303 819582 6462 325331 755294 235157 720440 667285 126215 825525 463378 765214 533246 984004 759986 851184 520268 356266 261557 532938 375950 923240 405903 233041 95023 988439 39199 586373 329231 411629 274574 947534 231211 281036 789217 502857 32546 26009 686495 158761 851535 666225 440327 384781
650229 200313 752318 686850 556579 13875 736140 448881 453467 142044 681923 64842 646835 721122 651215 976066 132751 925789 439952 880314 723178 229169 899524 755724 771531 586019 430837 139418 252244 871165 524199 418825 71478 276517 622027 144410 806744 358168 593291 776563 500212 791566 357757 147047 512689 8973 639466 161792 451114 79418 558459 690644
308588 457983 962720 596471 560354 393558 735889 812598 264723 776440 747775 852553 569310 369803 513315 376054 244323 106607 668970 260887 898173 26727 924286 927214 552052 563752 605359 3167 643171 163818 210163 468111 621801 172884 64582 698507 566442 800471 511105 347517 576911 775232 716422 146221 661387 229738 38628 905710 336345 707598 682949
750870 250677 607236 678085 802730 170988 799796 805897 814159 963614 532412 282270 101767 705296 863204 800274 788090 180027 827731 135607 273291 119315 852030 935864 780703 81768 974492 202765 934465 198442 885715 201687 449120 492951 396124 251850 663939 195920 574099 994451 159534 622863 793073 777653 328160 656278 577927 116250 352657 922010
768210 625948 41326 136592 561813 822029 734712 52657 541146 669177 767452 426861 870864 732924 919812 266989 501126 100104 979261 591577 94555 138796 214440 403980 916449 542600 576610 10729 175203 929268 449091 943413 555216 490417 596357 633381 828798 331069 202391 369945 516598 969843 796806 903814 702767 232971 170803 720245 849427
666417 311822 943982 805213 526262 864314 238014 68863 440925 765095 760418 370193 214187 220183 441761 220956 816540 75143 49755 147609 793886 936052 664207 280081 249210 568021 499200 482181 255177 219445 847960 921594 531267 791942 243159 57529 172609 997525 642744 613534 762621 403162 983727 493160 623345 425488 714116 439885
16983 280223 103846 810869 216275 768053 607302 981838 852427 106502 464019 107604 325947 828332 545550 857214 136626 788709 914744 309235 786234 73840 922769 65207 477003 906496 558367 616700 848337 788836 572938 865320 69059 676784 192542 801687 444838 799844 783525 813617 906347 763896 921221 748646 592228 466771 605861
728855 771832 36957 38090 74418 110797 960860 139626 104152 383708 214345 720853 232045 3181 293791 613718 72241 970575 806260 390280 931765 122456 173805 745382 545155 454053 182955 293802 46282 166078 416015 291489 937910 452972 329579 528681 563769 806791 668307 667922 190500 882652 905127 422545 885834 198918
36263 474427 685845 358875 381059 617611 997684 554864 879345 59191 8917 62301 352993 571551 744731 769008 863040 682642 738332 708972 211323 818454 515763 395982 486376 222615 794986 907855 645161 680820 106773 197776 671599 308970 73004 52658 926581 587040 123874 322279 646231 649144 384580 999225 737047
129311 284585 600088 328305 539270 825412 55980 357724 341175 968314 360452 563791 763301 268307 725304 960473 891432 439432 632073 200402 28788 201083 643336 615828 841310 965615 262060 6806 866547 777637 743853 995858 578574 860293 840516 117844 685705 412848 475568 543233 381163 352372 623376 144464
620679 348680 104937 512111 304464 253362 228866 333253 970798 872202 465433 328460 837817 727493 335266 704364 21482 595471 216574 600057 972117 573442 234253 174174 986291 226174 717407 883806 578546 340783 28270 199226 205815 649559 227689 26632 419274 456555 359885 906424 328757 825318 234884
682926 69164 86502 387290 90646 198325 120217 207055 170442 693659 441309 860969 679950 667483 578376 563756 762381 435512 108378 477959 157679 274290 705649 184311 209916 678556 60548 116340 523666 402219 867576 206592 471383 470430 110235 78381 668755 230452 801789 355550 924111 243098
216519 120414 426933 311247 200522 705666 263111 308901 183626 420791 99543 405627 121454 309459 600535 182003 425799 124201 100574 809727 847146 571957 280157 957381 166690 948912 187833 968479 820814 628296 727929 553685 748710 671214 864933 949233 376881 644396 774486 560507 581539
390381 482486 702994 699840 83021 401349 641991 207223 501923 451718 570721 590232 248227 528102 273274 197139 232287 241754 534306 376935 486035 87991 125646 157250 469276 591231 534131 113673 882069 610990 695212 788802 93476 914558 488642 692849 315907 646985 900072 334182
615055 987145 924414 863282 515247 197689 576773 263886 955795 111079 640822 441830 715423 282820 599080 184699 390403 649563 814724 788824 776905 26289 577626 870381 940847 66268 79583 773107 229605 979655 107289 844660 483153 548056 707942 998400 262097 284715 778639
217892 395795 935813 176074 111218 218633 291507 812269 125388 941070 143346 914212 717976 169635 491838 104709 110482 74458 184292 399941 304063 680300 507231 665075 163453 571639 373017 678205 833736 657732 973196 51628 569879 909009 744054 197449 127642 35561
526071 769382 492984 669417 683594 727312 839052 691784 348373 465886 766242 532666 865828 586657 729318 889411 768084 409123 461050 141101 603680 294786 315186 93229 862766 401417 2238 606820 115219 646233 158734 641290 415615 651718 827059 99210 379030
182463 307346 727403 648349 589941 776421 30529 692950 22091 919940 461035 947566 897342 602136 67599 192128 433674 160828 571246 835092 163066 694419 466663 809299 853153 107953 741267 504871 451364 356829 400253 633827 664175 644008 282176 254116
936782 829058 947067 958873 748998 408102 422792 646341 526590 490391 354821 476617 651219 926068 311709 330637 620487 294724 656289 989992 919029 397556 494863 370393 270737 411468 4220 934912 55476 802748 705381 508610 631806 168800 467484
897157 576902 406628 59850 619844 897019 931023 96461 64590 857091 924522 911579 993930 219246 567868 983922 138275 481776 995137 25020 752513 922957 29240 203778 978434 348341 909159 3396 496499 77959 470880 393656 171213 393860
969858 307409 290879 900882 403871 871821 274325 328393 299753 268256 63992 383973 768530 718619 865750 763668 743640 134615 686625 772880 854745 181411 637573 280256 184808 134073 874567 172040 527729 562132 565901 497588 869542
373132 914822 273413 761306 189147 118158 61059 457403 182150 445032 225934 417122 827134 505954 160762 478102 708931 933642 332847 890343 87568 613104 591503 221641 4023 763543 749370 566156 329444 763310 435698 218929
194484 225463 980235 383632 859973 41294 357387 558476 486326 99673 975598 313461 605627 136360 791563 314559 586354 640762 721254 673922 770218 312757 895563 774242 76300 161286 856750 922097 440948 292448 657378
635433 34263 637613 535417 894236 678907 892804 969064 681585 992478 944662 511398 114457 81022 819313 945368 183729 460076 666622 857651 746646 495731 269567 520888 572032 947205 377638 10481 388153 186438
667859 539938 737053 305472 75355 147642 500731 484512 116706 698668 993342 61369 726419 624151 658743 545732 569520 358824 522160 752494 216476 268807 248226 2395 306047 336610 949600 200038 863443
854105 902828 531302 394044 639882 353126 985751 303876 370209 986615 420582 585229 496309 998303 311648 120461 173399 857381 206333 532223 379541 958827 265051 164700 723405 267446 470748 60015
733398 187138 923458 587504 89966 971112 497900 246200 840590 3 550076 727151 986619 487011 312381 999280 485314 624029 119741 175065 481410 326074 707289 377304 801254 972340 58356
41011 756139 529104 617379 489537 232594 57189 77041 838913 28302 91293 85113 385244 91297 151542 112396 594268 638553 424777 593548 640219 48806 713290 815285 530217 555716
522574 423873 873322 11266 482229 914334 767405 527686 531713 256943 760280 588902 850336 599193 133556 941630 200659 518801 32927 352201 147549 627195 990754 572326 737095
147325 621132 450385 962610 667701 522454 1536 607926 912128 12803 90156 826462 296560 134194 874527 553503 410826 979782 920192 526372 113338 861822 727031 148491
411101 79232 296040 38296 586338 384718 775391 733663 522203 742129 212626 706256 780935 214162 314183 693063 743317 920691 35878 39878 54885 910405 109733
465711 890187 546277 992083 519878 408099 235466 668369 819200 831050 480762 373848 417388 865480 665592 667404 387683 924073 396382 93940 705008 610544
408123 914423 870214 845166 950301 426444 900051 860707 52529 882114 267246 598807 390550 787124 6906 626016 455494 342459 457067 452608 232659
390807 318088 898251 574563 222124 338676 970945 316064 43684 97842 240539 474460 968056 85705 424761 910852 502108 285468 963381 900574
69067 562188 291124 856191 85447 433493 311685 427906 890560 764293 660565 797719 598734 75169 372283 820858 413845 343228 136922
973882 441070 893813 448342 925478 495870 873103 836330 997978 674924 316064 898552 743991 878252 706029 116534 480051 139522
944572 424309 546434 225217 601227 344153 823951 676396 716436 644809 606593 576017 298083 580475 17087 708248 545169
458918 204118 934625 295248 718448 125901 127664 617001 386244 5917 839382 502778 485968 978904 447350 426630
41690 672568 27857 385843 496519 220605 618632 657681 827198 194649 472116 924026 728088 180365 469195
187006 900835 920172 998607 619284 46073 126271 752637 432317 648540 592019 935096 650861 87275
898798 77491 128965 571366 621700 31160 584238 842305 649792 758271 669503 360793 230387
109881 88882 927104 579077 792240 827940 499249 307199 447224 61675 949823 199861
493992 598363 308232 945440 765576 395507 844239 843067 524472 931957 464767
71984 516195 823424 721777 274466 492928 598922 21206 602809 687804
948310 698238 996397 776250 713840 303596 739826 775515 253419
939687 785859 368135 247919 247652 133711 159778 608243
493131 684250 540200 474250 272587 572748 297675
994364 363566 306955 109638 901124 909764
797443 849435 124355 310192 142037
354547 613788 881864 646414
383560 337903 948625
751695 585823
196277
