59 17
858324 810270 58818 529880 601182 410494 395210 516716 299873 341328 125619 462642 978709 83630 270526 272126 339961 584266 287247 590157 481242 281074 273113 540066 956105 712179 604040 307936 442315 812649 25380 816991 139271 600550 346871 256805 11044 258433 773522 310917 599762 415493 289912 94823 15475 560438 883301 355436 144704 686901 945593 142298 967975 218707 198716 924080 930886 319109 748368
889553 648110 290101 706545 787381 407003 53416 44187 418048 311850 334061 245317 427964 749554 51581 522787 765029 128371 922441 120465 789427 609342 582410 448078 577317 801117 163146 17749 248356 482255 766118 137909 130365 572571 844454 434099 979574 897871 478286 913974 726073 328699 675644 154037 78253 243577 193176 843282 371949 115617 480099 161376 241311 62509 609454 818628 379979 772601
836378 628335 771208 118848 766244 901574 207771 127051 335673 187345 24922 330311 617672 267347 659010 293316 421384 253615 536893 614560 96897 425194 246530 93348 102923 487841 155857 712377 822822 535836 1330 659200 680523 288891 294400 446768 706817 18523 90171 42490 205868 115093 889153 339892 382440 64515 149560 320176 318130 202806 451088 931379 628000 697618 24727 730923 185460
696936 959653 8282 749125 477335 183834 946000 766226 994586 909120 473043 13109 999291 31885 735329 114384 437390 591574 13176 501905 741134 849704 336387 943940 300793 267766 571941 998411 808845 302864 700223 22134 778869 224857 287611 256205 925043 233611 538783 435981 142732 528179 965442 142023 560064 217124 772760 513807 808698 302288 532064 549832 151993 868452 493773 969138
652570 582066 967549 977768 401282 184125 516254 180152 925334 803865 952709 366730 553828 491492 802711 696560 19671 284506 354936 96088 501630 644048 609895 310328 946336 141959 376512 614681 526763 386637 583819 695686 968703 67721 673454 369986 251846 189708 550138 693532 509925 502847 60262 63753 510691 379326 276666 46715 663832 147954 142803 681814 792002 269050 992142
254690 927361 885006 869372 454125 271644 969543 149811 240347 37264 823265 610333 805462 529325 676823 498995 555602 696022 75609 135707 206714 454935 412373 769781 118767 76679 912584 800581 868681 181634 309075 639724 108995 710434 509096 79472 982078 994991 229283 738777 32256 568900 865463 354070 614577 542286 853065 170179 754661 445027 305887 477727 899962 234612
247508 535082 311292 676444 335663 696325 858078 161091 336049 483425 871525 361497 562898 369955 872841 308533 108732 905097 393786 490547 259167 8363 549186 628585 694895 303847 73612 782 297926 489926 751746 545434 25008 579390 221878 877024 275716 596308 38115 128117 79733 425992 5967 158983 312299 878808 467517 937383 300257 377655 427931 75776 386018
977117 704361 80913 797316 294325 598047 95242 784252 866146 157028 325612 445536 378906 202636 237604 975214 757103 882074 571299 699447 888041 246635 528098 766849 230504 465482 583458 608159 409765 659234 994177 903234 879948 591443 216902 690625 189490 312144 474877 571988 469172 316842 17525 364430 519478 255129 855996 276582 137203 943647 492381 541596
190282 20480 824797 420786 2314 408255 28945 412079 67490 539475 831665 463790 130918 48567 154415 836760 877063 145645 408749 862587 462487 426274 227017 981965 197755 599365 774899 851311 543012 783633 909259 733295 804113 734057 154081 806427 658664 699379 734858 242506 238854 566523 706296 369772 131442 860712 206532 8505 6357 131633 871092
985196 74259 614461 483513 272015 213826 774765 639678 756838 558398 548937 490133 878863 799346 160567 685290 458011 859946 936500 700517 615152 19375 406814 984924 150817 783878 707808 159322 790235 355794 546766 291783 430053 161227 775296 218420 375053 550061 858098 131891 624811 923388 138377 503674 722734 298944 705316 697097 675242 641816
397615 290394 661191 804429 791670 812008 104659 15830 487682 411246 371624 34448 703029 801678 195675 478325 20098 570728 544739 394549 218972 169550 834289 357349 189577 73375 172645 894893 770473 847887 536710 684440 654633 714253 488869 446303 42614 109880 462133 530296 521126 350110 81097 224155 151788 793124 218832 688238 880205
763571 599139 99177 449474 949780 972878 639051 23156 145523 50296 309981 509762 103358 994421 680747 817612 999642 127050 376578 109522 105535 423226 630648 455645 504323 854803 123785 297448 73635 328376 694005 353559 927515 793182 319385 393648 282412 474788 416804 944287 525084 243137 454049 628443 237558 134796 962407 237200
778198 338985 863074 400085 278563 493722 855731 782887 864877 495868 596687 454864 824244 290692 324775 268112 600226 644160 661760 882638 118948 594916 826925 160385 354405 797326 788828 591963 448474 267587 345515 226672 122924 724941 143109 401487 218663 998840 700726 599892 11061 297413 54756 835305 104457 379532 619769
221035 540044 797881 103673 175345 392797 446950 335730 263554 760628 124558 855517 725454 908497 717384 468478 31421 442325 611588 432908 177340 610428 133635 293584 621489 947400 348341 973147 568210 244225 592916 789245 300621 390798 409271 475966 299947 372573 811696 563502 133202 452606 935371 858656 361103 169108
327135 908876 611433 938723 858137 305126 65503 508124 598710 203345 455524 463403 692844 540086 223980 285760 329332 524602 192910 738603 568 9210 627528 812265 89064 760730 781223 24435 135739 142327 193543 979226 567555 321329 434301 425692 142807 16156 933816 741517 735853 905693 204921 428697 445779
428901 230810 291463 469855 940072 546418 470424 949282 173947 799041 38346 451029 580264 579134 586768 238943 289029 82346 806499 126710 516647 748543 269517 49156 682360 527387 785009 104405 732308 213707 550184 677561 960869 358000 147417 900941 904418 134193 850224 78365 933234 404922 529395 29850
500408 632515 268794 789438 714862 591645 432500 747861 340188 702018 797017 538900 229405 98379 643305 478065 312086 709842 671978 272955 67842 335747 173896 972260 469940 540472 50626 919526 461747 580021 949377 962155 728888 734523 267945 443750 326168 216798 191612 666356 918816 504981 205257
664573 603360 364914 658990 431798 74756 330968 221105 142598 666716 911354 114859 653008 451826 681837 572535 429925 778210 521912 908433 507098 256435 692730 950849 98955 909528 658813 281663 344696 680146 3272 9269 283507 368187 668259 715305 442943 515580 936411 585542 182296 364117
216753 835304 815943 898590 924191 762221 676800 446103 670654 183898 218890 879736 651099 317845 789265 826264 115861 133961 506411 119133 659583 789918 487320 844194 21575 930264 359774 474338 32158 58422 838455 248911 410079 170751 663853 334270 932972 857005 296726 119978 40903
31968 999714 208355 866166 305331 34619 982027 955645 541030 101160 615228 847300 588481 975774 868876 35097 851901 859566 583607 426675 214374 348870 836754 385125 529075 687377 834449 386080 984103 954427 426983 16071 470493 151690 882237 775825 186310 864264 731470 727340
481777 863050 90993 586610 838824 959869 138059 207077 335787 721666 633753 550161 586888 986859 935286 115963 674236 286087 502043 174691 240514 445378 190763 227360 597069 589352 3185 783379 969969 251007 27071 451746 114057 118064 554708 469233 594285 692767 676311
930073 414433 826416 480234 517673 813275 931873 633636 3864 217960 135679 178555 974827 581057 885670 202187 178126 475023 721724 477857 961344 972731 504929 413090 603140 139345 484150 72373 733631 176917 265036 663704 591350 91452 660290 109023 904728 592163
259011 424944 326476 394690 603499 301303 492099 489170 19842 186578 480545 257918 664435 441889 230649 685716 371331 833789 825062 855481 906162 558693 32398 171199 738749 140100 779003 399039 765475 200083 507555 24486 625027 834031 935528 228527 651686
427627 717697 187880 614205 714594 445798 278641 156483 676447 964357 527814 26588 305771 899647 449102 864464 932045 136653 603213 588497 915657 2253 353972 115740 26160 894810 740768 860191 830338 485647 28229 774317 719696 216109 904875 434290
661907 699868 107125 854706 180577 151291 881294 486349 50938 330396 350813 499335 983402 470379 87832 899059 988984 958156 531151 15144 852966 788271 391687 199656 273918 419916 490325 509966 152377 395200 460608 330636 95068 567733 185342
275646 719024 582988 761995 769962 429736 112808 785649 413138 99539 873481 312197 88523 347989 359701 103667 200955 147972 495354 916963 938243 431622 407289 448209 583999 802489 908818 914635 897558 992903 616329 173204 711928 199317
451551 998242 629054 80711 783892 42192 180251 173725 870742 268774 521715 230443 372442 239022 378415 384148 155986 833010 815771 79627 281220 916122 882116 706390 830758 296026 699293 447087 985582 411221 162757 437133 925816
791811 34197 709708 834003 214448 883433 221097 483222 921500 451540 372016 160523 346308 756165 316509 179318 88288 912488 976890 4410 794604 199632 351520 606983 898926 314960 592565 826499 477717 546051 752315 785880
580248 978375 136235 311048 378161 357333 794270 299661 325225 682639 460184 671533 955156 293045 367204 43444 205533 860446 564206 516490 60079 915727 123473 475357 747039 232390 301856 224756 778441 570524 526988
875041 65251 663223 186089 443412 20556 496712 259426 345782 179351 719610 533667 134507 529008 417223 694303 250893 277670 258509 767383 854101 690588 407208 329458 437627 639599 147666 178735 934392 718190
705723 325786 783442 368947 511875 743206 905855 524939 2632 251637 704290 238595 301657 355149 283955 718880 49452 534848 512902 824314 818584 367003 514902 225792 696461 468882 381743 844128 647617
316136 78670 869693 158274 378464 754992 186501 121671 660847 711441 640655 428837 932083 879250 730494 287233 679557 965726 853037 214406 478629 677351 549342 845632 708606 775134 58446 177488
673230 902574 825105 505718 981244 211150 663992 359709 966142 850493 997732 626990 561934 638387 572179 10370 33990 819025 813955 713547 784751 666992 444305 263380 860696 993647 625365
569302 285134 683811 746790 958364 586385 88247 980434 83981 299398 644426 443690 265540 11271 957774 408882 89558 596162 981061 99928 630152 800086 913883 860051 584838 97227
304357 364570 957923 814356 506287 43577 615842 190098 790367 90558 292835 878615 70992 893169 178013 715418 853211 959905 243042 810986 368788 332600 407148 349849 432528
553652 149936 862763 413703 251126 959990 234412 132048 434266 565121 638336 477843 180963 344786 784563 271522 153974 663178 342514 47143 357543 574285 900354 317448
817327 711340 686236 666279 634840 552438 98807 188492 218726 961570 118548 469852 437912 352960 118252 872178 434433 756588 866374 615397 101375 650937 403271
255349 830467 262137 818844 188010 352774 719198 21810 170101 946891 224399 352732 98083 776837 451539 286576 995563 929461 921476 981767 883726 790788
100019 755904 225222 372960 138630 840619 990687 789567 243890 246036 620034 22379 581232 324396 375154 300430 346207 61607 763673 570606 414340
861757 863795 865879 664685 375710 311693 586161 873829 195419 376949 490200 467675 602171 863160 606306 959142 853847 912225 719384 616235
48612 741764 197467 373008 116918 14250 235567 178525 294275 806173 592865 156032 186320 975097 337069 562030 803142 923230 435859
998561 300180 926060 982588 418703 305572 105246 377846 675772 17472 613582 808359 582436 355346 522179 955444 472264 536429
191012 167142 347056 513537 276359 503089 216210 767808 840158 778240 570950 279741 730452 85863 96273 172864 584804
514976 994788 690050 409174 670560 223874 22757 478920 806310 894455 1099 278107 883072 53880 469119 50214
917288 499008 842925 420377 715218 610734 776888 9811 698036 572981 740263 300252 669254 429479 885056
700582 424267 91458 626109 94828 315333 165218 90100 121643 59673 607551 399750 942745 177783
385221 509311 95071 400582 352237 31801 632152 479323 325041 641963 693711 898022 898578
510315 83628 328057 395371 784210 752325 3182 926671 363505 318515 91889 969957
956510 667915 577508 872613 610660 755291 774186 636324 366714 174768 504913
398515 806921 500588 239908 965236 194299 137930 863815 704615 221558
708224 616338 522121 460549 619520 965144 340406 454387 573386
310363 410898 241301 887871 799863 368313 159514 574049
4637 526229 265170 509550 441096 588443 10138
681005 553679 720790 335287 933846 425405
73198 642071 558095 111671 102620
177616 76815 443027 632003
650201 269742 559253
891502 157614
359116
