81 5
537842 318519 104426 46190 628848 211582 187177 779733 573022 361912 507582 501447 356527 533014 914846 898685 690028 483219 256241 338239 774081 2530 899842 304964 821930 625923 132540 947625 135626 893472 474127 189820 211991 94905 236010 357192 306488 939539 653277 395862 817803 677212 897309 174330 210226 328508 73016 416606 328079 845609 754845 102160 848140 171039 923477 670070 313314 572369 134047 448940 465841 124527 155112 194185 219432 391122 67729 525920 847013 721006 921782 664816 914570 335444 839146 124796 663952 428514 541402 992031 274124
812599 610544 638616 983638 50373 308686 296952 622742 959086 262244 88583 83613 417356 799120 303045 324830 866849 828966 171843 104208 267100 353011 18778 118896 192158 143575 299200 620672 684977 291232 411148 13929 418128 49764 997567 468501 874803 294520 91243 833889 73116 696178 917502 490473 11651 736899 815303 878500 82217 503499 982708 349318 856510 517839 984566 565020 661414 283767 702045 862743 91351 113193 876672 509479 162958 874240 977980 554113 685112 585575 388002 274580 798105 821856 765053 809756 558755 96709 204609 640973
116560 187317 506643 489422 705156 491209 54443 882922 774976 756488 262018 382679 386033 138690 892158 65343 529282 386490 619456 730746 488417 7458 5327 286523 829314 286732 96279 904422 383441 300888 545395 16353 4558 568390 505776 226066 59599 76571 625341 350928 833059 887359 733607 735444 26049 142118 800788 71684 528608 420244 318782 17026 944055 324109 819901 289721 610842 916180 194143 510635 733421 255890 526989 254331 824280 549117 996749 400232 625688 622090 267512 975099 509449 517471 710543 51851 659589 27683 123535
704550 447928 442317 237928 908335 282779 57829 714408 409973 490361 424904 436960 223782 680794 480301 994465 21427 29418 991215 938011 655106 613305 205523 630205 122755 722994 857101 174606 898936 884784 814493 603486 849064 773162 357766 757399 572293 415595 988160 982266 905956 413064 419227 646091 93858 899528 640556 631637 445299 631771 569648 100405 761429 291523 246963 884184 530870 620416 575142 429806 505200 905987 549644 354265 195501 907410 628016 767795 839357 616176 266413 745313 545592 201992 391404 639451 617873 548313
787440 63172 180084 873441 679929 941513 164964 443244 342049 695834 63660 433543 641992 85213 855882 707988 955830 51384 131750 100198 335531 971107 716375 601944 232773 261967 320289 624177 417770 938162 172490 721563 517686 868927 595004 713967 326792 759968 673564 668842 972155 737224 618737 130499 338789 474620 838488 294619 42356 970238 394818 377887 457698 627545 496183 690471 405864 816472 314648 339987 270986 3491 61550 788672 388770 656554 18992 715562 932874 692556 900756 421381 946132 519494 551881 284922 510466
390369 95893 552822 876959 490711 930709 334657 634608 426892 25128 40473 759717 856129 380460 30703 859620 958362 335728 248390 131268 354720 480304 64142 47276 381061 1876 993408 416907 553757 794682 927373 460478 890576 480195 337437 897639 410904 188447 532248 354148 213575 572721 113865 69704 469533 660921 445676 427895 996649 210418 75515 867721 690723 656009 431349 71784 657885 424757 488691 727994 735792 416064 188472 626368 412611 42262 524007 339867 230709 56255 694015 960636 145328 324233 30341 131213
985154 992369 559108 498155 202788 150975 365876 893511 806985 797225 481647 464870 738334 486690 192865 474126 419106 381337 616846 831717 939951 140854 171584 170660 713461 381951 131297 375142 706184 677990 506355 207690 670359 581816 222197 389499 732791 588073 283010 539776 901650 281009 4647 156337 767699 713864 146815 186805 95201 763662 534874 551505 420868 706458 722165 134329 88410 369814 25823 310946 47804 532179 34989 234516 113995 257186 624015 846786 361612 423378 902915 779614 704387 907562 935951
988439 137778 82767 175244 749331 362781 226471 300836 783649 932929 23002 434330 537691 909168 460154 364990 473325 992333 916331 707841 622680 173517 848208 985818 51481 271586 888733 347448 492326 312647 283399 480765 450425 882518 172361 199757 245299 398832 500593 28948 848114 39947 463279 385805 949116 439785 267147 422441 432118 183478 646634 54798 873348 494842 40616 924829 766429 445702 272277 775107 758349 72029 255872 208775 470899 944585 924884 716199 343418 425477 261499 191532 981777 241130
93689 930893 680915 360837 869686 629385 544315 32672 684183 417663 527514 241152 858845 810295 686854 647474 585402 445203 235855 357626 170330 706755 302212 95214 939306 645630 37044 717157 353514 18821 474640 447203 466066 155555 808040 852104 301293 868708 884776 985476 802723 412290 742980 661568 738938 946186 825395 324340 391390 61250 681967 78072 284357 500531 689639 223663 146161 726683 940821 499675 261856 415461 463230 727922 87368 787623 580026 388661 656331 464802 890490 459054 393444
149822 636975 132382 96009 462370 973075 3751 39972 171394 598175 324330 671925 287814 547993 334438 530849 5166 350465 792705 936979 813695 520627 540700 601318 617005 445713 774001 598159 852555 749408 507956 2378 902735 640338 614739 365105 129765 618490 921429 817511 216665 245759 489436 20832 310105 823874 551681 831623 174339 344387 284955 504387 381366 825655 622057 514724 787720 396059 112883 640276 661819 620839 159006 564554 777530 773745 446011 423647 908587 883792 241159 125252
129552 730595 146084 956009 70822 214118 787632 761513 558505 72587 265900 456223 414594 887958 970947 202315 800369 600183 358943 978540 221022 517949 59446 514904 291694 505457 938552 200281 389249 179711 841885 35153 426658 504322 991162 497480 234792 778795 258994 793297 367734 41246 765872 782329 445556 736820 500996 245925 337003 859939 740817 74377 377888 800263 589282 185934 822072 44186 902567 727674 223897 260804 762827 166907 281478 270342 180740 516270 565489 956086 825919
933223 997332 591792 231904 442889 328612 249252 205166 181967 109191 945984 256344 3431 262599 361978 189365 84672 406164 608284 328698 146413 869089 607877 829673 150567 878219 10413 666838 960060 966499 492757 409636 963831 600901 641540 923072 929513 890793 128239 627832 516336 590575 400529 519768 369526 762507 709133 970550 685024 833770 299248 831437 702859 907126 177462 369778 301697 187875 552968 261758 154374 562078 671394 634558 162979 829286 557630 608845 236431 202221
236677 752768 309148 637206 272536 678675 399714 498021 649225 601090 331791 464826 948879 551002 371952 126342 920781 190001 314217 473749 451759 984944 552179 123153 619502 715159 468792 177132 324004 705223 895706 560681 457991 204854 714240 246879 399881 630306 744901 565459 231396 593044 30285 180275 660399 918589 306617 581180 108590 620835 571281 76702 605779 123461 716207 741633 838620 184999 918765 678976 890223 330823 756009 864566 535678 470249 111446 451911 100555
372699 17370 331951 482095 564007 512227 142494 998948 335196 240026 623891 956031 811308 700593 78162 451121 933152 336147 806093 118152 254913 485069 524727 102088 241078 389293 154118 227680 500739 606030 328235 389790 139752 660187 871886 220112 688766 14380 219060 23962 254407 359303 496346 582067 576248 90860 549540 509401 427008 355633 627553 198273 357054 668632 300361 114484 57925 454480 342164 75017 576862 186752 981159 716614 846939 853045 936726 52057
383778 672139 76019 154537 31442 88717 252956 607691 179578 802496 633444 122938 158129 260997 321211 31535 445981 137924 146019 503906 592404 4536 95275 169266 191288 76435 402233 554579 445832 338959 606636 345962 527450 199007 500499 558893 287725 753455 682936 983655 555951 316380 622945 230432 93729 944156 778319 539710 598432 924339 559968 190837 445227 171596 876455 636515 764383 278688 191094 210215 134000 797730 556178 661450 513089 573029 736695
317166 326485 935983 300821 398788 768715 440118 145573 862444 384274 923892 918506 982707 364583 994827 689896 809810 166423 82703 446325 447158 877744 637419 173725 11744 951501 729903 189546 980943 819285 442594 298109 662122 894929 115283 60910 663645 555401 722835 526089 456028 646728 960948 438735 11311 472127 644983 821122 638550 727686 783799 602060 605430 937571 775785 133526 889072 22041 839425 386367 841326 282019 684477 503448 176948 799760
564358 356945 355161 803546 399387 811189 450274 360335 766276 977937 832462 927611 799059 987364 655298 99211 589424 777080 36782 881561 910607 442206 903602 266384 828574 744928 548403 513051 248376 241703 829163 329087 598649 700676 132633 998036 511866 99259 874723 794494 77196 223537 722106 392608 210901 893756 491819 316677 670836 44953 198238 97795 487159 618193 364179 832085 363121 428934 861488 127850 186990 690651 973289 301991 391328
622274 816379 419546 721533 207454 214040 315081 430991 452498 224041 158244 346254 715860 991273 533443 277165 189511 631238 280677 324056 511770 112762 687178 457056 490603 331380 160398 697606 821021 462389 88934 443295 795120 24832 681180 2574 755225 996261 949917 207723 220303 108161 70330 452515 99434 603773 246033 805298 751363 526710 129354 779485 155824 332884 236542 646427 664264 913292 344034 485285 892034 949320 444932 687154
974153 126112 206081 245730 638726 155998 453453 375381 264160 523783 344248 879946 643908 590281 685244 395272 633343 814599 174757 789168 147483 927651 435595 328100 357296 295981 329737 249330 245302 774670 936484 735807 417134 658917 981537 572212 814916 951342 947593 595428 991478 808194 475374 635386 398475 160619 30658 31819 491570 721768 337339 155405 165771 289286 999857 523067 585268 329595 772397 346922 620617 225234 82729
37751 884151 580618 609964 215419 531960 73909 327199 523438 882103 802574 158825 796931 479545 705835 345102 971115 943955 682441 642872 109727 971727 642730 149146 556995 488677 921544 420269 109294 663130 19350 663397 63633 599968 789713 279053 648281 379975 606252 688071 262078 925178 363248 59009 404723 69084 920463 892190 529391 602904 535063 639118 574632 694145 788265 647979 182822 226161 68249 808468 889291 87599
471865 952924 203920 777931 748329 852201 157906 870934 540272 936336 312464 903521 511698 717188 488957 432161 125730 18348 35066 660793 173819 609698 871290 478436 774029 54112 704597 842278 378932 110240 446230 850798 579516 650150 145081 844198 18703 302987 715132 75327 239323 543948 495200 751021 261136 984157 183183 903219 518858 734601 80364 209029 344299 951655 687465 118328 522119 908414 476959 901052 18654
923189 268202 598170 89691 413283 958720 108394 716270 190204 700073 471945 734153 195274 739319 511641 695783 922502 414860 730993 657103 495225 940022 517754 446880 143839 152434 485351 52253 145745 386403 587259 585286 654605 701782 674977 584240 660502 299723 300510 850707 999797 288808 584860 711423 28127 96501 407206 950629 511362 138200 124084 522939 594574 158190 486171 738414 826976 971522 790667 972722
874278 894279 558008 528883 596061 749338 113124 256563 565413 929986 107270 81562 218794 692130 792985 246921 304984 200192 713902 332698 854744 354338 855637 449318 28880 341808 704084 855857 829682 494752 828579 703960 905383 902939 749196 501444 168629 378672 758007 734043 825010 865278 815605 43805 73760 608591 807078 378744 325135 37333 711442 696231 908023 567079 145549 936904 425239 849634 792761
254922 860738 137692 475234 766121 40631 224430 267565 209261 603102 541924 459656 944465 407202 275261 504622 997315 400204 311700 376059 241691 865385 603854 937922 773409 170933 599824 226665 112525 965810 19426 883799 342900 673470 359033 625373 714101 583464 409290 439714 702918 951214 415722 647383 874769 207336 152005 872084 607540 980058 248143 365584 361795 851997 819858 651556 539283 936034
878221 168160 418196 413999 51959 761096 87469 410992 902821 317923 510808 312111 273989 730079 779678 689712 893814 654447 897048 562172 42883 20940 542230 807378 902876 420377 175728 722735 71934 715011 175121 466507 399523 593318 396859 451482 870766 484328 378826 773588 318603 405987 602051 108945 136066 381729 798657 546232 552528 212057 108404 595411 232997 166986 402790 135874 587364
578518 374961 175650 809881 66434 642157 209404 659752 555368 177238 530519 39697 556064 820459 874652 478403 422510 983597 130821 320592 782254 677054 389472 510663 301810 984884 743661 468797 904026 395887 572513 482544 287200 748163 808777 353634 906672 18181 529739 462041 711771 576610 18090 784187 397069 409094 262591 335931 392692 393412 172875 691298 586818 562348 201962 888629
63584 461975 873778 967610 374214 446291 966506 661414 710806 775283 531400 133830 309816 61139 112223 21587 637749 130313 805774 551170 55760 584717 403454 448452 494482 576329 656102 81300 655029 858064 486281 718613 836391 360059 686223 210605 806350 652729 388371 517156 944364 919772 167339 254180 497263 279562 792119 651365 926228 114246 718887 981988 698963 122341 430440
193445 215023 86542 791098 386404 460959 277379 105018 297350 637439 307593 24308 960141 476675 412679 993650 421039 848803 160989 675220 862419 956903 467339 30136 883131 97937 749023 865119 796901 387717 811911 506698 119092 414806 297796 505496 875765 91528 610514 689467 245319 434460 230127 721812 911135 159159 715462 332174 7962 392803 523746 386733 349707 507438
416869 749190 605375 165893 614310 918628 553610 426221 425327 189054 357379 239475 694550 233144 847355 821417 438964 92674 255877 669091 814487 683364 828250 46301 15538 352565 955457 55637 255650 821516 79427 672520 570706 684802 354765 185016 119783 424727 127590 545110 613781 484969 300937 308331 234466 148293 129748 673430 240967 901977 858873 571806 585341
203476 134460 600880 72393 89917 172869 328043 911433 252296 516915 482139 453450 871680 183508 573233 296407 827450 118343 910188 312419 935633 734872 546885 83926 864620 736667 841245 766598 111893 413052 868291 831721 547512 469171 420466 153781 158392 264861 581566 410688 781777 63705 380491 169809 763565 953724 466217 591015 588420 892757 903435 524053
627629 966672 607979 8602 219692 449224 291552 847937 378628 159843 196010 442492 145367 616476 596273 303759 881337 177839 230800 179466 757897 611291 349276 521462 81367 331845 628830 186139 224602 48617 710192 368584 15289 834523 893538 751333 800100 185090 115622 178728 344933 311632 137573 6652 928108 733846 310412 325798 428038 57564 505264
702287 185207 370892 223749 266574 702737 852579 969066 443692 901196 679258 812276 432838 30134 705814 700523 830234 407256 816146 525314 268541 644130 662887 275194 88591 913086 585606 414389 857476 159522 436005 559763 344729 323250 299864 127655 25987 152444 96721 469679 569992 292332 798307 519182 322466 20473 736058 669052 944081 68556
710718 212623 712686 889958 487817 801277 803044 589775 732018 660520 749297 684376 736635 610378 7626 36499 254385 33613 705295 867459 19645 791640 159791 334304 310822 998609 871130 563232 184013 815211 631788 894731 27834 344475 784689 515651 662104 104085 621778 394123 764605 371075 78499 17592 497805 86125 54092 752191 636090
759387 619650 655735 551027 295793 506392 378202 810754 377522 941434 994767 192733 573223 889498 736920 434050 674188 768923 96154 294625 390702 6629 59231 278129 85128 593175 775935 687605 647267 44478 323696 406655 180480 495783 474034 992625 2175 368588 803379 896049 310023 798146 88783 399598 203996 342055 350000 394536
110978 446154 689162 501680 969136 264745 296162 54264 857920 72097 741870 505188 632927 581918 428195 813407 77701 418581 322384 596229 787170 125763 492278 97193 923909 97413 13143 644257 439468 363143 38794 66799 325649 727956 568479 294785 992701 380993 865402 850621 453090 123624 872161 602369 705542 300356 932128
299595 718938 254512 895824 22460 380275 388103 119653 820536 485516 649148 464794 441337 528643 503588 508136 370644 747896 592967 181782 740597 973961 47184 107570 943403 687160 979732 545773 909054 796440 994253 208649 31730 248766 104474 54190 629041 8929 690195 965930 10797 855695 947076 968486 384338 450664
476622 754983 714912 585942 453117 455509 559903 500301 79431 19658 703813 575515 565431 612867 888308 559685 821516 436390 324803 442342 6933 470196 967623 697128 436126 978421 69176 383202 946907 453514 350218 939882 724849 65130 525824 177966 36991 602079 194619 116423 621737 898432 208290 703521 511299
96598 779558 849168 532989 104361 807862 539922 574557 775486 753402 527036 270259 822578 426590 733518 792445 776809 673400 517294 358291 715576 211613 395283 317655 406232 28058 455745 821017 236348 159266 848668 332947 455176 697836 382288 559537 22051 922210 650446 797537 675612 693834 584148 14543
120425 317666 806988 897234 507419 324282 255525 222995 52247 167160 540651 458480 195218 996396 279497 431567 672014 644517 280866 127190 858706 663154 203079 880757 101716 369877 194646 293680 63712 778794 308223 184137 96460 115211 597723 120231 955846 369600 343227 8093 536761 400230 982925
248331 912978 778774 196250 584992 423292 477116 228534 281998 656622 431613 679107 758338 801490 873753 52019 381554 652547 876594 565691 265359 991806 679766 901943 464004 49367 245170 988449 102480 645400 971375 350811 74730 750149 547062 176074 689793 540530 404608 971791 197153 352573
167250 955491 670415 41003 523862 51970 209902 400457 617661 991614 908615 813780 893557 888971 863147 655079 877420 965627 300479 848795 316438 891561 115297 379852 67635 805090 920383 472243 293234 117536 341168 460484 589379 11583 17840 629594 63553 227742 546403 197567 735708
971370 11347 629265 860341 390846 284344 737761 356473 101175 102909 189263 992736 218206 569116 576723 539648 5851 48966 832882 123387 390134 809719 229118 918070 827559 858712 981623 571653 921467 695542 307362 892837 223241 452979 753178 614087 737324 7292 486912 354851
110201 676176 863940 844759 761644 440663 384407 283847 5982 733642 407234 912468 59713 152704 830538 403624 527769 328514 975277 449236 24056 798991 342074 247298 251971 95252 377737 505647 102544 864650 376850 729097 57178 240790 573856 818822 681454 474616 102669
203788 724610 26255 116256 784323 695311 946795 187947 223080 791661 679576 672317 815717 478568 14391 579367 246891 625995 473457 752538 244892 338107 129388 973989 395285 886531 64198 730459 84337 538814 349480 288125 263424 892087 404381 47747 587398 867528
752046 326831 659189 431622 515500 991259 426542 46243 86978 673433 672238 560435 425971 433482 898542 71712 407472 810179 958243 471670 56990 558932 526836 406470 847057 790260 814909 251438 354359 918660 635319 106405 761843 294508 54379 277343 285767
480922 323586 372746 670707 512176 449533 613031 945659 348076 684743 869483 674607 159338 341153 731598 718270 867989 654420 81679 174601 985682 333117 45312 904342 968436 151717 182537 779297 722448 459880 65064 719722 783466 954162 390430 811994
403696 3461 757653 268124 204556 627136 459083 363894 484641 190681 598516 868982 361454 680195 43583 347136 529664 88895 767830 14453 756964 466719 793750 995765 926599 375166 715487 226417 329329 622269 38411 249377 625730 312417 33853
346638 939553 492936 710532 940547 199970 825400 809529 561424 21947 369465 424912 551612 974712 709094 566065 248029 175813 359815 243794 618764 251333 475633 845181 580662 614255 883592 346391 239985 712361 380244 102976 651915 873181
813508 108814 73151 155261 918343 150927 177208 804160 92191 728820 295225 801285 811237 543254 493450 687404 303400 112214 938738 779033 957395 35752 909640 357339 382144 665978 69701 278740 768954 237968 668273 98814 863134
257776 254075 297829 408703 431284 101990 17246 676456 397215 818531 487694 940469 828333 691450 760221 940547 630188 55606 414294 182293 965247 287986 564437 631225 874039 359529 400179 112007 27803 498993 491493 801931
753069 789322 726987 700705 891312 744233 893513 804879 79117 897559 261700 907450 589010 21921 364350 735550 77528 778644 917843 42775 582982 998632 190352 457021 358162 590531 85380 902317 89524 576873 704248
358945 366196 431235 59650 257508 175469 469516 578740 254586 367075 840440 678388 956085 862362 42738 207988 456242 337735 125831 499017 920717 124464 689369 377739 482626 796252 463119 901295 885776 39993
605543 761074 406189 553131 337076 180049 728600 806592 275141 499538 173668 115582 177926 646105 977944 737017 854093 950538 74752 979925 449555 995469 620741 655276 373208 619719 967880 352680 521014
853656 392673 126557 131082 315214 196040 468159 11615 440992 274751 286757 940530 964771 402339 634809 127229 896635 371826 497674 847173 962930 993951 813080 958399 614692 984708 847960 234411
952588 200640 271777 322596 593313 914687 453679 424879 110727 438190 436494 551720 712941 239603 8602 194065 641942 159763 837646 54929 47941 851672 418454 10871 845624 231534 485623
976668 732594 333583 727432 685182 534223 999209 524131 643888 913896 977810 68767 24624 416000 21613 92696 645293 261217 101298 355710 419511 777414 193356 990793 825355 45029
409247 836227 407005 157134 321850 383673 889728 655433 627457 91263 706008 626667 615394 349896 540563 109556 935015 81539 41908 472980 174235 687201 250549 791886 559264
670061 569300 268972 177206 394655 830353 586453 747234 237358 743587 585436 137384 149668 757221 764841 757283 463229 907860 372677 329477 448424 998585 264492 529963
40493 253825 220551 244046 504374 12437 803310 690787 98089 588635 867993 492744 418988 454447 756331 172699 714386 341767 826435 864054 98989 591276 137689
562218 499137 510366 408048 463913 508951 188892 510228 65796 442717 730779 309843 947092 259568 629505 637879 874009 218140 505873 366754 637129 476672
639437 809828 191058 981204 152615 571465 80193 743891 709154 158764 759380 735873 83164 739645 761176 272056 249874 826973 714774 497005 653168
178218 272926 282673 332449 146935 500814 838322 30041 654295 831346 669478 980475 22405 167035 133090 110222 763580 393333 335728 438696
669066 71601 521860 408711 349130 793917 174937 176103 25043 188295 345623 203261 461221 628296 535710 124508 645462 890385 670902
816109 238083 340380 796584 776840 23767 446026 887062 787348 355712 739143 226044 24778 810744 747905 949841 676226 58174
124779 368681 83217 313074 714304 802830 290647 342601 854892 931507 504415 745277 602409 320525 499713 459142 633461
276553 482909 595840 679968 270257 951552 419111 12654 976330 746207 276911 926171 422434 335085 567302 791115
418302 396728 505420 737484 203727 364373 592376 135235 385140 854006 737644 705665 353719 196786 855479
630272 196048 967671 310240 982657 919223 729351 995311 411905 991911 272222 854428 414345 123659
938083 205460 58313 334811 227232 795797 538539 591605 388174 673774 976746 242180 927770
198763 112251 640909 570594 742523 836957 538265 569116 819614 973840 814819 814926
902097 806730 603500 756526 221075 727160 694609 942888 785473 545772 170120
97623 84311 278078 485797 274437 771176 244329 202208 486291 356580
843117 56886 615455 680074 111503 184571 16040 85344 999391
830966 987441 806121 950819 260319 543549 677979 471280
486437 979804 17053 172909 77427 617716 450987
79576 892154 738515 323905 94362 224807
680485 453831 281693 295941 650257
909548 996864 666297 511244
996255 13616 15038
318729 964435
275357
