69 34
441390 829063 828892 715528 624720 613765 894448 782921 128795 113137 940229 632451 375417 847851 490393 656334 939128 371356 56572 369076 27765 488421 122668 948203 338612 166375 615039 279528 883363 320509 8975 841105 665924 354219 556633 290645 967985 451082 589918 613132 80571 530148 245583 972340 894351 252328 145027 349831 623685 201599 718907 167802 690020 357927 632358 28632 524302 247397 824512 407665 84258 833487 248770 750182 187706 805403 40827 672043 772837
630746 801528 853408 677246 47111 825749 571597 815792 970776 437780 439477 688727 156687 123631 378747 514614 755989 407379 38916 519738 231891 962933 603996 581730 211703 354179 285788 533458 911358 957832 306296 58456 759360 676056 735702 322823 18157 823651 138615 505285 261431 94444 194012 418118 734428 572759 449084 490417 496490 4352 10156 728381 967285 130504 826463 178988 1035 112252 712447 912394 586436 535095 970850 862148 211151 706553 701323 229309
46556 839939 734594 307988 450735 928607 242458 185163 17718 691543 191933 514209 695895 718441 758942 663181 848945 101758 358521 849981 214010 587320 278727 316798 122415 765929 178946 849919 988834 880269 79228 35391 236560 330174 343379 203648 775133 585837 905163 309204 793732 97096 823413 489628 815537 98707 669161 180835 200465 27682 547168 930827 131355 825895 763977 253770 591824 459275 103689 580659 339545 699269 132402 92457 545796 475781 812457
320929 577970 717621 630133 371703 814717 969898 377683 630255 584958 563196 811090 301775 107230 874610 232603 238585 700505 512932 492356 808681 972208 112397 905692 828105 328019 38094 920562 873815 30227 733020 194744 608198 966993 341230 496253 781710 311128 873936 928317 896086 437132 255759 197862 544362 130369 946817 299300 347226 459749 791656 155908 431957 420405 61600 776414 264776 616047 696977 138591 646274 946349 849688 254472 913342 190918
267077 211404 18398 141013 139722 914485 94497 395481 628699 155212 525851 91868 454512 389429 551617 762520 545337 499927 699277 123290 276341 964054 739337 489670 102645 901963 952371 952333 156436 382065 659603 939865 109822 678002 80879 249544 108839 691728 161377 737538 846940 203580 829406 817804 593010 897375 580324 138347 913654 795954 777989 706348 760008 517326 712370 379005 419290 181094 331339 92078 563159 507294 31943 189333 185296
629174 438877 810487 837255 116607 548025 200547 320187 893783 18352 913197 307511 115028 567897 221165 910982 862238 443865 670990 379565 156236 566348 315207 853682 414039 923637 416841 921333 471932 606175 622982 617459 561404 433469 454714 678011 497847 655261 514551 391630 189965 427748 215493 821346 511997 953011 732328 374236 396876 919671 270153 69464 486019 101712 923146 900058 541701 856340 337743 529985 978867 960725 147444 56623
394195 118510 250987 892042 290124 765538 800024 480089 709638 531870 301435 221636 484881 550116 112224 398109 986139 898729 983926 472158 441 907072 888568 542142 279764 226311 588479 774983 187037 735924 831607 97584 854434 82594 505978 660910 848132 306002 141000 74122 354224 958787 295758 839105 25255 924334 753567 11394 823063 737493 483552 823504 160917 888472 881998 440682 114784 470478 732017 818173 722754 563624 915757
93540 162570 421735 754451 527054 244089 411803 601177 598314 370590 413287 953771 395846 337622 707338 407240 160685 961183 407145 984190 122101 295617 382540 79135 926753 369370 811152 744926 92124 891129 660683 702017 53699 598770 456468 580754 842860 868271 698283 957526 755213 111570 911297 151059 449192 134988 74652 609878 96171 998149 110420 218272 810118 9312 297407 736872 378683 624912 998150 987159 516041 175186
689176 569740 773956 661996 666846 616816 530267 365129 574342 285481 993052 1992 952892 442244 136980 27544 568474 233151 542045 195246 451424 352164 204559 265183 605388 99594 890095 603538 603105 406136 778724 808634 492229 552681 470630 675427 685849 898 556909 776544 802731 549961 778536 755623 508557 915516 299520 77032 148667 841565 272278 116443 710081 993189 897979 315469 92783 304426 919008 212241 710563
214084 20875 719144 766765 491505 394571 968967 492403 951480 745511 811486 17793 524047 567110 526351 955915 866630 603383 620934 224547 392013 737378 934629 385203 151709 250098 994338 456135 685458 206579 683050 899543 227454 402194 182660 235312 313118 151627 727715 780950 897138 55554 798744 421185 622664 325095 893452 5646 444830 514387 746545 353195 768117 681174 738398 919826 447625 249089 375961 133083
455668 575364 32626 199475 493910 731639 434787 807028 883266 678854 104331 780405 734408 419427 717942 873424 744522 611395 395422 705704 125782 141968 58899 893899 823142 313650 330077 270767 562739 222390 920203 534759 797754 469181 250586 291665 200820 685373 615045 84087 880580 719376 864492 131340 138803 98786 4765 399677 710181 916539 621733 352315 58507 680633 762566 881650 510635 92643 668769
73374 315034 588972 124485 629140 574506 375072 920805 775326 576797 535851 859413 973729 771579 240257 105070 910383 855396 626187 826412 565577 542726 448146 434245 117586 645131 196811 999236 155766 805807 184357 745492 637193 289682 869977 266333 864188 761401 187139 155866 854551 239342 15280 828280 527273 771889 449702 437656 627285 75889 780421 709215 134968 744919 659812 252554 390050 372975
768142 62168 178782 468851 807660 815975 758533 193989 598661 139073 955391 302152 294940 326294 57846 826572 154574 585119 114813 604277 539128 258451 196518 319549 967666 331486 64468 143830 100392 454518 516805 384886 516686 695588 853738 840698 27915 128623 551039 142928 784049 506430 445080 595341 349076 502926 938265 503651 88046 53078 107928 627174 311529 820798 463075 795547 152285
527543 455729 769029 498413 972535 153916 531451 184475 524006 888501 728742 652629 439540 871671 436678 462323 316751 32019 811399 336030 486636 315050 940428 539715 939330 567602 367596 760129 30677 679496 428766 74572 135225 197795 89337 107760 868063 620788 808587 392069 509289 537330 561051 948829 409001 997729 411152 242104 546101 738904 578134 32737 53954 518562 88804 993285
602516 972753 269766 149545 652249 698532 740469 303826 412679 829806 927939 797095 450594 736526 705516 476235 273856 266567 941417 199209 264297 868921 441314 326750 607825 535800 875839 178132 54363 964644 687769 173231 453749 957535 322777 105998 172419 63246 926176 101450 409405 854115 898545 859999 106994 604062 852587 380850 870629 310356 580060 651278 179277 537726 494380
303455 73526 886572 481587 644241 851216 169356 333825 821317 126891 172954 927315 815662 236200 369843 917112 161957 223959 332010 21957 847305 452424 390896 228155 839405 701252 324567 7036 880529 378645 501416 700336 452172 387988 181923 612765 755556 351279 946590 576873 994522 119544 20540 810184 872097 390384 243649 34054 130695 575659 572363 978000 28083 479611
722507 383840 180863 563427 390876 577745 942072 892293 278081 910596 796633 460005 39714 68542 327636 986304 161767 322159 622201 182308 648695 10650 89044 892344 561056 736091 984355 133420 230443 528790 613031 952950 912631 310247 32729 303507 404344 491154 195800 682425 401750 508786 658782 957816 577328 986419 460473 739095 308578 82674 437755 473625 609676
43151 365970 170732 779242 350325 820504 9685 879116 949888 478988 791747 260135 28069 95254 664479 519223 807407 863256 437326 832545 522039 395142 926225 508458 855615 181672 333388 454641 619428 807013 64317 662579 689335 235050 958174 556013 55554 484211 435129 5442 963199 743228 781929 507621 354834 446408 26844 678593 309665 464170 27490 348056
375665 953715 372866 231280 135388 706254 202274 754816 29619 266591 933747 235307 17993 891921 791320 73548 376133 742801 595342 855684 2381 377272 879657 873567 340032 906502 552161 166049 887024 579651 514105 262689 533367 886971 10322 185107 109577 212596 939923 655549 995539 390022 890856 13533 798296 198528 603433 690781 941329 198775 546465
943710 92399 426123 817277 432432 848977 885790 114833 736001 981794 628939 515043 31513 32262 41717 216620 658192 254313 156543 313741 766204 62917 720949 779737 861213 919477 383170 551994 860806 581946 614812 320868 190697 557287 654497 623129 406264 540288 737963 658617 522082 883254 690012 553595 431868 731729 770215 90060 502394 443110
403801 268599 506027 641102 48336 883593 560579 947859 435587 421385 529805 50399 258605 236854 607686 913103 859984 530302 969743 114299 705272 491825 513905 395284 561772 945773 127014 848339 552186 145760 807801 472339 414359 830180 113442 979048 713773 674021 926907 149361 611759 973064 716112 870364 209918 840151 783467 586254 370453
753210 216905 75725 761387 730810 987362 839511 192936 630728 204202 745122 776488 12003 217461 707200 842184 330903 686248 72309 4925 129507 221670 616684 618923 454135 487048 828841 294286 786868 931448 181091 56430 148353 256817 334170 879164 760531 173681 588452 391259 377884 333574 167747 906239 551035 391299 264775 398291
77547 337085 403216 723406 75107 536252 342329 529242 23300 687523 823528 326520 618971 4620 382951 283676 777789 717121 679192 538320 407154 267644 445931 301390 601218 613678 723982 668606 4978 988757 66897 598877 842194 986465 838636 917302 522717 180965 962896 62369 384840 786425 388890 3811 307397 288193 287488
601538 521666 966680 656210 445172 750677 102141 746563 351895 232171 986897 536853 753501 975654 603750 868731 817849 590215 707367 251503 112932 888332 214399 175302 273173 517176 80544 793336 340925 885089 597176 942463 406755 80209 115025 851927 830886 217166 114842 182781 965690 101739 235987 719191 593746 839737
587922 411595 946305 295289 179450 575589 699974 393849 267243 489499 911026 347787 282835 768303 232876 396364 710767 155983 476573 342144 7911 307459 75663 639105 6592 41353 740845 242579 276896 850943 598669 381171 778890 544974 676460 958340 120563 892786 352189 904159 898637 779567 251946 697825 547871
1175 94189 774990 157158 570762 633486 681421 394573 709149 836879 401165 266854 94076 643745 543751 945019 758766 924922 723909 303740 117734 682249 940655 526873 550790 844814 425510 846710 613113 123335 910933 130640 733876 202275 804150 304638 835761 1924 699211 544911 838803 616729 811765 932879
776826 871868 394250 535592 796790 118159 355684 430877 316760 812691 957750 867550 173858 383260 230612 786971 22948 141545 433963 756824 343820 238113 577815 695934 240037 277026 757197 595192 410107 568962 44423 186933 440831 438673 238877 753973 556832 594561 184850 389944 923605 658952 773847
97463 42213 4459 400786 581513 662357 834749 338337 522529 589214 916152 218463 345604 709531 975660 940796 119638 60975 985220 822924 18158 423893 61801 288483 497078 172715 473334 887022 96320 648638 177221 193783 207203 181681 110921 788716 844038 945670 127054 882919 51236 559558
101383 396840 785441 593395 337637 421432 170722 839209 244356 188880 779454 822509 477364 792884 511576 467050 196259 607896 115688 373480 318031 322892 555161 428952 627960 915551 890974 271366 798471 942211 830925 416206 339051 132718 525953 193040 554150 696676 548601 314858 885556
328056 653720 879272 120940 165296 862674 317199 289545 978363 690680 123928 817607 762193 69233 445567 677745 960207 716934 992568 418770 64211 925126 274174 196929 451079 983566 751080 664107 532168 65938 66016 376576 719658 945288 497516 401307 807963 331068 690852 302678
538100 814780 120285 300293 884013 82204 494390 360573 799138 3310 295695 379701 928436 569869 576631 895868 69788 327711 559975 601956 910001 142343 978532 146012 87632 992400 63671 411947 839820 754523 230977 377920 85655 867614 678214 486021 949818 688956 362946
265309 692267 658641 645010 620703 744863 221641 32923 814651 65704 592899 932959 492058 251594 427843 154422 339226 936595 218093 267525 776416 488968 498502 154336 90975 882468 348902 576996 832287 37859 939942 613948 246478 114936 258958 867181 859799 996952
416457 190802 579008 525708 640113 587418 777302 67956 741840 632881 520903 476285 900406 297319 481605 915261 968008 572581 314081 833262 665929 146368 387473 605872 276668 633951 237160 51979 17485 96959 565283 433942 804113 144291 959650 960578 248062
253304 544886 506254 886185 65789 982540 302944 879461 980497 734557 847469 553078 48638 197083 219008 711359 584557 341232 988027 734860 578392 40006 752345 191703 605289 702639 512168 265933 178641 472746 513995 948298 17632 20249 834483 83421
519141 137427 962882 499639 871984 326703 569069 920623 523787 788077 631982 624696 645661 136361 359556 224053 176368 628254 932108 298009 847245 444276 563942 542239 917022 594289 490537 934654 614539 325020 534428 650032 978800 497310 666023
367136 340366 235093 804111 864153 539522 952445 5201 185184 88807 881109 409237 265175 25715 341346 79536 872961 301974 643479 931552 218997 754120 422089 153651 885011 263461 204431 535044 758613 701742 201067 125750 42108 436160
929861 422613 975683 882307 944166 677219 487466 825275 602808 268993 850991 460506 348529 240304 762481 508360 688208 981478 262481 626649 651481 147492 406462 855913 682536 165076 74007 399956 807178 632467 352468 253391 571432
844503 652050 515598 521722 139516 857225 124531 408509 708216 585037 757039 464872 347518 265399 669432 845348 44232 296081 496830 191725 702544 869095 390613 383972 943102 790569 191150 91921 659390 444541 663353 503893
96592 178951 25616 236108 36176 666499 644618 260745 767888 918009 241969 115407 699760 911402 477107 743993 723835 973937 935718 426379 359384 842683 326703 818838 149605 517853 910759 808995 962395 574112 312888
575339 269415 854856 327799 821944 37707 488769 82689 805596 406778 841010 437355 106539 752412 914462 850532 992600 404752 302602 418979 764136 145285 745683 99327 294890 779888 10086 620237 258635 100551
449478 833974 369966 820686 678126 191910 858394 166895 790951 180342 573674 631962 617697 196565 900726 48511 47097 893326 453263 866051 828658 733752 527688 90693 833079 338931 870581 359517 959168
645569 976420 924998 479543 862739 745685 157669 54649 120431 840917 361953 300773 414591 510267 918470 611156 410993 483333 174605 820672 936597 557008 649330 186701 84696 256375 536132 939979
643308 412001 899148 288877 388422 340498 284773 251161 86183 958794 822162 206614 799711 184115 507387 730654 694382 942209 341810 621728 425543 32767 442400 878492 106127 608082 65193
707176 864457 601325 647155 24117 13326 62655 312995 918100 403154 597768 169261 489337 72914 991424 212304 872626 691891 236043 603280 386274 178253 461443 524354 120148 10562
483106 998640 116690 91188 580185 340218 471997 181510 987373 496114 711188 50029 325461 629289 453183 439581 314902 458872 512496 306326 187528 901474 514570 423572 21106
417196 601825 998901 941550 721973 9464 424656 236965 642506 32196 817150 982724 504193 515012 970097 516659 742552 536478 358473 371841 506013 798054 203096 481238
826902 25774 668766 244728 540344 92338 265835 957540 694163 264736 899090 932488 790552 840098 685805 433058 872294 502955 932134 892839 534319 418584 925851
276872 955062 284324 165065 977428 598730 368161 458666 941985 393936 127432 186713 934280 219771 452548 408173 430286 717285 823615 879127 507837 663714
564932 457248 536008 584240 905734 945200 118559 324318 871051 395431 795733 155375 560497 773161 270457 928658 231827 212442 838946 359259 399156
289579 95382 368056 697752 525669 601693 521367 404796 625883 701433 486080 83131 237442 70320 988865 182642 705232 829536 570045 100663
625269 241772 177512 398430 512229 622523 630257 241024 461469 505868 156532 267400 601251 524588 965152 643272 126282 2872 564420
752165 704305 50500 351648 458099 637173 856865 157093 858757 686401 727138 959420 311670 968910 136933 226452 997492 275808
856709 238516 737277 878930 395048 4678 480181 435988 486182 639805 562270 5406 204225 830787 226064 254725 182435
200515 408250 555653 873961 267007 242054 601099 742780 70077 86362 396065 296529 600206 671873 669591 355074
925502 548521 266474 446532 545054 702462 449067 184859 781085 454473 389084 611872 196889 160161 310660
397405 84764 866313 271366 868123 624719 388817 610903 694796 991531 523320 991326 108089 195193
177269 463163 120696 725790 729637 83580 787196 432100 532647 972055 213185 987121 877491
341409 700362 554004 652069 614119 638768 34734 401837 23244 659454 790655 634147
354250 298538 157468 861928 922980 869013 39197 386143 506061 281339 632133
589642 584887 580585 122289 73294 310122 625762 950785 651531 326125
21142 819953 940244 176262 854687 342082 199506 514141 649089
350006 384744 463979 507474 246672 386959 892839 802222
289455 398901 599913 921588 988543 184801 502173
110832 258095 812295 736595 208881 980178
579072 746375 800131 35668 922637
654819 894102 122144 685312
543191 472150 70056
523523 495976
316729
