80 13
133590 464389 984606 861514 973210 460431 28178 744276 712710 622564 910269 508347 60124 912790 955953 752707 316573 656326 98126 569367 225182 260288 314383 656222 711392 597372 201733 66115 224895 528762 69237 874837 509503 570195 736351 482713 30627 280881 743342 743337 419797 653611 768036 996273 82754 723990 748980 399327 896668 363458 968694 121850 140098 283077 778072 851491 880449 979805 433958 621696 24919 503195 496533 534422 73391 749237 533488 620370 546470 276830 363707 482620 446793 131744 478893 529547 372086 744226 928874 268754
624036 897568 390604 764135 696998 685028 131978 93799 664834 565936 715496 689753 585483 728381 740528 175226 993970 274016 795596 56793 67198 159304 539413 513991 807400 534658 559891 695838 795236 488765 964592 419273 902686 871548 699760 116036 72928 831738 209835 737762 914026 925331 943868 15861 170065 684396 191088 164035 474764 986684 737180 58314 662340 792945 88657 986092 327604 648548 681930 639192 653666 162874 58465 72704 550774 758225 188740 623703 106315 914927 877817 536693 356611 821685 552555 526676 22433 743643 207063
497197 246679 944244 71863 425372 253541 160521 411464 581145 325421 609747 736690 979087 772621 795155 568143 839748 69733 273235 463451 692400 188163 341268 229094 544774 162954 781649 587802 701739 41644 311217 715289 804675 771813 787152 230047 25355 947673 157864 122852 273095 767611 859542 768534 56584 171050 336678 896332 240783 126265 359783 933183 314428 701052 678629 375554 380358 976630 479708 82097 534626 790926 313738 339302 562739 100891 85701 588094 564916 243565 227299 354363 527528 86841 122898 584113 257891 975928
480445 15026 102193 840229 464562 932974 57633 143191 824880 954343 119822 304589 552792 170800 95515 866531 510102 658254 483774 595804 762701 48690 355721 990000 403054 883250 593193 42304 467363 367437 534584 464160 382463 153129 304389 847025 86103 878374 506569 910984 832717 142743 215573 901862 313543 827440 284745 339998 2046 768519 452154 764747 817209 807875 271099 736615 207477 380645 778919 674840 748082 829855 139001 130545 982985 959742 493923 585440 354469 492 12776 703538 659587 744701 605400 973130 572141
890145 313128 574188 658664 765282 855287 992226 89510 642739 728841 296987 23384 24113 488180 771466 853968 143533 418363 836953 619627 912286 938746 974096 429130 951522 677635 88717 696224 799387 578200 784717 689533 891328 875257 864549 172963 730545 856775 262473 889636 585617 75812 913020 609730 563992 200838 980050 223877 619201 817004 843505 47840 272102 817601 476970 223624 495236 82040 436200 810976 660240 220918 500509 551568 96175 365058 240883 343072 738186 503356 232708 323803 95521 662080 449885 659513
379270 429935 883391 514824 763291 726896 562664 35393 60849 555986 775370 72438 638026 211570 883414 814618 948840 900275 882539 561368 781685 123422 904440 519871 143131 653501 360026 238652 831933 326263 898165 211204 756199 297908 242380 35842 541156 805044 587588 602006 877382 362958 190796 31761 90880 74210 846379 556073 974485 728918 633793 756170 852341 54585 276042 511824 708086 152420 750476 56372 478684 164993 783928 751235 979254 26308 787077 520410 831352 891017 638768 225086 253975 829564 256847
861208 903774 619579 933633 394611 348497 567426 150782 717190 622011 943176 229014 846450 95596 495842 902822 90632 177188 686750 841867 156442 713058 628945 676852 60762 519962 831973 802200 290290 661537 59048 667850 81664 678627 117835 476275 543476 685261 143409 777019 823624 602937 522385 670074 214886 18228 89248 305518 195416 775998 147386 868210 5408 292683 61414 582522 328997 893387 384723 135639 554925 960123 319841 152941 638750 437676 145568 698578 639289 805330 475597 462914 408267 997983
649340 139505 532563 738589 445024 727979 30939 108762 596189 552700 917797 173955 651574 763146 67343 36297 415138 138620 996420 734979 291561 151522 689008 953481 850101 328297 758811 842050 307563 683431 840033 473256 822936 372596 211845 784312 616927 759136 409426 729468 828188 327223 903424 479763 606722 970767 32412 21860 625739 28833 273191 917300 696707 962199 387133 546808 806849 145945 388859 630764 829376 745244 104020 168664 117841 832217 952977 251120 107706 362403 980589 935894 205979
884013 932009 329053 371132 964422 867265 996871 993255 140456 430523 689962 619008 817656 753123 942209 479953 658334 572973 309329 403578 676994 994346 37771 509211 947323 288892 616917 826078 785833 69164 32057 186198 1173 361110 73682 965595 228375 586905 475202 885184 17428 681517 20544 351436 434640 962753 831390 609326 535726 657071 529256 212720 651417 567028 238284 115092 372272 371553 941171 674457 440717 973228 377007 441891 850691 450689 923838 595418 37594 399041 996954 571374
80558 17498 922810 31550 980251 270552 640876 515978 927624 170132 245050 95393 253512 999686 210486 142136 371240 151657 816593 811957 124885 193600 770200 491928 160641 694039 603699 198235 93080 600653 769609 689990 618152 692420 721540 598403 962972 362416 630733 406948 48900 392136 502342 302413 391822 229180 444549 279414 380837 777495 607724 22074 487447 377924 514003 648089 588315 634054 846324 681395 234707 132286 371385 852859 341058 92925 967615 820382 971693 114700 227331
20594 506836 246025 323007 415011 475205 283908 694425 372394 577755 302149 394468 65203 196426 424823 713292 784741 58877 75968 982489 293585 724606 870226 662796 65664 479504 630411 886047 451197 261464 629730 988143 768300 392107 827502 699663 867312 111411 910441 756058 205518 728942 150526 270721 925368 91702 500365 226462 666931 92686 208951 476868 817292 79177 139665 882957 558681 286428 769004 526231 547892 915086 514374 832545 307193 341877 532208 690857 969640 959001
446915 175158 687944 113793 445880 129664 721847 462597 356126 388779 555283 565077 865647 372576 160607 5312 771885 235640 808093 57241 761871 355985 972327 276246 704882 279520 134475 753443 486729 104115 712444 449996 279273 400388 563789 241505 530053 285637 704103 886179 190768 259386 967609 56415 148314 644568 578080 920199 880208 902525 977440 158432 774862 949767 434678 479745 745639 569153 233188 232368 189620 945632 682364 468893 862373 762506 710399 908778 564495
414502 311309 755263 190240 795270 328030 338555 439838 422462 775106 836399 324987 752547 994831 99850 218666 429509 579595 964306 515014 329135 713026 704634 791119 911743 689879 653492 674249 916630 78622 755096 847484 389932 510359 37725 185202 354741 892632 625041 777204 667738 461440 102191 936637 456271 202041 155304 402132 297988 119610 433498 627123 348988 654484 418243 260731 344363 588087 451332 260994 666710 206428 108478 56642 233139 662555 758196 587881
71539 383237 365085 739278 361029 467276 192267 333652 669318 347571 252136 967306 983533 201986 110782 332522 856470 529025 593253 717186 633464 560938 494532 300174 767366 603010 873168 506 781918 631365 588387 853457 530954 469824 109087 408336 937100 301355 741988 122770 648926 510477 606429 148812 712463 717211 481334 85286 762588 590939 802472 396052 151877 813356 212579 435596 932718 85747 436102 714636 717112 540841 84446 248067 10665 193533 656403
464117 11240 914743 586888 176519 941572 709669 325331 170388 426880 806665 255674 705820 913956 574498 101872 582186 387854 314451 17782 320572 916551 970236 551561 633663 27429 636007 398082 38094 829540 570837 18563 357133 1933 605451 533652 943505 315120 858983 630245 258352 182000 402271 964172 95956 976769 582397 194494 880975 413200 212276 201548 329751 182512 269461 479767 209941 905468 877849 764387 251360 965039 782951 608493 966972 904754
142145 426829 736227 1128 573427 510931 699480 975698 475104 311789 952468 573853 506283 349795 987053 234912 67695 316805 933776 337156 312924 143718 242624 190773 424457 493985 672164 723760 618830 155488 144867 760976 98670 881094 278456 672097 908377 977937 647795 383481 806078 116615 957334 312361 982763 460740 63625 50458 777545 997402 387615 90469 657472 146591 797594 81929 156928 986111 322042 775759 141599 466909 536735 240269 864355
331543 428718 772732 825832 592866 672566 631910 225833 146252 460624 208596 606992 524249 259055 900889 521651 163022 507710 179123 309613 821657 777405 466542 807768 99447 242301 949367 82708 295388 705989 463415 626931 651059 236147 969116 243925 425065 601026 469759 571318 61650 678355 694662 102252 453762 595552 623903 616784 619614 319379 926398 441271 96784 909292 249039 196231 151593 714759 795291 963333 420748 258706 106616 71807
11205 75732 832085 436271 193111 301844 523941 771113 496551 218603 873365 950314 330507 497269 567098 950122 816648 493496 391393 429784 402788 156785 626015 70733 871544 421306 550418 808644 196364 657035 396803 207569 249119 228888 643840 442230 530732 684133 213344 27284 419089 86709 977598 749596 100330 61048 216070 433330 554545 123816 863114 473685 280601 5481 60771 668497 943139 611189 477141 139503 784576 873944 347073
550048 102833 507265 992278 149917 191399 721974 177201 610488 325036 671151 876436 941718 732200 608859 375049 803097 732675 754515 793134 529628 276349 370257 198125 219488 497799 675266 358992 282375 65562 222417 348775 168395 729682 857406 318313 437433 579380 11866 564273 904416 683018 957062 846135 931570 565921 737536 251019 298596 8403 44153 344576 284752 414411 542701 504241 912210 734319 379585 710937 799881 118354
59713 968277 364388 433471 802942 801822 12851 814808 882447 433620 14178 839509 796107 462100 405430 49995 713119 220378 58398 273625 564954 343151 204388 624007 847392 116598 358326 743329 343887 674560 861683 919952 159189 226071 353423 962131 544245 882627 293291 426693 316247 823822 266202 628706 802274 671633 678701 515394 408363 737099 305371 973318 80250 509759 113677 443994 142709 988356 703675 486596 662916
565358 922901 822105 307782 792676 300588 368379 675303 110231 795072 507902 450405 577627 136608 252680 765612 815309 284426 173975 552409 589797 663645 149011 99556 777323 109358 242265 765679 813033 245213 944947 894744 168114 283404 202526 477143 100344 87257 152446 726927 882330 660349 177333 976309 313309 430013 741921 128619 230791 432248 197380 820588 612246 346391 920144 389569 455749 162409 671600 268783
923974 132899 679879 92089 416303 882405 569232 32999 486014 238030 759926 368344 414731 937259 861005 728041 883624 119278 373012 114415 551527 570392 451355 163773 433135 371499 69694 888885 50260 257646 674020 974235 390545 870251 582676 323200 269008 151908 356199 755022 906290 116125 123367 321022 569737 500724 49063 969713 620003 422075 600481 687882 508819 51836 368007 941954 423336 437701 347191
989948 211699 537563 964183 118596 407814 546859 441796 676822 215119 314347 431845 121410 946824 71564 442432 516561 572288 7847 2627 708643 946274 603108 396525 971445 654944 764532 913399 594632 718585 776943 584581 446636 314506 65116 565232 722321 611976 523380 915495 827095 837727 863692 464857 784552 935256 423641 817465 23897 947840 820092 732540 894114 423200 645418 381911 594497 409950
295311 189129 644888 72254 290062 91524 903112 355179 656757 625433 967155 180137 57281 310602 534217 920973 291812 318769 372582 715453 136234 396479 663294 956327 645371 73760 895879 290789 455672 490376 217092 267335 679506 861980 339589 485920 469856 242701 841099 642965 384487 324606 823103 958120 635209 357320 879093 927021 192441 251675 158826 328675 164506 338472 801354 809878 928585
697234 100667 384257 703962 834111 167944 899820 696091 23885 385741 682300 782938 226840 325265 167425 551447 664720 641897 703008 22040 37343 146381 730833 805370 821559 575861 969877 160032 893567 779755 88617 107153 396774 989226 811116 230886 157170 710936 443329 181055 96677 641981 963993 839870 967247 647771 907669 631967 806020 127029 170360 843363 789762 901193 648734 611321
993406 618611 771353 886974 914718 376322 994127 827844 365548 805243 575082 39070 32532 534764 220125 645561 176745 700471 485431 143992 864594 909452 292312 670614 552833 462672 513978 342595 880217 162712 953917 873624 297675 241622 760598 212393 617945 754725 556589 499845 76321 131672 538916 108853 182788 275393 754414 359533 975864 756198 19878 840458 665650 828542 511073
218484 291214 25051 561079 687783 704115 31348 561407 1790 789323 322005 730535 407268 593083 287124 423465 669404 935148 962381 778257 117936 754127 49023 993822 729991 805221 530052 86802 470872 358594 114227 205708 166160 655630 283139 853943 359745 830840 415351 877887 620163 253708 608422 543783 363143 411898 967248 32547 863399 445982 327156 497687 200109 376180
491509 446452 697753 537913 49606 684977 896507 163833 890685 62667 819463 690177 916611 695560 521017 848314 573447 141180 618374 181869 684963 981518 110120 652211 530417 973519 614545 857574 471206 814654 750106 479068 777459 964211 16981 827065 649189 913489 990899 539874 492508 326714 230051 925471 22275 267420 290137 595722 408600 908512 293944 93563 890030
404064 262127 420447 377583 876672 794373 848789 207679 60831 327857 985138 25043 861191 328555 674232 774680 835806 730458 783540 162521 476862 225364 701148 744282 515501 296870 152883 424013 107166 762798 830395 511230 541277 767195 405165 417950 561568 770307 141981 138752 98164 643471 680147 475707 972026 354379 766739 324185 601189 550280 3058 78051
775644 704206 822334 807497 517428 491569 231511 624595 254367 578258 135825 795645 345453 57343 729947 907022 827650 388280 562126 442166 31751 242273 917874 520129 113004 684613 844314 714193 751245 847372 792245 526889 551578 130931 850739 585359 622500 82250 209954 393219 660508 862131 705216 522314 919474 951515 945688 747124 339795 507814 189291
887898 266439 107165 408028 379443 791778 252342 93636 543024 616067 402233 586265 683997 49516 437004 269356 188368 35606 479310 581588 212467 341442 803156 734781 777268 271024 680469 524393 127171 704635 713684 15070 971074 337201 423098 350517 645331 191792 960505 704707 324211 879091 807325 8209 928607 760681 277565 116976 796288 756876
214916 525107 614670 534424 776240 391938 805448 973061 432683 932620 677696 662719 947690 165122 999920 887140 515639 161604 595284 992496 866311 919496 871587 673636 927705 316547 434318 721622 949875 746958 994850 164791 272065 609520 215567 564657 517811 21016 537718 466846 469988 731766 129566 417678 896888 129486 821170 412527 291090
932806 921375 673754 852302 309315 347390 296359 625862 298060 534334 92089 45018 529184 256880 833435 655057 472447 398092 172868 9815 452162 156066 479803 183928 285632 413833 80816 931471 751355 9695 738913 684162 931071 412667 52816 756738 276410 865528 898952 574470 399862 991041 619489 929046 764273 969276 584103 236720
367369 273323 762888 335883 429390 242691 519812 231374 172877 600628 162845 924232 126676 901759 124746 57747 314426 177563 814485 590836 43091 713437 681659 442953 220830 301148 888351 985103 270424 988807 738175 154145 262130 501063 6381 207872 260107 526193 439247 432984 643173 602092 873568 769849 20203 998315 343948
850982 692230 674785 958170 251673 904574 639829 210978 125404 940977 99329 110507 727754 88136 848683 398251 866619 866098 404632 590843 126205 447177 30090 75541 606703 148535 949110 376552 685090 463777 236853 536072 156007 911638 494243 407680 816213 134072 618658 457969 591402 234339 568477 835508 322476 933512
750111 705447 799610 671096 296290 925816 118273 842733 1357 241328 507620 466819 617881 192710 930596 854734 245135 602955 282724 739378 526987 615289 389802 661997 73259 981204 896337 641736 333064 735165 575248 83176 440612 891210 754272 253254 817026 388897 95987 334736 630226 119959 317907 764459 312670
764856 135545 557805 367811 418269 813535 411151 33559 203337 73148 106818 700894 969485 264906 550310 221002 356506 633486 177966 247716 904110 431221 581095 293008 43560 915831 439586 163520 750090 204045 992542 514946 855942 66699 399110 790563 880234 810261 824122 599923 883409 447292 817169 369247
228550 367480 106601 585056 966 284568 832773 421429 715789 930220 230789 275701 362403 670375 955573 112493 390772 948115 627440 246714 531166 26550 37277 411400 353163 377752 527676 752924 341396 344845 638523 569947 228677 745125 671355 745996 29693 20480 167425 261834 950700 398214 537535
313103 68589 9461 425597 975713 957576 569389 222427 5095 112291 776056 416495 981806 670160 460523 734730 11557 321721 373254 97856 550398 118379 769211 296394 664424 789692 463819 926258 256744 862033 980145 569848 446974 989606 511797 422687 463535 597538 161466 468630 226181 453875
401477 207987 640387 862001 459069 651944 183722 832323 266152 734120 467054 551716 546867 647830 857760 10686 574088 114504 389072 70586 200704 352398 60192 228853 291438 40079 342743 452904 508709 568924 423131 426539 776911 63519 288540 752333 231815 988614 584656 14320 239086
568063 566036 785953 215893 423796 796640 306334 54652 702064 376920 255357 54462 953464 562 345900 993544 343306 315157 18605 428582 254640 445144 721846 318159 250036 474179 66327 238650 58835 80647 994089 143250 163035 780042 875496 103183 93034 181830 157835 795098
75102 929544 849561 28566 930107 711813 22110 789765 26970 557068 218347 281611 2212 940193 116122 252249 414372 182449 7251 989560 779448 1340 649162 458835 781383 524658 562018 390769 706488 719854 185868 781590 165750 551781 326509 612209 263594 864971 401974
806917 422039 136674 604880 424252 76867 721002 192853 7592 419804 716456 513504 715604 234149 162666 174440 531884 203677 736458 922653 426517 972664 108521 208108 138415 176654 50969 750624 956601 915940 668951 763518 337980 805625 368398 278584 398844 605752
987789 406436 541908 220597 436292 257513 454746 598959 948305 986630 802636 684763 909284 229153 173780 534157 953613 312195 710812 520934 579171 667413 436875 248122 947283 291207 53747 832033 569791 452592 437785 73932 375380 979694 294529 811673 753559
749276 926984 701864 252258 245972 902979 161542 991477 76759 212052 461443 905306 439216 982377 484478 622981 935604 732600 570264 226811 302700 402297 312954 271644 356434 386886 647024 852480 197768 975049 606039 463396 902033 824255 715654 148005
727235 877197 139483 320346 605601 117278 225653 44817 99655 226483 667798 35260 475435 754414 778423 778135 673063 91378 49779 29497 994616 213156 881978 192384 188205 4369 655780 90239 828625 371435 754596 72212 764984 410431 392558
886937 527709 134563 931754 143717 877398 115904 695329 352834 870318 473752 647321 543381 81482 213453 89230 76099 426609 971208 784835 131166 491930 956968 221405 320555 844755 492354 392767 609739 902785 301677 13028 946847 436241
944782 90564 829991 577038 302245 182825 963708 775997 346499 507089 373832 559952 112671 966283 986561 600232 751118 117727 92162 708086 855485 929069 69193 347839 321836 195284 766976 139865 208312 713823 92458 153094 320739
922450 246484 622984 621627 210192 915334 968126 233633 289166 528078 346305 771801 30991 946537 522919 665071 555051 747358 520556 484120 816551 384747 322308 11836 668075 462173 220148 381899 70984 889595 218990 993434
652431 358327 615061 862624 273661 583188 96257 79179 627618 958914 850980 658610 421803 890251 323681 976854 153961 360589 977326 970513 261688 299634 498701 929763 278160 235201 828014 349144 124796 563357 858930
777228 921684 990343 156204 711697 89883 252461 790876 717502 727728 158208 376112 149531 48459 216145 642738 202421 93086 620064 689286 871126 436051 704339 317241 714211 939540 661608 579707 580689 224965
954989 874269 146649 945332 30473 374698 35216 799286 165574 752718 527014 840134 645182 192898 404945 377679 835636 123718 987117 455700 813004 858243 891751 517343 175484 122314 973236 837092 702021
553925 578409 657010 428194 241410 118695 975019 616108 153911 774305 298034 422981 817672 138168 584515 10570 59466 962194 846206 183184 465663 818258 512541 323906 710010 546236 15742 348676
519472 369187 50698 589749 947596 224060 17943 705359 859107 992962 321467 13018 283620 619502 952351 101292 274022 536866 628214 849840 15412 990772 549377 481075 809030 61918 804981
519040 124506 337076 867717 643979 706263 434767 750080 170211 175179 768024 875570 550639 277338 197038 80009 77310 332892 32361 694954 123266 569227 323168 489459 100992 313940
38836 582067 122971 100754 903401 158363 741612 756829 542432 901943 463092 493551 652024 149655 185083 420048 25226 735722 213738 738616 815731 291049 587860 848092 502355
711126 933672 825524 716937 551016 655816 755773 133083 778787 372879 552836 453503 114492 309665 995935 16435 289109 5839 668459 438765 190922 604859 980343 926644
334950 718959 258727 142351 306819 623172 644706 534297 556844 470230 251235 624212 126047 7008 273647 421186 896240 826484 391041 10732 652501 903329 27167
941611 909168 211979 896728 616442 333190 877071 59438 668140 596030 318165 810491 419201 941337 455198 953498 14533 441780 204733 638745 84179 728094
912393 21718 624334 255229 412759 151418 907730 316088 694937 365693 741608 906916 778773 358050 240107 655844 417488 424599 768226 252006 235091
187427 193343 206641 140926 724229 648421 862011 879326 732601 106457 308071 754319 730791 563300 683430 398561 987383 999519 93499 869428
257479 415 648202 615530 756874 304046 549370 697826 72273 801376 449269 776052 511072 655910 916978 751653 820683 295342 630979
69636 401799 455403 823955 648943 535055 23738 47504 522438 539609 657355 391867 797088 174123 556421 928970 447349 860467
478341 145175 449092 796069 594444 225145 823493 766706 658475 91498 587390 470169 238830 657026 388321 694233 997334
553616 229288 21072 117472 751727 560681 774828 659946 357769 948951 216367 286740 396300 593186 281433 57828
558631 593854 652272 300128 417348 935331 474955 508846 522721 461477 747676 696099 849798 958261 693433
403414 187550 230857 520886 455629 791538 812066 631927 665660 761017 848294 468752 673670 957832
266537 731498 32815 860391 900122 849295 794091 835453 324251 819290 874526 785728 566966
570626 151878 525228 780411 555292 229130 527621 592530 684759 835511 404597 316686
501171 681966 681332 486275 355636 155516 752812 603486 188332 129556 503609
37627 923647 855414 878230 742937 729941 180310 826256 816919 332188
867836 113682 403832 613318 641303 996363 298077 476815 917312
131115 494338 115630 812447 980614 987619 484315 249778
591105 188999 895686 611066 742979 335686 982833
621209 594975 229126 801520 421231 46045
133708 805419 676079 537541 418737
317383 50256 233166 794198
483920 364281 288536
599550 693080
785502
