75 53
636766 291362 731131 161483 274200 22805 370154 181345 887335 770479 689303 972138 383476 225760 829615 238293 978010 209423 586793 349713 452025 688105 801360 522076 54296 669329 798588 528192 129441 298113 538371 766207 105827 785855 927690 380027 808660 814196 77725 695996 101028 767028 184486 484504 992789 530453 722797 487151 739877 825942 353216 708254 514048 154577 746682 568344 340258 545270 612889 469699 843383 151260 752258 949211 937115 679948 845590 262128 10497 923315 474476 111525 206696 658962 596029
715837 189415 835179 202988 445644 661121 556205 670250 175169 710782 416932 259866 567392 962203 872755 553444 321938 540367 305702 787501 993835 502003 633092 255963 512500 72759 730439 624025 279455 905753 736406 995292 95168 571585 198281 57165 749059 270838 727415 440580 497972 144348 700446 65364 622903 89553 618808 461193 629921 440863 248695 623756 942866 398139 396071 455366 470898 642862 595743 266706 548615 332149 261998 160135 420087 976631 733652 169146 247469 461068 609726 745441 121768 310173
327158 261023 399726 462318 722216 545999 903181 487263 686107 846047 885402 82178 301413 872653 725040 413508 139359 790007 745658 917709 466495 165745 410693 200147 334891 174514 661215 460969 436308 299335 771142 763466 560358 687221 225784 798927 233220 645318 286190 919328 491365 171593 517858 309131 560598 759251 722639 699957 65610 984649 134018 532105 150394 544711 732253 1637 719226 909820 462607 155534 725508 750101 435352 285866 953674 177488 601145 186895 822806 887336 622575 830524 575281
656785 139655 135879 416036 378646 352188 997999 363296 486206 530104 30042 30918 778709 548032 266496 688530 526991 938382 414038 277092 890086 216256 230767 67574 333754 934014 406733 221090 72941 237257 312723 729726 893264 964954 662115 788262 317142 660114 667910 319700 706570 697953 866970 485280 762337 133466 690162 289328 588200 620552 82772 478286 836808 829891 62213 170562 763905 985298 908004 353198 738907 737079 599277 148523 702033 261392 936785 535527 437858 604696 855228 144428
819001 238550 146060 581338 888369 836222 387018 476569 456774 469790 471208 809935 299682 49773 496849 579939 35071 404854 449490 773978 658285 48767 922501 360319 310159 375638 412198 264369 980334 783778 925149 315687 22329 71210 897025 910698 907432 800395 903619 364207 270186 891179 174142 86220 940952 670991 182511 492375 592197 632001 266353 250483 197120 705206 127154 23631 597197 55704 288000 577531 839483 213150 893219 861812 284360 306596 288862 708144 623344 708833 72351
893530 600013 762845 496102 57317 950189 194965 549693 58738 343319 332398 825573 540439 37605 952727 564071 634802 524784 368423 728685 364267 581573 138256 742431 382285 961205 547645 90430 584549 256478 679133 994431 856491 958331 6885 913809 424872 201850 979854 483610 61521 312252 309184 118313 866209 778263 682384 17363 303047 50807 746049 183666 148733 400657 926097 531018 878214 473742 137800 462763 730221 333286 973546 103064 291617 980431 533225 716489 698634 513079
716451 276507 825332 25635 394820 207893 320251 593556 225257 139650 644364 971306 323317 309449 888315 249414 356819 766530 239509 10972 745645 486082 344258 719192 589146 635875 215975 638724 868716 914609 668155 585167 707469 9839 610803 102289 217733 447406 695846 442990 587056 856562 930648 426725 166011 818963 192492 39182 585493 432001 50154 847491 434435 394412 566683 539933 546639 782658 178657 415355 213620 846813 523 437441 373004 127678 539730 590737 91436
235576 33727 194844 608490 964375 621570 290853 299691 814062 330036 401536 762415 896542 249027 196850 807307 815710 736783 353946 114721 431793 285654 844693 794958 286177 282134 167962 930207 338216 275052 21643 90145 308779 732839 698635 789507 354409 989489 89198 684823 835877 490734 963590 732419 739762 676792 56078 71824 929928 410025 702897 361721 212031 547590 673031 14560 346076 357345 944767 684293 632397 482762 774438 457529 215601 989425 247036 86363
978914 852586 771186 331143 343320 251129 579915 599434 927921 635993 187611 857849 562370 890508 735922 774401 954451 925305 788961 300527 282651 250080 501172 915048 732842 791962 888929 464796 781388 135965 551159 760302 504903 838697 607798 364576 606178 187713 964010 534100 340058 667973 908301 902429 558482 644224 193182 512933 569529 982144 329812 368532 748576 347337 283581 997771 139299 688862 462567 920687 341180 530078 197342 846083 885127 805140 210659
491306 509205 691022 25406 849263 358995 450059 268044 433829 94283 461227 463114 180165 959723 309279 548697 708299 656616 348630 706070 795915 37493 684989 716603 378673 731419 913945 224756 616547 235437 951768 107853 744642 159142 649611 593905 34489 99670 861950 468319 710306 839529 931433 890471 799252 240712 955520 507551 897328 304151 729974 209596 341644 414963 926199 236669 146383 840144 977777 279282 591933 929545 903487 336575 605039 69450
446832 639529 685472 825134 107848 395778 664663 555633 802601 463915 312698 758122 487819 726378 578625 217793 935974 436621 149108 862173 673290 811843 218669 167419 91125 810602 613317 994612 663529 218356 64062 626714 857885 749535 451848 482085 661665 632864 37719 464267 613131 866769 738741 100950 593147 317366 835095 45474 270339 984204 907647 943629 312399 642669 627400 403525 969623 240717 914489 149505 459074 978552 776219 833311 244439
744419 315397 906104 377283 353116 886723 990415 736237 625464 91365 329384 459182 442813 374858 729521 943369 798858 189502 255768 957879 816903 659293 927502 57620 573783 593359 33046 68687 369578 866358 313126 113998 181755 735582 491281 51223 622306 481696 787460 764122 89414 633196 223305 532227 524407 469178 991948 839617 658681 247716 797496 475584 423362 241350 49556 513497 834710 598955 582184 204288 465313 411662 834638 163420
663596 842272 214643 285902 840320 518455 50025 929734 151651 273330 978313 192410 742508 486613 32027 917541 734330 829523 909477 674044 70874 475386 187541 421936 74341 286077 142576 539654 214091 977215 703074 877687 819487 434069 163590 176159 468876 729967 622246 136879 519649 600559 329290 778509 603525 361317 696051 337855 707193 605528 11899 294419 80914 715792 716355 671607 1869 858931 211261 215960 352498 430687 93647
688337 381108 773589 864497 849984 503556 486743 986864 23205 603654 832506 801715 207179 710175 14118 61386 417368 619646 73285 711787 216913 789077 944494 888520 307298 803426 616134 523258 672276 563173 133258 360614 944282 423199 741463 310618 926756 228206 813834 466313 348212 646340 784380 71744 356516 798498 133130 290236 934497 722768 2024 151410 28197 462870 556282 335496 266296 172416 375106 454925 251942 24716
815539 712576 447916 73354 23194 891024 301560 353381 873689 166124 999721 658070 237868 872589 972920 887351 162826 907417 610119 681202 58827 154668 144072 131462 6516 926721 820230 897975 381646 72172 922691 713537 784748 886959 786891 324295 294335 604803 677676 684377 287279 193749 342447 525148 66339 315367 928851 745517 739137 55322 426719 797964 209990 87143 445778 732859 13864 266009 630834 911862 854533
69877 625399 639282 473189 928642 479929 767524 533445 157605 451901 820725 867706 310700 862225 450397 142420 791076 195914 881557 846398 622633 195873 572740 709777 641652 305599 239993 424013 452785 151856 278546 522663 777255 434180 995852 705898 914109 279728 755695 588066 247982 92772 972125 558682 954997 422522 217454 262425 618437 615363 625175 757422 811237 714268 467199 969241 19867 223545 393254 989005
375401 188152 511668 669008 622333 507520 891258 52794 303600 646954 157213 551582 739726 129338 110265 211076 551860 844071 473501 686649 459435 615029 444072 787024 329297 427623 756265 865516 651168 665871 854521 26569 854023 366189 211930 992708 390061 103188 561855 693662 750142 719068 245244 6221 364758 871861 733649 432970 715933 723502 119620 691720 338531 563692 478744 667828 991315 235009 49697
158836 417232 904218 185405 787607 786760 397335 780316 176821 16876 858523 386835 767018 93943 632080 289591 458701 20293 23240 408023 252578 263095 527643 944298 601626 91335 939394 785807 599003 174403 835504 757839 107987 739722 459596 895595 42834 373284 192263 219656 390160 50786 122843 673530 661081 271275 963122 636134 291569 502714 44157 60499 765809 571801 4798 883788 179488 460544
669595 778491 634948 21451 52682 259287 277525 512279 154882 320360 885563 863497 540016 275723 914283 179211 949253 91716 450487 428727 727850 742056 447794 772008 802555 213603 343809 323705 613743 523297 784250 283338 818141 935550 304789 870823 711189 582315 899454 866072 902675 785017 729569 959043 577092 160205 138254 42698 251921 588741 471425 979772 847149 435571 751780 166057 649175
611941 6114 262918 651590 306716 62609 469731 758618 883750 856907 469808 466065 756361 852232 885092 57731 581801 360487 151175 258358 15094 193873 510280 120187 181651 6404 967337 617222 274536 649746 782749 886477 655860 562020 54419 478929 624629 524151 237547 24731 897410 707355 490797 653771 559587 892241 227854 657741 769081 895382 916099 784175 89255 942731 904362 787258
465487 388051 920833 740023 554149 703582 142852 726362 781954 197272 205291 922935 237775 959190 947667 135185 182898 954816 305308 258837 847057 49515 916578 616138 944897 349030 916665 550504 808113 337380 337763 273601 725431 774948 529976 795933 994882 189181 522295 776837 902805 727586 699772 140580 686776 647439 792117 386026 602255 613777 644864 965665 663292 561442 98155
124541 426824 14821 675046 234938 352201 12809 24891 593984 304109 71219 389917 298991 776752 912212 75828 679557 156150 775601 336489 359279 939392 644958 745305 58000 258736 906521 540017 438380 467964 638172 562922 411140 169345 237968 162430 37898 767129 703673 148235 71238 291245 538152 370229 67997 966717 962410 263907 639219 254363 600396 514850 193755 761707
776508 768107 536795 683029 308124 975175 667345 462649 54449 78486 148346 808769 757268 702597 92250 460942 850832 163488 752187 905336 50070 820184 388405 528832 600443 27625 783195 717192 58827 493302 478899 835335 261410 15694 34717 85886 507221 702062 64887 78023 296900 729586 886792 54169 432183 495395 515111 283015 175235 783650 188351 225305 120186
576757 754137 720630 120734 53684 437822 695913 546987 916721 47601 324749 448767 82318 410635 472340 300732 991875 550363 597633 721461 953508 651802 153644 448903 683265 436659 624138 983267 141362 365796 103453 234471 636285 824083 355205 689970 261905 567471 753309 694978 615072 78058 660097 697390 488693 132438 998122 996920 199153 112107 718381 669013
763909 388377 117916 963526 825036 258407 946793 482751 140555 50247 717222 293192 390682 72428 983162 652588 156251 736471 863918 771323 814529 524016 468713 819575 656454 983187 332847 371959 95295 51229 40973 375556 439606 675241 855435 780995 450000 802228 263746 590555 368827 980968 400100 759510 569748 383262 928450 725999 636086 792368 13674
966967 316384 482387 302894 489190 981927 635742 861150 593574 203323 418475 969130 159281 93716 824565 456628 60069 143146 720374 650624 511973 217695 50724 271483 303795 950339 716285 546147 102777 508654 559821 586096 341390 558561 405343 830581 540488 41085 208083 134062 760760 626558 619544 436393 236626 960462 893022 296695 103608 613396
463672 615581 347443 30748 403417 651239 497439 119702 197386 600216 144708 757207 702665 486099 315768 108008 833032 372608 665445 41115 23022 942557 184025 642567 378950 937003 603029 271972 233699 222989 401721 213723 838570 749164 244471 758339 916755 741911 394394 114141 858479 55454 387701 77496 541553 219821 185504 890937 108782
367301 448404 131804 309858 632429 774371 688809 569433 893752 477133 319484 116741 878854 533207 471664 628019 294030 746355 544774 35941 657101 175268 410773 712556 79321 4621 254109 815494 706478 145047 924276 73779 593451 56081 899990 742233 346804 105151 828018 756909 582284 147502 390002 461139 197061 861666 605510 491091
124374 666636 43385 781475 841904 454158 494031 437577 975131 264493 253072 681609 925892 693700 755389 35695 749781 171731 777928 612938 276882 122298 886199 859166 269800 276201 320305 466861 654220 925815 474305 778594 592452 517690 76421 950708 488200 570453 904638 463331 834946 674062 144941 277190 367762 416682 312885
633896 588413 607166 763186 381647 729464 649385 240813 515617 925586 77471 498830 96158 519638 973135 874752 628442 490825 951174 95503 495377 37979 141 958709 389277 190555 620002 666467 558317 553036 979352 708565 657801 586518 471751 39448 832335 121136 796613 347952 563075 874084 846782 659233 910075 336270
50338 538517 343447 517864 634020 838825 72195 150513 313886 461472 341068 933888 127939 415738 3276 623643 124303 661077 726514 112407 700525 558849 749895 497138 423153 312970 887575 786287 488556 797650 122557 55246 336167 982357 573110 486540 821182 161657 637053 651420 623129 494474 585308 267420 910212
104936 891063 550867 766013 133929 663274 466538 209130 413170 480028 632283 726140 367603 934923 731048 165253 573832 786294 17773 556189 875756 504313 893723 37413 657718 545143 176894 152192 646803 444314 578756 751739 851730 129624 517752 985659 792898 500642 711142 206068 980671 343425 448561 864626
794700 179609 29880 368533 482256 564005 441074 874364 68318 334798 428130 242388 879941 605024 394581 43097 565691 489689 794836 933773 619313 828941 435784 412212 329583 146926 618280 826606 6704 583193 207585 801404 279155 237465 686289 761411 317822 127364 635775 386140 462162 580257 144880
858455 701634 539461 901552 267325 29151 212741 201098 164816 41682 636882 577028 887617 783809 711661 230576 306865 294854 438161 108269 574009 191978 794559 851772 509800 921923 3900 412292 900437 584157 557172 758892 285791 612986 176797 69468 158489 389538 786918 323305 947572 423801
900334 351541 723962 128347 582117 30827 939553 20278 655448 29915 728608 450007 881687 238408 888282 401939 650700 305071 502449 724225 63964 304592 337211 757113 374061 495700 146651 160979 819005 610575 101132 235691 962116 341446 364038 544234 888625 303592 80864 544074 849859
809473 510433 247898 564233 915068 649838 731286 220139 152287 455511 800455 973231 309074 557568 347292 804774 220571 24624 140131 831146 642108 375823 793263 983555 739861 853849 872180 559805 451065 416254 926016 776890 443040 173915 341124 358108 823753 588762 578247 492392
44273 378703 465623 353347 452623 329268 674473 673195 353892 814604 504341 996000 190427 813956 979555 446641 184157 368088 522798 635223 300694 448815 412113 743734 622730 269589 101842 962835 858351 196442 455227 418976 91497 920850 288675 544120 250118 963148 217315
120362 777753 238009 116363 484532 568317 612270 447525 752475 980358 970324 904050 281053 935491 316163 541139 558221 102105 159334 521056 476808 355776 492635 895785 963625 413485 184460 507745 179956 663961 241413 300318 958066 995774 933033 442598 564091 61656
890124 316566 558366 376800 220616 839419 828643 53132 896911 386864 671589 56245 424272 148397 412021 433259 44182 375646 363096 744995 399743 543052 408956 157508 359723 883374 153282 809108 325972 717374 870764 732448 550292 429131 625600 287261 784902
454243 856745 198165 357459 528334 254410 298083 676731 182783 731342 237266 74781 94439 498613 474525 153843 423921 148385 513566 307295 301668 839027 149619 535394 226143 398420 602038 171626 24020 889299 472881 994616 746044 671046 352075 274378
925457 166511 467462 108240 897853 221080 183022 992292 719693 173899 662488 659966 322284 692406 967261 140304 531433 116880 675698 757577 515300 794089 445555 55673 683388 918436 50289 945785 589483 918716 736515 31292 85227 203977 139532
499433 941409 838906 8077 661102 12805 670565 321068 851442 362972 804681 991746 894405 921562 183797 168334 953214 977886 130242 525239 661274 48678 91880 123411 154513 10597 859927 185805 612176 580256 841690 111609 521666 680596
119687 699120 209754 306604 20189 61196 669576 824870 569294 80334 262784 753091 765020 732351 730977 895262 773942 908604 943941 865823 32015 614806 392772 891942 316964 4948 988551 158654 632910 510217 355602 268949 209337
81708 575553 745878 659256 245130 87101 228551 841816 349885 981642 606836 598588 228972 502099 372531 137576 962392 754706 685943 577198 147478 94238 894162 668778 82789 569168 301688 593006 441123 86989 318695 522831
662543 64574 182088 424025 151675 926991 265841 17912 424985 872677 132853 653957 891128 21736 307885 853520 776442 993829 947071 923920 604419 357585 109050 687208 443106 927091 796566 884229 14080 115261 923412
192975 179835 105500 133352 847862 548843 399193 865775 973829 788223 998628 144138 679351 20364 452024 49224 313158 962205 512647 753430 566624 870232 862480 770184 829690 789571 566750 713919 320004 682011
637332 29331 378199 259184 162684 226061 324380 78229 608188 298209 866452 123168 442347 62156 143532 410723 627732 456690 372928 140379 210120 455904 526963 588953 226088 356654 894876 792838 586925
731232 991202 740609 760564 369401 516146 923248 111814 840526 517829 236355 138735 900634 359523 97434 962790 19408 508158 106874 992450 397438 247253 718923 853343 290568 307876 79431 647222
202752 388622 750500 450337 379824 491109 210901 265577 7255 650501 893743 847781 168330 130098 502868 68964 5974 600303 548106 25382 624813 654980 534184 22251 418585 253107 391946
709154 77335 987730 872728 796440 376352 623228 246777 756176 630690 457678 538105 637945 108179 431848 2079 792861 78299 504947 378178 84273 105250 926284 626007 246415 581265
160191 785019 516202 929651 176965 741708 6986 164695 614437 803426 541047 754017 50203 813575 384707 24233 351680 539005 648764 299881 541084 441626 378180 46031 819804
978805 667634 262440 121164 914049 360057 797707 699068 876260 727358 392386 617968 250697 557081 748757 54123 614481 502775 620679 428056 403834 644912 296089 942839
810029 595970 483923 251655 490502 46307 587811 985659 713941 850251 106823 144342 210309 420882 359763 602921 664593 752149 220889 915290 309230 969647 485765
923711 472422 622796 868120 876256 784061 164209 335448 594090 760179 819371 362097 767033 865678 466260 752692 95971 316511 375867 240314 43172 313101
600077 646093 977694 868578 866983 409336 694160 352982 411454 134224 341756 550602 2344 218012 334663 166553 69812 445105 443084 889184 323554
726469 271214 789814 995513 367186 622678 371380 123852 182202 200833 240281 828296 178528 108859 211631 104216 803019 564613 32022 937243
906369 582625 455939 640733 433640 138844 226898 395098 98280 116082 235004 824749 903648 24819 820262 787186 163849 707994 911038
346051 908828 151319 690699 603708 260178 418682 707924 579550 499647 256299 516793 922368 355276 489085 79454 305268 627929
306352 700366 726210 938786 935371 550959 842434 476542 887574 629621 156743 595568 540659 19146 504396 691979 709846
624456 468509 128528 848733 48059 628176 105032 81205 550544 460308 570290 146350 765576 714571 452702 982295
440781 391488 434018 508093 233923 426912 395667 379896 583655 507587 920555 602801 11984 128886 828999
636440 113748 473880 485173 678159 618408 106557 759364 685304 83217 846006 831655 848794 560578
284357 347441 517711 675846 781459 25804 426121 208371 937823 806017 308378 445411 242924
911179 973747 888163 256531 126539 1911 730411 611713 680070 348819 234622 955787
34123 317840 318145 865778 682986 395075 666488 30427 912787 342334 328238
454943 284807 52961 392767 90824 361339 838178 333748 788870 811925
221911 45401 938464 740174 775812 66529 936597 640983 817504
892384 191459 135344 210529 573589 334682 605605 240077
365109 34744 98763 209699 489687 383570 262660
882454 990746 623999 236984 324495 412869
565261 62758 974623 20078 319285
750435 602959 255882 907771
420463 148266 99230
72159 875147
672819
