21 21
3 3 3 3 3 3 3 3 3 3 3 10 10 10 10 10 10 10 10 10 10
1 10 10 10 10 10 10 10 10 10 10 10 10 10 10 10 10 10 10 5
1 10 10 10 10 10 10 10 10 10 10 10 10 10 10 10 10 5 10
1 10 10 10 10 10 10 10 10 10 10 10 10 10 10 5 10 10
1 10 10 10 10 10 10 10 10 10 10 10 10 5 10 10 10
1 10 10 10 10 10 10 10 10 10 10 5 10 10 10 10
1 10 10 10 10 10 10 10 10 5 10 10 10 10 10
1 10 10 10 10 10 10 5 10 10 10 10 10 10
1 10 10 10 10 5 10 10 10 10 10 10 10
1 10 10 5 10 10 10 10 10 10 10 10
1 5 10 10 10 10 10 10 10 10 10
10 10 10 10 10 10 10 10 10 10
10 10 10 10 10 10 10 10 10
10 10 10 10 10 10 10 10
10 10 10 10 10 10 10
10 10 10 10 10 10
10 10 10 10 10
10 10 10 10
10 10 10
10 10
10
