77 41
488276 532524 341820 595682 905297 171752 151040 460058 172516 7662 546747 241688 254968 48190 936971 79996 509629 746138 92879 745120 616102 293358 622664 96300 460440 578952 401608 914444 46413 681086 276836 534689 729962 618657 646723 151611 306761 797763 611670 995629 321777 674769 753669 576745 722959 690641 173094 232589 436779 265973 494061 569233 559331 116725 181885 19772 695677 583493 450568 742090 780932 727404 793132 510894 862413 439855 662506 169174 237619 790528 164803 559396 465297 918473 652494 188257 125466
825588 937198 78597 91561 431259 647830 167244 64337 829716 703368 760014 929561 153936 18457 710493 397693 811589 737740 260106 767796 400246 429281 521767 707126 110436 81164 172423 545261 250010 877032 670727 75598 814230 265676 683511 245490 913507 367107 826179 259575 70476 586193 705488 740764 121002 415982 138457 448943 153722 398564 216740 70320 344197 738507 777446 454633 336023 466221 999895 586033 343254 186974 177983 157484 452651 861494 919326 882510 744954 745505 658437 815430 848051 363925 72546 485405
779907 211004 934349 449981 125920 667441 36653 470117 405948 814099 441102 258324 796673 957349 844357 139927 144324 538693 813763 113327 400187 733090 995837 145141 994947 654274 476923 359350 18199 65822 844756 314459 793178 779105 280792 919098 446546 317446 905567 368846 647897 346669 627170 444570 820371 987880 584497 964695 526573 398261 78022 443112 647703 73859 104606 159002 244485 97881 518353 779036 163703 363109 93495 956881 142214 374288 392331 105112 691734 297898 473958 339631 160920 617481 300554
981291 605361 885051 462338 648286 799664 540360 607750 963719 130571 712356 122722 891408 810238 641075 670444 490293 4184 763940 447175 662750 654580 839506 767862 862666 653757 758172 718649 331029 375653 19203 312320 497366 420607 291010 145652 220271 347722 753403 183991 478293 982111 306713 886053 792349 464140 556497 282643 984676 836789 246170 647426 7721 85676 931640 870387 255785 689812 589037 586814 65466 124592 899134 562832 545199 706496 224837 281823 54218 494592 465814 532511 476703 288879
934916 785405 269371 491414 584400 254047 844555 830570 901473 852277 432598 833113 722664 688384 39277 828053 275198 104743 468998 690685 183928 14197 397181 925117 812372 451400 419709 278186 500263 412764 83417 435180 198169 869140 442946 782569 123187 803853 613139 541012 656130 45738 890477 895147 250474 929755 239552 525672 550850 708550 732709 251130 239100 129891 176247 51472 97643 112308 846011 597906 525073 445780 549438 723242 314921 508736 505812 438108 312590 635303 979121 968720 197393
869598 380219 447867 799353 619772 489892 866556 328322 222601 117686 567422 868844 293934 135247 482839 922594 981258 80746 447667 427038 146536 170910 258311 655273 193074 696420 484215 344729 191893 969287 542123 577843 349507 506342 893549 969279 996234 760105 813953 735188 877791 897728 604032 688077 32975 86872 610672 530585 683970 58339 473975 346858 745601 732287 518483 455027 428707 2698 799757 136952 971986 341880 714795 837845 848222 608344 807124 360809 368449 621077 95997 762593
518805 216381 450670 68132 819605 577694 598717 19927 636034 72693 366786 897987 321332 401621 353015 266391 920672 152772 403343 409010 11004 634490 246855 375578 242835 53979 736387 127636 191408 348736 890229 226566 565118 857252 811050 384723 434946 409768 921003 587332 998813 804141 485320 836497 205762 354687 102888 126434 23811 506231 535444 34815 140721 298651 410393 899908 868982 663133 27545 576743 11869 434126 803309 93339 291378 614359 994415 726325 540479 915418 830009
55644 719559 315329 408493 925321 186368 511381 568108 210179 533964 619904 244994 191038 918556 171740 90946 303890 351225 634843 880633 363094 68970 683942 972786 876700 814654 967201 603025 871485 882619 949387 443482 602178 264716 851975 43851 967437 879709 611959 177616 413673 231864 938963 604711 666772 110703 212010 970662 978280 363205 851296 857726 432175 51590 830512 308876 382596 797713 428253 770434 680332 377640 213916 798862 158709 582243 842714 126146 461952 454673
820114 391978 202889 759077 513041 386013 386132 725051 356676 364412 88257 724324 222139 36784 292266 52651 862012 674863 366717 806618 445297 47049 184258 175565 845912 859319 274160 204978 501817 252465 659651 321932 644443 378893 81009 157484 764906 467142 398888 637934 347906 3497 362258 570045 556633 654525 139049 418646 845740 505766 741616 807389 69167 442226 982954 915079 301546 257114 120057 319715 509579 296061 641647 670374 191306 239009 827859 956212 222503
743099 594147 570409 262948 472757 656807 819581 643634 795856 754579 5726 817974 496195 813115 887141 938422 796069 318573 756320 569536 954982 76035 595467 251043 234035 265842 442349 473044 610053 914914 211899 869504 25413 782308 132452 498170 955467 468385 658157 751323 222965 663883 569297 235512 476999 972791 173934 789420 291364 446606 875308 246346 522642 470776 13742 756677 252970 972443 746073 863023 887357 957972 732527 912770 256632 381331 927293 212100
849716 101802 479775 589033 282037 565425 824546 759036 538216 514832 64809 345932 961439 940117 592278 433 927245 606020 273462 180215 94816 19535 43238 982173 493859 292117 411296 266843 189800 854941 995295 555869 473095 991423 144902 755132 556848 969448 30521 611416 633 95330 957348 962072 551799 549626 962505 479045 671999 235967 659260 283167 771854 218851 781692 782065 27320 192988 48908 217121 564281 560556 772990 553728 551979 434244 308861
108827 403693 339382 236595 920678 951064 193943 882750 19215 259921 361607 14612 448272 597574 673873 731439 885780 409076 513132 667845 436396 706120 233105 169869 786754 793661 459211 340482 345640 893456 165695 970819 813501 21429 723766 734179 488845 917709 133281 508061 177631 494888 522673 625903 608814 712898 357343 494594 638326 870475 162439 591075 92947 911896 760944 396053 705558 736508 252888 567550 146316 418583 54722 476169 440013 778488
210348 445210 212550 859981 953271 390181 354869 992297 532436 480035 705195 406131 974629 859874 792958 653420 450949 402258 565316 728245 314663 787226 464753 567551 354777 611069 502487 925851 87238 458852 704339 813938 904062 916889 190271 857334 823422 545140 365983 872211 541527 587530 794694 516156 447404 587653 685928 898353 506263 251245 626599 820926 554823 607704 904830 909600 735126 407317 835451 338716 866169 56143 152655 770231 489384
859278 143917 829159 404419 509900 701370 462298 97431 496064 978455 544835 600069 180735 959541 622684 431980 586140 959963 503156 710196 864793 412756 445322 272110 764560 784039 654631 337055 453046 424862 826439 312324 85132 655598 233095 595032 873320 695394 208815 885737 190201 753651 2158 370936 229544 624843 319269 332036 584806 822425 42232 965951 751533 487555 238061 32445 787946 409044 369500 757344 833906 712292 69668 435390
367890 819116 30423 757563 30862 239238 643300 737415 509241 645458 624703 738785 786653 943972 587173 887811 282749 629406 853762 550635 633313 608175 583080 421259 17219 468933 694955 367478 181225 280975 802868 65467 100091 349643 823030 647305 588882 982682 384720 614475 628141 9424 869613 414794 469748 456786 302606 268850 602544 672720 819485 235857 280896 918917 173468 298115 387850 868423 181945 85427 149399 984814 667247
765842 334457 6629 413148 439691 989312 314220 570519 617453 323644 956484 548599 793393 413270 367557 578595 15815 40278 398080 768024 321174 316997 941493 135641 221200 326268 317587 822979 475667 818753 490226 241510 153210 496856 171010 109254 2520 485230 196125 619973 325227 152609 684924 634972 82231 568834 213567 614398 609112 611647 382423 446638 444996 840268 98631 666196 166536 416218 5528 642204 234971 495754
400066 904534 508962 87428 530140 511482 572658 726265 647807 897885 395226 849084 532857 477457 417918 746424 91856 543382 874423 474279 506372 319420 314547 605003 501968 997435 21222 507496 155991 772545 519603 556057 193431 544917 643485 723571 56400 732496 966188 220559 146733 361414 69643 679591 838872 3913 942367 930728 547295 333143 921359 53667 652563 752258 658671 670883 749693 196245 694732 905685 485142
730687 978094 678574 275604 137932 402145 848356 870428 884686 68916 17161 246100 654911 213104 601324 658825 671824 532052 722472 4967 969763 292492 173882 238373 467515 844765 504419 663760 539497 410104 665254 270184 904550 343828 62141 42482 262326 910497 429262 147012 979413 446424 909464 634325 175880 510789 809502 847704 559193 48326 852671 528957 340818 26553 283682 808333 387671 788101 988445 443520
714557 653700 230057 619108 513880 292198 177942 776206 202695 607205 923218 698461 569981 349035 849138 262213 859824 174992 109918 419017 223318 478941 464326 564137 21847 748009 888822 925870 536110 393620 369390 250668 47320 115799 386128 561200 924349 564070 853759 643397 687627 293329 341858 257608 642364 707348 519822 502188 882340 146092 437558 622010 141385 901884 702499 163232 166245 591322 89102
702356 984942 974845 469376 548614 90644 855504 626166 14994 935926 479925 658391 623554 773255 516601 397514 415619 740301 433688 434160 622641 579780 871718 244651 237518 773602 463503 400750 939848 54825 6205 158556 556119 497402 144284 104733 588046 516140 247251 119392 452066 727177 294135 591972 500432 327088 505839 916051 67389 939527 350211 206382 35660 738281 451034 273178 511884 430889
190280 968084 485714 196485 642992 558185 693887 787276 179270 798286 819768 426521 434030 788186 153698 244518 380159 654130 571606 885998 86534 638996 341877 953097 845378 377537 691379 812764 167067 719615 243653 357348 204051 245719 553833 847043 803904 764073 150671 983174 78711 970439 409696 512741 274977 563394 757259 655136 733877 328866 57486 820411 484214 399364 289860 845944 293253
981239 658709 460321 700854 418714 817669 904905 664434 887854 268300 984690 168279 935323 967865 246990 422114 893913 759732 697092 457307 33343 352228 707536 878561 926067 44299 362775 841783 334160 208720 135036 315399 383781 595357 532606 318847 929378 953863 499633 817233 222164 484324 985512 673839 968541 748855 95954 862454 24939 793046 836113 58282 661626 543650 936844 104045
587949 815971 945828 438461 541043 80865 753861 924824 192574 802819 243672 121953 756682 259657 455538 495198 743981 957402 685390 712522 706257 781344 574976 731196 90742 927442 789479 752368 471092 242675 856414 575393 58646 802242 13855 599690 399459 284068 40866 592034 86887 800890 713987 359921 60548 169525 371472 804529 643279 56862 33404 349537 354558 608380 80733
445300 52174 386564 714020 523266 145591 86786 615012 204238 405381 628867 320280 804840 429287 361146 396874 516174 678389 627213 392447 738937 796738 280271 59818 440018 853485 93222 305907 208043 217955 902992 169695 270129 805909 883716 309748 951500 486854 924760 672090 892235 69979 992370 697076 499266 869869 93950 531792 548258 721164 440591 803547 34254 720863
379717 990624 90700 989292 812883 815096 723599 715876 984791 510080 521785 384859 819828 989637 871714 260940 661728 763949 330919 170450 977377 346537 40319 587680 878329 104929 308844 318921 424828 859450 556136 320898 366427 163188 310190 179310 978284 33789 411538 479428 60221 449675 380639 396402 439313 252353 657342 101041 532655 504614 271491 26384 851151
828163 614064 245833 449444 439260 81106 874273 815063 153594 195171 181490 316782 21713 877152 295067 571854 288691 290847 632075 738366 671486 28477 694031 440192 202172 795072 489199 706786 582916 515583 74289 927431 129648 836474 376875 568908 917580 251148 900323 71174 962671 81813 387957 984384 958966 199376 556238 764009 490223 704666 18727 678061
733143 712759 118253 935315 24183 607452 158453 123451 639388 749095 50882 769036 585569 427758 854296 503150 195258 754620 90676 157930 352785 994985 658666 828103 710713 731257 108464 200936 435923 127192 395350 169066 356303 513603 620734 896838 637408 779187 20290 276796 44634 587524 562184 630204 15282 932832 649706 726893 203804 256734 401175
72942 251720 59841 901045 962433 791098 9510 679722 227021 653054 75072 912440 525709 105027 533174 422547 742435 828713 442837 535583 389700 30362 97767 19904 561996 546952 185962 805241 750756 442696 206416 823698 694416 782610 241096 173202 573708 766958 852924 317082 420012 444348 745874 945721 549375 795400 368268 291811 624113 327458
827394 13813 874172 441514 550069 436168 988466 736031 241410 255574 695080 964178 79273 389496 746788 320369 562698 836849 87327 931974 670283 23691 376322 416157 485764 925698 211557 370384 733861 352022 214194 77607 882188 88366 519121 432257 40887 507587 684641 798649 763162 379721 762827 358787 285569 25968 195508 364620 862817
799187 296594 533100 339230 189269 949257 824994 631319 677166 711730 365180 29188 925925 442787 911376 14291 478261 859986 571530 502200 544627 370179 781714 440700 649359 140501 726269 675327 852361 90889 538144 651548 903836 587596 990778 93105 536853 332124 724424 214019 43855 605956 759559 486132 48743 670936 500423 527004
530922 588306 545557 75549 958485 327271 32601 607844 467773 758870 799523 320134 849760 854019 488035 753596 441615 995165 363053 978468 843642 87477 708839 887497 693433 468399 889981 258528 655687 390404 301885 186609 495062 847442 778510 453548 174713 811111 577744 158838 569981 893620 995325 936093 747639 483360 206041
189255 994877 569094 684075 838519 172923 392915 242368 382708 377666 132349 157589 33353 39106 975826 219962 534168 823268 514824 504068 514333 325935 598165 189524 412268 491785 184849 348362 239424 184561 70755 428679 695790 639850 112755 534310 329125 22022 293030 711834 399688 941732 385775 949393 980838 361601
685707 31358 701221 200531 51779 215554 42818 649944 921430 455086 141729 106279 319800 897505 807192 390556 842537 502983 546758 955292 37293 875883 493666 846675 104069 409706 788407 489844 359099 285597 367797 44806 316956 69018 761689 885087 800925 804507 535031 722355 259593 193112 828635 579394 90617
635827 486302 933154 138810 33060 404798 692455 908943 898464 55483 529365 824522 843890 19209 183621 645840 387007 744779 479148 972377 506468 364235 773302 310975 899266 495658 86921 608730 324293 182667 699347 476472 668969 148854 131635 702029 70004 340442 127324 484821 395925 656689 309343 756168
192251 492965 402008 95610 754096 397508 67987 776917 761743 841290 87892 177361 853300 691165 786091 693945 873832 1790 170417 59153 666996 818404 761182 737001 158847 404859 221822 71124 577900 531165 343644 286503 540482 262004 382113 294579 659512 966453 587848 421255 324095 192092 114968
177395 883258 901059 871340 273442 419202 558109 332596 86198 376514 610130 823199 51713 531341 561373 122837 109242 92539 982834 395745 149373 244838 294211 960304 420703 777016 548152 358310 101111 740245 473279 794858 623503 890690 182550 413297 309892 740659 745893 396091 633525 872376
735642 685238 403717 297016 324428 512959 389555 307262 425057 55280 68452 235620 15585 489155 12636 563737 847466 113747 303982 320745 908605 443837 727787 607507 857135 37680 348166 119380 433771 981692 991756 169413 183282 911826 982781 507710 941137 888688 814972 366194 943969
883425 601814 959554 888932 614450 39643 736398 244549 343626 573495 669506 303815 301283 277013 677302 338963 141532 796683 289086 123224 304791 974851 306506 216617 957633 330569 157755 846321 145541 523949 790290 545318 642116 266196 434251 772918 305840 687001 17468 165818
260497 203326 469633 78132 480340 146936 417095 621872 459971 222533 261448 764762 197384 84306 981380 671369 414875 139135 34043 76769 179436 340685 622087 337904 606882 572690 110823 429074 259692 644643 594892 36541 847969 580877 114673 844661 244165 48120 982885
220488 270653 244333 985251 984389 844992 482983 655759 259867 138470 206154 852988 317906 546839 475076 172163 670073 564118 799338 99147 823810 960333 210391 860351 324654 307621 491376 169316 551786 539496 152201 288627 810149 912887 273878 310891 757879 756861
483002 534098 411683 689156 387087 245941 752347 378515 418104 422421 942633 733794 37920 282796 694127 248312 659499 18782 555933 150876 704450 624071 206724 373003 912698 533226 285890 702928 844117 560121 976141 327119 610572 387824 532627 514011 633766
284974 408878 568222 707395 351511 302017 745316 150659 996144 509980 326511 531278 582265 993739 235728 206336 200463 608732 635387 733689 410974 854667 94158 971096 830809 937629 98020 734985 470256 612031 368751 271583 20909 936974 495330 888772
238991 240646 555784 751487 266978 882295 282766 849243 392386 518494 571932 592849 643578 207319 842891 54553 61986 937049 542001 409147 391031 640021 144133 861287 768404 29236 132870 305665 966210 628201 710789 721553 385199 266573 473041
168530 665220 272159 17773 57606 790653 589705 650456 434232 313376 9699 5137 891715 463100 547138 300862 854131 187159 961347 715419 471915 990584 364641 777580 473146 509194 488369 194700 410746 754943 184093 579276 936515 456252
113401 994122 763257 703107 644578 713841 532835 170629 718978 424550 633729 782468 241765 487861 969627 203112 719632 957894 710048 600625 735474 183195 109820 740196 894247 36918 11491 78340 132546 948006 50944 245947 942128
330553 465406 103058 560747 998242 273687 796077 939144 907417 578546 697261 911630 64525 900374 631262 22420 126774 748239 274246 309969 374411 14442 204216 411329 25933 798908 543875 973940 366204 306175 432420 213110
771581 535479 773857 286175 809166 86286 741672 232935 664832 438933 660917 729358 339307 808531 268130 982434 556771 542376 292403 931182 73171 12972 858864 99104 328232 919091 589396 694437 225266 21817 423899
996848 557296 197756 799375 882814 800394 541047 632102 465227 979981 293019 710937 835640 617903 495419 818074 174674 37795 626830 105856 110966 639802 481072 726423 968034 400164 315819 178823 625430 337636
602722 138630 411284 316830 938006 810451 117225 995405 958905 98804 975386 251924 326093 327379 869827 821512 145453 560853 859307 288635 183062 486626 928437 664134 213049 412824 64298 45220 591647
206081 899209 710722 344711 826845 27552 799069 637296 661129 794475 596201 759933 286213 364478 86026 613592 750657 423890 275398 311511 283198 564033 10925 286176 8823 675059 15577 421647
255710 60797 13294 461791 476358 240368 322854 303204 267921 121924 940500 445402 432751 53054 721688 718964 417532 324066 848909 684541 747957 124307 512404 547507 204692 523329 833683
213515 714741 849260 635162 970451 426409 164809 948594 902768 405177 271448 205972 189450 909724 662824 151205 342475 715878 872893 577792 649762 196959 426701 850656 944916 67360
363060 8775 272052 886390 842458 1920 601131 208070 637082 87934 150832 318243 36528 53600 239773 824328 775924 945575 734053 438748 96780 76528 670979 969673 170672
320741 682985 597373 171397 144253 181085 50810 153029 453138 937200 995487 455058 54683 719910 608492 658969 870742 443088 695497 440694 682861 519825 216618 628436
253878 655366 725217 846759 326345 211242 17431 163439 894227 131157 851188 38481 312242 901998 191510 281732 355550 703349 253142 410233 939611 861635 585554
326705 821075 281051 767399 503936 317229 984017 132372 87459 155736 373941 934218 998433 585184 468002 161872 995763 599159 529413 34244 427753 431411
742106 709486 303314 961808 962628 229899 417771 340615 815454 744477 678042 96505 511876 181978 930086 495894 830703 17546 167982 204644 468116
166415 306180 452470 844640 301944 567981 374053 336188 995735 321816 594647 221573 141482 72807 700553 371382 490578 557521 186836 235055
235563 799693 746932 417542 729780 759178 764597 263678 927160 969241 248146 609927 791774 700617 454567 93718 268598 344972 946258
780685 183141 540905 2258 324623 613712 219164 696005 620643 776685 399193 855698 528600 198887 118982 946142 445019 394512
710739 225049 838024 196333 473195 447952 988107 690164 902519 81825 958763 763844 544435 255800 946985 85341 774411
271608 215405 993575 483966 352400 286612 883159 208099 815212 598398 843433 277707 559769 237946 504798 784818
75970 701131 258014 523922 205590 948178 942794 803767 423293 706638 348203 679094 169975 949896 969857
957935 681653 963432 441901 34054 766396 841413 758505 581608 439811 601938 859315 999581 356236
364114 784399 432207 581597 558765 472481 303540 23296 931627 107307 446589 638265 971862
642035 324592 438110 128244 282528 119764 91676 724429 670170 374424 82194 428675
956033 522006 546965 331700 37939 903202 212166 338690 851761 793764 413808
840594 97304 437104 772222 720963 400045 926839 692826 558433 251432
130936 686677 50312 767052 294706 774741 437222 669130 373288
382249 625163 411646 929215 473216 449585 348769 685382
304627 716882 479146 718435 557476 92802 671891
846050 330118 71937 772890 22944 630370
540674 670232 833399 590986 437285
128105 882079 390859 797236
255367 773109 938751
667013 218676
411967
