500
194040 196559
410759 411839
304592 312479
420300 423359
411014 413279
72156 73079
458128 463679
363295 365399
393771 397319
432433 432800
168074 171359
212521 213025
398161 399963
430265 453599
131669 133559
49073 50399
283677 287279
362024 362879
486633 488879
162730 166319
458641 459462
487621 488409
221761 223585
85521 90719
393733 398159
173490 175559
313515 357839
113401 115607
224071 226799
279721 281044
423361 424213
193087 194039
114132 125999
463681 465515
303146 304079
170505 173879
457783 458639
248129 249479
103321 104557
65353 69299
428401 431748
101632 102959
269925 272159
339835 342719
262081 264120
327601 328689
213622 216719
347925 372959
492661 493483
178339 180179
118146 120959
385561 387846
403921 404057
128068 136079
315001 316598
89465 92399
171914 180179
214172 221759
148309 150479
436801 437739
328441 329414
321301 321846
421080 423359
263341 263774
28979 30239
419925 420839
488600 498959
281836 287279
220501 221121
332641 334713
368594 377999
30812 32759
154441 154673
287692 299879
327601 331011
171361 173287
210601 211015
407161 407409
310590 312479
474502 476279
386997 393119
138283 141119
16984 22679
443521 449733
67641 123479
63274 115919
143234 146159
92772 100799
477838 478799
122637 123479
422099 423359
220199 221759
104161 105591
57097 59399
436754 438479
170101 171003
229321 229778
167335 168839
142461 143639
302710 314159
214201 216595
52921 54073
305151 307439
24684 28559
460422 461999
498121 498725
303401 304919
342721 343379
264601 265469
178640 188999
287601 292319
182839 211679
475890 478799
102076 118439
194849 196559
385809 428399
31056 33599
159601 160650
414820 415799
386401 387087
311221 311682
430921 432004
384105 388079
465121 465374
496441 497389
91727 93239
41837 42839
472501 473487
227706 229319
426689 427679
176401 178766
116393 128519
270293 271319
472921 473148
211681 212615
406632 411839
378001 382456
40782 42839
372961 377022
360361 368655
157475 161279
97021 97807
294841 296036
14737 43679
282821 286439
481321 483713
246708 249479
441001 442475
409234 410759
182124 183959
456472 458639
350413 352799
205874 207899
283650 292319
356169 357839
415801 418004
446161 448559
323364 325079
367921 369424
355223 357839
319325 322559
77851 83159
236881 238335
413281 414232
300961 301735
117547 118439
106929 108359
160216 171359
243164 244439
480481 487834
396005 408239
320492 332639
271781 277199
466201 467519
345650 347759
249923 262079
295888 296999
194881 195351
156721 158759
341660 342719
152770 153719
449582 451079
443521 445212
50284 52919
84001 84295
468894 471239
139883 143639
272161 275576
80641 82170
143641 145387
40450 45359
81901 83069
90422 95039
174965 176399
253441 253734
476281 477675
412328 415799
322442 325079
214191 218399
251416 272159
257041 257611
469571 478799
480481 483494
330121 331975
182449 184799
110881 114272
104063 108359
75922 78119
88521 90719
422101 422310
244161 245699
360638 367919
87340 88199
69288 70559
372961 375609
1 45783
283704 284759
195010 205919
403201 405893
493921 495420
308881 309318
365583 367079
111438 113399
323965 327599
421258 423359
128898 131039
226668 229319
384498 385559
362881 367265
388081 390835
378001 380020
406981 407255
189286 191519
449568 452759
154616 158759
99091 99959
145489 147839
46115 47039
267121 269009
337681 338587
112321 112580
273001 273395
173378 191519
79787 80639
232860 236879
317521 319012
442555 443519
191360 194039
154416 156239
431785 433439
459361 460469
236841 239399
72568 105839
118441 118846
292321 293407
374221 374494
266704 272159
50289 51479
488872 491399
422281 422735
105208 109199
287558 294839
434281 435049
485101 485626
55441 57751
24915 26039
82297 85679
187046 188159
325921 326789
364321 364832
339266 340199
267121 272117
374401 374679
493869 498959
272161 273182
7524 78119
260381 261359
485223 500000
411935 413279
275890 277199
276163 277199
146831 150479
497281 498218
98406 100799
479000 480059
467317 468719
224649 231839
158390 163799
421963 425879
455301 457379
428401 435380
205049 214199
435590 436799
440060 440999
235621 236081
295196 304919
299089 302399
386821 387464
197611 201599
199875 201599
475201 475482
392680 403199
306550 307439
199921 200904
179019 181439
372961 375470
488881 489737
347761 350525
161281 163121
362849 383039
471241 474770
318781 319212
40282 41579
404579 405719
370424 371279
334939 337679
440539 443519
210461 211679
87932 98279
252001 254686
114680 115919
56816 62999
107403 108359
283506 285599
438125 443519
257564 262079
457801 458090
241921 245906
34592 36539
344385 345239
412021 412451
357841 359492
398161 399134
467004 471239
74652 87359
251128 251999
137539 138599
326341 327331
1 422208
451673 453599
491401 493586
37061 38639
380633 382199
352801 355007
239739 246959
356036 360359
239308 240239
76307 77279
278461 279061
296805 299879
210800 234359
365040 371279
171836 173039
253263 254519
41982 49139
464203 468719
342924 351119
1 201059
477361 477717
131041 133847
440328 458639
340743 341879
158761 160605
424742 425879
320041 321352
180586 181439
91930 120119
332641 338228
197883 199079
52699 57959
90997 91979
25345 31499
209161 210127
331711 332639
449821 450297
380510 382199
330088 342719
201601 202361
126001 127117
433441 434339
127588 128519
314161 315631
293135 294839
207901 209810
487201 487670
383041 384018
477961 478134
360361 361398
346654 347759
351121 351670
173881 174972
457708 468719
63902 65519
96129 98279
417920 423359
366146 367919
342721 345201
207901 208458
403649 405719
356992 357839
485101 486749
484675 488879
88032 184799
185558 186479
54490 55439
289801 290202
287281 289534
62765 63839
428401 430551
145054 146159
258721 259670
395641 396547
135190 136079
493921 495732
249481 255049
468721 469685
451669 452759
249517 251159
255361 256830
88201 89185
495736 498959
360361 372223
308837 309959
361201 362227
36912 37799
203181 204119
289801 292177
262081 266478
313726 317519
67163 68039
404875 408239
488041 488205
335546 337679
325081 327505
300908 302399
314605 322559
167859 287279
163801 165463
29209 35279
98094 131039
309921 312479
445011 448559
19896 20999
458641 463329
218305 219239
178937 186479
382224 385559
497701 498672
464663 491399
274681 276312
325980 347759
393121 395448
130585 156239
207380 226799
359101 359929
69301 73919
198187 199079
71640 75599
388081 390029
67467 73079
224281 226018
84721 85679
406561 407151
136076 138599
52865 54599
155055 156239
131699 136079
203348 205919
99146 102959
397213 400679
350161 351119
62030 62999
77993 79199
169203 171359
224281 224718
472057 473759
401721 403199
255336 257039
64804 68039
477884 480479
103826 110879
398847 403199
304921 308589
122079 124739
233740 235619
348319 349439
187656 188999
481321 482448
405705 436799
446881 448027
239887 241919
463681 464434
342721 346396
229321 231250
239922 257039
278395 282239
83161 84727
277201 278509
229681 230200
204121 205236
