388080 118816268
360360 109877832
463680 143762808
471240 149527080
406560 121332544
216720 57971236
241920 66538008
443520 139448784
43680 8393280
438480 134378020
415800 128836360
294840 84696588
498960 160474864
138600 34777968
229320 62628380
346500 99853872
438480 134378020
480480 151170660
93240 21012260
332640 99759460
360360 109877832
287280 82135332
395640 116250096
171360 44489076
194040 51709140
113400 26783228
141120 34925646
411840 123073844
115920 27662132
443520 139448784
51480 10152308
277200 80222020
287280 82135332
147240 34139236
345240 99060608
88200 19744603
332640 99759460
287280 82135332
136080 33443256
175560 44815064
73920 15969520
393120 120679156
317520 91598882
136080 33443256
109200 25415052
388080 118816268
110880 26803860
143640 35661908
383040 115216496
347760 102583360
257040 72176868
171360 44489076
438480 134378020
31920 5668328
327600 97091920
10560 1408672
100800 23451004
189000 49232440
43680 8393280
131040 32537980
10920 1510388
480480 151170660
360360 109877832
317520 91598882
342720 101307184
63000 13151776
471240 149527080
480480 151170660
25200 4344688
56700 11291040
93240 21012260
131040 32537980
468720 145234084
131040 32537980
196560 52896552
496440 151663572
105840 24785964
393120 120679156
219240 58615832
408240 122890936
458640 143632216
378000 113043864
136080 33443256
480480 151170660
221760 61397004
253440 67859392
80640 17836800
207900 54873640
277200 80222020
194040 51709140
166320 43633924
327600 97091920
241920 66538008
218400 58242808
128520 31296912
262080 74356212
219240 58615832
347760 102583360
458640 143632216
75600 16607364
158760 39840438
428400 132154960
249480 69975512
186480 48544220
312480 89887220
443520 139448784
171360 44489076
372960 110575592
453600 140704324
393120 120679156
143640 35661908
299880 85339180
272160 76458204
263760 70450220
158760 39840438
302400 87245780
15120 2309720
272160 76458204
207900 54873640
196560 52896552
491400 155727932
49140 9613520
360360 109877832
75600 16607364
453600 140704324
471240 149527080
393120 120679156
88200 19744603
70560 15195398
241920 66538008
360360 109877832
447720 133189480
171360 44489076
428400 132154960
146160 36393928
443520 139448784
57960 11902480
453600 140704324
257040 72176868
221760 61397004
47880 9468544
453600 140704324
438480 134378020
378000 113043864
196560 52896552
480480 151170660
120960 29148404
30240 5440104
249480 69975512
249480 69975512
143640 35661908
175560 44815064
95040 21222672
378000 113043864
109200 25415052
161280 40888908
80640 17836800
124740 29688560
443520 139448784
314160 90527512
105840 24785964
385560 115293044
158760 39840438
388080 118816268
103320 23748916
120960 29148404
325080 93090140
159600 39587264
166320 43633924
51480 10152308
229320 62628380
214200 57585376
292320 83132948
55440 11579244
73080 15706652
393120 120679156
342720 101307184
205920 54185512
151200 38257504
425880 129810560
136080 33443256
428400 132154960
491400 155727932
257040 72176868
262080 74356212
221760 61397004
332640 99759460
471240 149527080
445200 131573104
97680 21126520
403200 121816204
314160 90527512
88200 19744603
143640 35661908
171360 44489076
115920 27662132
498960 160474864
403200 121816204
277200 80222020
327600 97091920
40320 7707864
360360 109877832
272160 76458204
332640 99759460
126000 30531780
294840 84696588
105840 24785964
327600 97091920
388080 118816268
109200 25415052
403200 121816204
120120 28782040
221760 61397004
221760 61397004
166320 43633924
33600 6028996
480480 151170660
226800 61821268
176400 45676074
385560 115293044
141120 34925646
443520 139448784
423360 129079900
138600 34777968
110880 26803860
211680 56838964
378000 113043864
415800 128836360
304920 88198588
69300 14671076
372960 110575592
257040 72176868
229320 62628380
173880 44636108
249480 69975512
57960 11902480
194040 51709140
385560 115293044
342720 101307184
491400 155727932
196560 52896552
110880 26803860
480480 151170660
463680 143762808
436800 132187364
458640 143632216
317520 91598882
161280 40888908
180180 46726436
38640 7135760
488880 150866444
468720 145234084
206640 54801572
251160 67829748
352800 104177407
471240 149527080
423360 129079900
360360 109877832
372960 110575592
201600 53665760
398160 118606244
360360 109877832
458640 143632216
189000 49232440
471240 149527080
463680 143762808
393120 120679156
363756 82808640
351120 102967536
463680 143762808
403200 121816204
403200 121816204
120120 28782040
491400 155727932
136080 33443256
491400 155727932
352800 104177407
269280 73872104
36960 6888536
289800 81896608
372960 110575592
75600 16607364
152040 36328588
483840 150705400
186480 48544220
408240 122890936
126000 30531780
360360 109877832
158760 39840438
146160 36393928
201600 53665760
211680 56838964
33600 6028996
393120 120679156
393120 120679156
221760 61397004
463680 143762808
270384 61842908
369600 109361084
39600 7357560
70560 15195398
110880 26803860
70560 15195398
105840 24785964
156240 39381904
257040 72176868
491400 155727932
143640 35661908
287280 82135332
166320 43633924
156240 39381904
438480 134378020
480480 151170660
277200 80222020
332640 99759460
234360 63394848
39600 7357560
438480 134378020
207900 54873640
189000 49232440
304920 88198588
196560 52896552
50400 10151960
302400 87245780
120960 29148404
453600 140704324
126000 30531780
347760 102583360
317520 91598882
136080 33443256
83160 18814816
262080 74356212
438480 134378020
166320 43633924
36720 6623468
438480 134378020
146160 36393928
317520 91598882
249480 69975512
43680 8393280
294840 84696588
98280 22859904
87360 19403252
415800 128836360
55440 11579244
413280 124687436
79800 17113568
173880 44636108
226800 61821268
325080 93090140
194040 51709140
70560 15195398
95760 22063388
70560 15195398
443520 139448784
360360 109877832
304920 88198588
378000 113043864
304920 88198588
103320 23748916
166320 43633924
205920 54185512
262080 74356212
262080 74356212
67200 13966324
241920 66538008
69300 14671076
269640 74056640
360360 109877832
108360 25136148
156240 39381904
226800 61821268
158760 39840438
120120 28782040
332640 99759460
110880 26803860
378000 113043864
65520 14092720
219240 58615832
436800 132187364
372960 110575592
302400 87245780
480480 151170660
240240 66426768
262080 74356212
128520 31296912
277200 80222020
166320 43633924
463680 143762808
241920 66538008
181440 47304660
93240 21012260
428400 132154960
287280 82135332
294840 84696588
480480 151170660
240240 66426768
415800 128836360
176400 45676074
147840 36661116
161280 40888908
123480 29365588
180180 46726436
100800 23451004
304920 88198588
249480 69975512
128520 31296912
113400 26783228
443520 139448784
158760 39840438
403200 121816204
27720 4927472
55440 11579244
378000 113043864
458640 143632216
85680 19343564
47520 9193960
284760 78974208
491400 155727932
93240 21012260
229320 62628380
236880 64385316
126000 30531780
272160 76458204
49140 9613520
221760 61397004
151200 38257504
443520 139448784
277200 80222020
236880 64385316
151200 38257504
107100 24414560
27720 4927472
378000 113043864
186480 48544220
151200 38257504
453600 140704324
158760 39840438
393120 120679156
180180 46726436
428400 132154960
386100 109880088
49140 9613520
393120 120679156
147840 36661116
24840 4061188
201600 53665760
235620 63756912
411840 123073844
317520 91598882
115920 27662132
109200 25415052
138600 34777968
205920 54185512
385560 115293044
138600 34777968
250320 66239620
471240 149527080
257040 72176868
473760 146277788
378000 113043864
272160 76458204
196560 52896552
262080 74356212
18900 2956840
436800 132187364
383040 115216496
151200 38257504
161280 40888908
146160 36393928
297360 84164616
471240 149527080
49140 9613520
314160 90527512
317520 91598882
272160 76458204
317520 91598882
105840 24785964
403200 121816204
347760 102583360
216720 57971236
471240 149527080
229320 62628380
49140 9613520
158760 39840438
468720 145234084
466200 142604028
408240 122890936
262080 74356212
211680 56838964
393120 120679156
325080 93090140
126000 30531780
120960 29148404
175560 44815064
222480 56566096
413280 124687436
138600 34777968
302400 87245780
332640 99759460
