500
1 500000
121718 317539
24301 263665
264808 376724
66439 328663
213769 268980
228949 430705
136376 300342
22648 188979
111533 384621
113527 479128
124896 224604
64711 339357
133681 487643
272291 301047
42411 441404
133690 355676
59427 179297
216008 221664
165022 176991
122178 449686
86137 465799
283154 337440
217869 408861
50945 457125
274046 494156
197885 251981
173437 299151
110096 419276
192878 448113
172595 191123
329624 425333
278491 354813
22953 343419
35446 440722
23781 442315
68287 367312
123201 428594
228913 442218
107322 458280
91881 346459
139485 363803
218558 477937
211980 488559
125647 272413
26239 191224
39695 420835
216260 403166
128469 287377
23150 423096
31881 494781
189715 440374
68165 460344
232758 292766
180437 204640
231736 323066
314291 390687
255533 283858
45510 321311
76521 230909
164691 330859
159616 419247
270080 386994
172140 331350
230135 382005
316579 392126
316912 402869
151251 462266
29179 260457
289891 416107
289696 317283
86271 239417
307326 437005
198005 492568
94202 204234
120241 232172
178005 412989
34299 447840
172554 376899
327490 350573
97191 317714
36719 208651
98770 378636
69540 322471
14211 362283
131099 422711
34228 234896
327962 386451
3800 301805
5512 359174
195418 445884
53299 405014
300778 482237
160804 438921
207474 310584
133986 448058
318605 453220
202935 336271
233522 321170
197987 282276
72704 448167
56872 204497
197289 371651
166848 424583
69761 306196
311370 328702
274628 378548
169974 327092
245743 270733
22925 231122
170796 206624
79906 274584
295582 306920
292809 382534
26682 366308
148473 425237
227478 458761
200181 458560
221658 315525
127567 434249
170071 368533
116949 257411
181088 261943
82602 326942
105310 464789
3042 371906
174349 284311
66468 211409
246571 281551
164263 254016
32415 474143
213144 253966
64864 444039
121140 351515
121228 406631
299541 475008
208633 317021
26694 336908
20021 200868
89636 437813
14600 349346
202617 331738
11218 453565
38681 180537
52029 392767
154399 254265
175692 182979
189428 223376
299504 316713
215546 255548
220097 373445
227404 408397
17435 351779
16551 325999
111421 464036
270357 285102
285197 468424
198052 235150
275819 326932
24848 195463
182613 203194
310645 351967
201994 401329
31022 384467
53929 199906
90383 196735
191929 330016
242046 400774
282537 341979
276306 441885
10526 424773
205337 440367
307968 428895
257517 487119
62090 203921
242302 479040
38859 363444
150784 326366
180400 299015
229731 429235
163236 483600
241910 300777
215453 309052
327034 342069
212373 468645
214120 261162
27377 298833
53793 289159
201008 258515
278368 395737
19840 426281
42814 169422
109636 254578
208424 251981
186289 201876
5961 427994
118276 390578
289272 457657
282806 440363
284618 325839
139054 237867
61911 464774
12775 310359
140021 289447
258044 261032
32555 491011
310366 313384
282912 330607
287227 495869
277360 487738
170844 199257
231477 302220
54686 381208
72956 380131
55759 356242
267939 336532
172250 389869
189743 348380
164020 364889
88648 368843
47855 288809
263136 315172
194163 475339
195206 448343
55992 204097
171440 175115
248656 326195
322769 368166
30005 280531
56036 237724
105171 286159
120551 360808
31593 212889
218129 483006
151578 363947
303880 317415
214635 254260
166903 238845
177015 297356
5271 300392
294048 424832
167092 413225
185937 341060
155598 372783
112735 375414
285062 423641
194386 421942
323098 451099
268898 319232
201957 485728
217237 439780
207513 363800
15302 240093
206267 336269
200654 271797
167204 317878
137299 470306
174645 199343
201718 225273
280837 359331
233186 241953
89839 305955
206790 448833
325731 496626
202055 403420
293225 370972
81490 451722
80818 264180
118797 298272
262423 470972
235013 332715
303463 343322
177474 465136
249473 271391
180621 499323
120174 323804
37817 261648
232877 388716
236014 237716
55812 349449
69764 309218
65005 194398
195760 489266
25569 435808
202100 464579
206173 214203
211400 241089
24686 203263
37170 202570
120630 422087
265538 315319
177810 495958
213492 419407
10853 236232
100961 459989
277061 298216
111354 310115
93790 349481
145286 473781
247119 248364
267256 306130
88440 184397
258897 292314
95326 390276
83844 201073
184185 448520
191568 401002
41078 326882
67873 370687
166564 449483
75537 271838
263452 494379
165721 186137
224457 421794
203838 204560
70056 252814
52122 298934
264089 410386
58867 307766
56026 458401
185216 268768
260737 326797
274997 366994
208676 498958
67707 448412
191764 243078
134742 391209
294372 318192
115915 256694
86417 340980
19657 328286
111093 243740
189820 486091
100994 217635
165439 359982
100920 326118
26331 418311
275477 295835
174002 361613
45332 181483
173867 238333
296852 374923
39094 435040
218939 484439
24837 364480
278238 283699
103203 494880
60898 462652
116625 295909
217347 238905
111233 312471
213891 492907
221200 407725
268185 326830
38753 366316
135193 215049
164509 343738
72932 364643
59265 265414
127833 304737
212149 228388
260122 445606
196283 469382
204259 299544
38919 480754
200723 281024
204112 478610
62760 374283
175590 431240
195276 282959
221704 324611
51429 198207
183726 370787
169041 490932
108501 245119
191231 465785
190055 347924
247691 265779
99222 457480
108281 298017
232239 292231
269501 299159
145606 352909
56674 193563
201675 259716
224319 232199
64057 240525
238711 325288
47451 396424
91728 188580
300289 406828
130183 445666
78533 462893
96165 255154
7604 311083
207087 214833
3426 357380
306963 332284
305901 438123
312954 369673
33022 432806
276891 386735
231480 284666
189579 265029
99049 423377
323894 410413
184269 381105
258860 368436
247989 468636
178798 268763
275242 483170
270578 358211
223495 318361
252694 469127
189644 225400
32816 396073
99116 334632
176898 280181
210701 217329
49543 269450
190092 237403
228453 324539
152844 254602
163079 358108
183486 213142
11060 268451
146370 286398
87701 171168
139412 179004
114912 258797
327581 411493
27829 369226
138339 472681
247643 409334
123762 367263
76841 237076
66072 342775
94026 447924
328462 464853
144861 282809
86592 310382
172821 386146
9577 429761
217403 217481
171253 249586
26919 413823
199373 249065
201396 381428
261712 394267
215554 276186
323657 346202
24031 437859
281760 428777
233757 408294
173571 335937
55279 497883
96760 189014
128117 327637
211692 311814
199648 278706
41253 379060
135855 487586
98128 359289
62368 318420
249015 289177
54776 412608
156361 413482
102802 183151
253528 493087
232969 324702
274648 389017
46821 243241
154185 375134
87696 493298
219491 243481
53487 353339
104206 446642
61288 209292
43175 435358
91538 373390
160279 245179
24812 352404
14748 471805
126089 377126
73638 302081
179753 247627
145264 446182
230175 429861
181577 199453
137778 401661
312764 364191
272969 360115
32093 441353
1118 174997
230910 285184
85795 431854
300304 312371
106112 458481
234866 319213
239079 308802
