498960 160474864
317520 91598882
262080 74356212
372960 110575592
327600 97091920
262080 74356212
428400 132154960
299880 85339180
186480 48544220
383040 115216496
478800 150243864
221760 61397004
332640 99759460
480480 151170660
299880 85339180
438480 134378020
352800 104177407
176400 45676074
219240 58615832
176400 45676074
443520 139448784
463680 143762808
332640 99759460
408240 122890936
453600 140704324
491400 155727932
249480 69975512
294840 84696588
415800 128836360
443520 139448784
189000 49232440
423360 129079900
352800 104177407
342720 101307184
438480 134378020
438480 134378020
360360 109877832
428400 132154960
438480 134378020
453600 140704324
342720 101307184
360360 109877832
471240 149527080
480480 151170660
272160 76458204
189000 49232440
415800 128836360
393120 120679156
287280 82135332
415800 128836360
491400 155727932
438480 134378020
458640 143632216
292320 83132948
201600 53665760
322560 92954436
388080 118816268
277200 80222020
317520 91598882
229320 62628380
327600 97091920
415800 128836360
385560 115293044
327600 97091920
378000 113043864
388080 118816268
393120 120679156
458640 143632216
257040 72176868
415800 128836360
314160 90527512
239400 65546576
436800 132187364
491400 155727932
201600 53665760
231840 63367184
411840 123073844
443520 139448784
372960 110575592
347760 102583360
317520 91598882
207900 54873640
378000 113043864
317520 91598882
360360 109877832
415800 128836360
234360 63394848
385560 115293044
299880 85339180
357840 104632760
443520 139448784
403200 121816204
480480 151170660
438480 134378020
304920 88198588
443520 139448784
443520 139448784
332640 99759460
317520 91598882
277200 80222020
443520 139448784
201600 53665760
360360 109877832
423360 129079900
304920 88198588
327600 97091920
378000 113043864
325080 93090140
262080 74356212
229320 62628380
205920 54185512
272160 76458204
304920 88198588
378000 113043864
360360 109877832
423360 129079900
458640 143632216
453600 140704324
314160 90527512
428400 132154960
360360 109877832
257040 72176868
257040 72176868
325080 93090140
463680 143762808
360360 109877832
277200 80222020
207900 54873640
277200 80222020
249480 69975512
471240 149527080
249480 69975512
443520 139448784
351120 102967536
403200 121816204
471240 149527080
314160 90527512
332640 99759460
196560 52896552
436800 132187364
347760 102583360
327600 97091920
443520 139448784
180180 46726436
388080 118816268
249480 69975512
181440 47304660
221760 61397004
314160 90527512
249480 69975512
372960 110575592
408240 122890936
351120 102967536
325080 93090140
463680 143762808
277200 80222020
463680 143762808
234360 63394848
325080 93090140
194040 51709140
201600 53665760
351120 102967536
393120 120679156
383040 115216496
196560 52896552
196560 52896552
327600 97091920
393120 120679156
332640 99759460
438480 134378020
423360 129079900
438480 134378020
428400 132154960
480480 151170660
201600 53665760
478800 150243864
360360 109877832
325080 93090140
294840 84696588
428400 132154960
480480 151170660
299880 85339180
304920 88198588
332640 99759460
463680 143762808
257040 72176868
294840 84696588
287280 82135332
257040 72176868
393120 120679156
425880 129810560
166320 43633924
249480 69975512
249480 69975512
201600 53665760
425880 129810560
388080 118816268
453600 140704324
438480 134378020
325080 93090140
236880 64385316
463680 143762808
304920 88198588
287280 82135332
258720 71326800
480480 151170660
312480 89887220
327600 97091920
491400 155727932
480480 151170660
196560 52896552
299880 85339180
378000 113043864
378000 113043864
352800 104177407
332640 99759460
388080 118816268
347760 102583360
360360 109877832
360360 109877832
287280 82135332
314160 90527512
471240 149527080
443520 139448784
201600 53665760
173880 44636108
325080 93090140
360360 109877832
277200 80222020
236880 64385316
277200 80222020
360360 109877832
211680 56838964
480480 151170660
360360 109877832
314160 90527512
249480 69975512
236880 64385316
294840 84696588
299880 85339180
423360 129079900
411840 123073844
332640 99759460
360360 109877832
372960 110575592
423360 129079900
415800 128836360
443520 139448784
317520 91598882
480480 151170660
438480 134378020
360360 109877832
239400 65546576
332640 99759460
262080 74356212
317520 91598882
468720 145234084
196560 52896552
221760 61397004
357840 104632760
241920 66538008
304920 88198588
443520 139448784
491400 155727932
403200 121816204
360360 109877832
443520 139448784
262080 74356212
294840 84696588
468720 145234084
332640 99759460
342720 101307184
463680 143762808
262080 74356212
498960 160474864
322560 92954436
257040 72176868
388080 118816268
236880 64385316
347760 102583360
304920 88198588
194040 51709140
480480 151170660
428400 132154960
463680 143762808
214200 57585376
240240 66426768
201600 53665760
201600 53665760
415800 128836360
314160 90527512
491400 155727932
415800 128836360
235620 63756912
458640 143632216
294840 84696588
304920 88198588
347760 102583360
471240 149527080
247800 65264668
304920 88198588
181440 47304660
287280 82135332
388080 118816268
196560 52896552
443520 139448784
393120 120679156
325080 93090140
360360 109877832
443520 139448784
262080 74356212
491400 155727932
184800 48083592
415800 128836360
204120 53601836
249480 69975512
294840 84696588
408240 122890936
304920 88198588
453600 140704324
262080 74356212
325080 93090140
360360 109877832
491400 155727932
443520 139448784
241920 66538008
388080 118816268
317520 91598882
249480 69975512
332640 99759460
327600 97091920
241920 66538008
480480 151170660
216720 57971236
357840 104632760
325080 93090140
415800 128836360
294840 84696588
360360 109877832
181440 47304660
236880 64385316
372960 110575592
428400 132154960
480480 151170660
360360 109877832
282240 79564406
491400 155727932
458640 143632216
294840 84696588
236880 64385316
304920 88198588
491400 155727932
403200 121816204
325080 93090140
360360 109877832
214200 57585376
342720 101307184
360360 109877832
262080 74356212
302400 87245780
226800 61821268
443520 139448784
468720 145234084
294840 84696588
480480 151170660
277200 80222020
471240 149527080
372960 110575592
428400 132154960
277200 80222020
322560 92954436
196560 52896552
360360 109877832
480480 151170660
241920 66538008
463680 143762808
347760 102583360
262080 74356212
453600 140704324
294840 84696588
287280 82135332
294840 84696588
352800 104177407
191520 50667936
257040 72176868
231840 63367184
240240 66426768
325080 93090140
393120 120679156
186480 48544220
403200 121816204
443520 139448784
458640 143632216
249480 69975512
304920 88198588
214200 57585376
352800 104177407
327600 97091920
436800 132187364
360360 109877832
428400 132154960
385560 115293044
277200 80222020
262080 74356212
423360 129079900
408240 122890936
378000 113043864
360360 109877832
463680 143762808
262080 74356212
480480 151170660
357840 104632760
317520 91598882
468720 145234084
221760 61397004
393120 120679156
332640 99759460
277200 80222020
216720 57971236
262080 74356212
236880 64385316
322560 92954436
249480 69975512
357840 104632760
211680 56838964
262080 74356212
277200 80222020
166320 43633924
176400 45676074
257040 72176868
408240 122890936
360360 109877832
471240 149527080
408240 122890936
360360 109877832
236880 64385316
342720 101307184
443520 139448784
463680 143762808
277200 80222020
304920 88198588
385560 115293044
428400 132154960
217440 54921572
249480 69975512
413280 124687436
246960 67627588
378000 113043864
393120 120679156
272160 76458204
342720 101307184
436800 132187364
428400 132154960
408240 122890936
332640 99759460
491400 155727932
189000 49232440
327600 97091920
304920 88198588
277200 80222020
378000 113043864
480480 151170660
357840 104632760
317520 91598882
287280 82135332
411840 123073844
413280 124687436
181440 47304660
491400 155727932
322560 92954436
388080 118816268
241920 66538008
372960 110575592
491400 155727932
241920 66538008
352800 104177407
443520 139448784
207900 54873640
428400 132154960
372960 110575592
241920 66538008
351120 102967536
471240 149527080
372960 110575592
299880 85339180
246960 67627588
443520 139448784
428400 132154960
196560 52896552
393120 120679156
360360 109877832
357840 104632760
438480 134378020
173880 44636108
277200 80222020
428400 132154960
304920 88198588
453600 140704324
317520 91598882
304920 88198588
