500
304920 312133
393119 401036
287280 292319
304920 309203
483840 488668
221757 225046
327600 332639
448558 453599
257038 262079
241916 245259
342717 347759
463680 468719
483839 488879
272155 274792
471238 478009
131036 136079
377997 382403
480480 487153
428392 435749
327600 330741
428398 436799
388077 392766
241919 245026
352800 357839
317520 322559
458640 463679
491400 498334
360359 366769
362878 366867
221760 224790
438479 443519
287277 292319
471239 476392
360353 372959
166319 171359
110880 113795
221760 225199
403199 408239
415799 419653
393120 403199
327600 330332
491400 496427
473760 478799
221760 225514
448560 451808
196558 201599
317520 321345
221760 226799
287279 292319
428398 435724
463680 467064
151198 156239
483839 488879
267120 271312
352800 355740
272159 277199
360360 372959
463680 468032
282239 285660
196560 199092
453598 458639
352796 357839
491399 497569
428400 434626
448560 451386
110880 115919
262080 268061
221758 226799
378000 383039
304920 310500
332639 342719
327600 332639
403198 408239
342719 347752
378000 383039
473760 478431
418319 422059
201600 205919
221758 226799
151200 153935
378000 382734
473760 478799
448560 452036
453599 458639
360360 367590
453599 458639
252000 255070
249480 253264
372958 377999
317520 321731
257034 262079
362880 365500
317519 322559
428400 436799
201599 205446
473760 477261
196558 201599
221758 226799
480480 490652
458640 463679
294838 299102
415800 423108
110878 114288
110879 115506
196560 199975
463678 467378
151200 154885
428400 436799
327600 331993
282239 286356
483840 487822
463680 466493
201599 205919
403200 408239
272160 274779
267120 272159
428397 435146
483839 488879
388080 393119
360360 372895
221760 225459
491400 498959
480479 489983
483839 486664
448558 452177
257040 262079
483836 487997
403199 408239
317518 322302
304920 311719
378000 381485
327597 330377
428398 436573
272160 277199
362878 367919
483838 488351
272153 276248
388079 393119
110879 115616
317520 321379
272159 274690
362879 367919
403200 408239
282239 284987
201598 205448
463677 468719
131040 133911
453600 458639
317519 321989
131040 136079
388079 393066
131040 134269
287278 292319
342719 347759
166318 171359
388076 392551
377996 383039
272154 276221
377998 381691
483840 488845
342720 347475
493919 498959
483840 488879
282238 287279
294840 298960
463680 466480
277200 284270
151200 156239
131040 134165
377998 383039
110873 115554
362876 367634
221759 226799
294840 299879
372958 377999
453600 458639
151199 156239
252000 257039
458639 463679
201600 203852
196560 199323
493920 498959
352798 355808
483840 488462
388080 392054
166320 169554
332638 339769
166318 169665
287280 292319
304920 309929
352800 357784
453599 458639
443520 453599
262076 269534
483839 487260
304920 312479
342720 346460
393116 403199
304920 312479
362880 366054
110880 115532
332639 339878
317519 322559
443518 453599
151200 156239
471240 478799
277197 287279
493920 497141
403199 408239
277197 284230
342720 346759
458639 463679
282238 287279
360359 372959
393120 400389
294840 298689
241919 246959
438480 443519
342720 347178
304919 312479
388078 390783
277200 283317
221759 226799
438479 443519
151200 155604
458638 462452
443518 449316
332639 341195
473760 477688
418320 421616
249477 257039
480478 491399
438479 443519
352795 357839
221760 225017
327598 331623
131040 134386
483836 488879
257038 260916
151200 155435
491397 495442
110880 113770
151199 156239
282239 287279
267119 271267
458632 461569
438477 442968
342720 345489
360360 367854
403200 408239
166319 169596
327598 330537
294840 298611
483838 488879
393120 401887
110880 113830
317517 322559
249476 256786
332640 342719
196558 201598
327599 332639
463680 468176
262080 270013
448556 451805
272160 277199
287279 291588
372960 375917
493919 497943
483840 488879
377999 381028
262080 272159
262080 272159
317519 322559
294840 299879
443519 453599
110879 115919
110877 113591
151198 156239
272159 275988
277199 287279
372959 377999
443518 453599
272159 276709
342718 347759
473757 478224
378000 381601
110880 115919
287280 289843
448560 453599
166320 170192
287280 292319
480479 491399
277199 286850
304920 312479
448560 453599
403196 407356
352797 355668
327600 332414
463676 467102
287280 290299
277198 287279
403200 405911
352799 357839
438480 441454
317519 322324
196560 201599
151200 154395
378000 383039
166317 169838
471237 478799
480480 491399
201598 205919
471237 476393
415800 420744
282236 286448
249480 257039
342719 347320
294839 299879
282240 285942
352800 356165
282239 287279
317519 320980
352799 356440
332640 338397
317518 322559
403200 408239
332639 338591
151200 156239
458639 463048
480479 487462
403200 406151
480480 489222
483838 486459
471240 477515
251997 257039
463679 467824
428399 434754
483840 488879
453599 456551
360360 372959
272159 277199
448560 451940
196559 200453
418320 421970
418320 421461
415800 420696
317520 322426
287280 291619
388080 391446
480480 490119
458640 463679
294840 299879
493918 498959
493919 496915
317520 321186
360359 372959
221759 224633
201597 205919
332639 342719
362880 365735
251995 255685
443519 450709
448553 453599
287280 292319
272159 277199
458639 463679
272158 276592
415800 423359
241920 246294
317520 322559
352800 357839
252000 254812
267120 270991
257039 262079
151197 156239
453600 458639
262079 272159
362879 366877
221760 225735
262080 272159
415797 423359
277200 285350
372952 375633
257040 261667
428395 436294
393120 401333
277198 282779
388078 391943
282238 285115
458639 463679
463680 468460
403198 408239
110878 115919
378000 383039
277199 287279
332639 340519
453599 458639
332640 342719
241919 246959
262079 272159
393119 402415
453596 456811
342717 345821
317520 322559
448559 453599
332638 342719
221758 225705
377999 381482
360356 372959
267118 272002
388078 393119
282240 287279
491398 498348
327600 332639
327598 330534
362876 366261
415800 423359
378000 383039
327599 332639
262080 272159
372959 377991
272160 275734
262078 272159
491400 498959
480479 486408
272159 275709
110880 115919
267119 271410
352800 357537
471240 478799
272160 277199
327600 331366
277193 283584
241917 246959
372956 377999
418313 423359
332637 339576
267120 269724
480478 489403
277197 287022
438480 443519
491400 498959
473758 478799
294839 297529
251996 254672
483840 487878
166319 171359
418319 423359
448560 453599
415800 423359
251999 257039
377997 381567
458640 463679
282240 284976
249478 257039
166320 171359
480479 489629
458638 463509
453597 458211
272160 277199
287280 290892
352799 356860
403198 408239
428400 436353
201599 203998
110880 115692
403200 408239
277200 287092
332640 341365
252000 256489
480478 489871
418319 423359
342720 347759
360360 370423
403199 408239
267118 270382
418319 420956
249480 257039
131040 136079
480480 489655
448560 452081
415799 420693
403200 406811
201600 205700
377997 382295
277200 287279
418320 423359
196557 199501
287280 292319
388080 393119
317520 322559
287279 292319
317517 322559
443519 448713
332640 342719
267120 271164
448557 453599
388080 393119
262079 272159
201599 205919
