500
383798 391556
335031 368498
431119 465463
432475 476535
405206 406995
205427 217240
196990 243958
404110 448778
29725 44321
414704 440224
407859 416035
289983 297593
479027 499800
123565 139021
205208 230358
342906 346907
397345 442341
437685 481709
49622 94148
298403 338126
357973 367835
280359 289465
393597 397026
152590 173079
147462 194881
113030 115022
132097 141999
411189 413179
112603 117405
422489 446858
27492 52051
276992 278932
282141 290237
147190 147396
344136 345514
71496 89215
295099 334669
253598 290491
115531 138191
144864 176066
45665 74270
372251 395129
309046 319791
97120 137757
61679 110655
360525 392379
90874 115543
127678 145908
339053 383234
316697 349342
249523 257771
143915 172140
403469 438712
13815 32434
282142 329866
8327 10690
67081 102480
150520 189001
24950 45053
118136 132431
10754 10933
448370 487362
354434 365090
286660 321278
301442 346533
30908 63380
453653 472719
474393 487364
12684 25913
55941 56867
62263 93800
107530 133343
442447 470050
90835 135129
180707 201591
495851 498195
85919 105966
383460 399002
213647 221485
365064 410217
422004 463630
343841 382203
120991 136874
457623 489559
220940 222191
252019 253472
46876 81655
193924 211209
250247 286395
176014 196210
145675 167617
311046 328732
207593 245031
177332 218761
118840 128918
242731 264156
216013 221642
303386 350710
445150 459360
47198 75883
152484 160081
393609 435191
235611 254983
169067 186552
282803 313428
415056 448851
124926 171481
338656 375411
439602 457470
360357 395279
127100 144327
290768 299973
264588 275708
263727 264236
117674 160309
278511 302447
5438 15129
271969 276442
184075 211397
190831 200873
481424 493092
46522 49877
331399 367467
47919 76649
412084 456695
459282 475663
373398 402996
85154 88686
43681 71096
193893 243742
341562 371577
446943 447745
139617 172430
391565 430859
126636 147572
425590 448467
36730 59149
431214 456178
218970 258891
206996 224498
44339 47928
438320 455246
416638 442696
344743 381946
158297 197235
449690 483527
74803 123140
26427 30751
216050 250692
243955 254075
128151 144508
143552 176363
64685 95297
357457 382342
68737 110604
114651 163404
70880 82932
79082 124820
421503 447482
310138 317280
101412 106356
344991 386523
155914 160985
378797 391468
96874 104186
77544 122699
304341 327396
159284 160392
164815 166815
8746 51743
219106 231770
181662 214653
253771 293303
53209 55980
62106 73406
370973 398631
296906 344352
195499 206239
134976 156016
406362 428050
104921 137264
402288 433677
481791 493076
215629 261478
220193 266624
201464 224961
312022 339836
459121 477466
444912 445700
97577 97773
378371 406150
282762 314335
61400 88698
100114 146091
147058 172930
104803 118074
450140 499044
401445 404246
253305 285578
301506 327901
9740 40826
313598 362175
258146 275562
324476 341021
111183 127582
275286 296577
94150 106372
323156 329225
339693 388316
109083 109995
371140 403738
103799 120708
177662 222390
217286 226117
151526 167729
6310 33664
479591 487414
183343 227614
130832 177360
362871 386423
112066 142529
433432 453287
416265 425279
93885 139956
68962 111909
183682 213154
369171 380280
394611 419498
299482 305536
35494 69510
350051 375213
239178 257345
190484 229659
162345 174956
227645 253005
10991 58798
179945 194646
341514 387993
342135 343875
469597 496366
168135 199918
73292 115670
436957 485146
419395 465422
417981 436897
450733 462384
275227 321297
153333 162331
152544 180656
20234 38925
482132 490076
466194 470286
159425 207214
250204 251900
313217 354841
445051 478788
417061 424366
330886 366933
343829 375868
156572 205087
396626 398543
330976 360676
413523 462526
156012 190642
455215 474753
431496 464877
373337 393743
363751 363764
307126 352630
463583 466951
365203 405837
372113 403646
118294 120441
483510 497938
113203 136209
487874 494652
343820 355349
269145 269522
21516 37202
288438 291589
337471 373299
36010 77589
151589 152040
481669 485894
170267 188003
365426 411659
124058 128518
328274 362729
115604 159721
106395 146411
159397 205344
166043 214033
12412 33620
354331 396479
359712 401195
180478 222207
433709 466768
270361 270387
365007 371223
18950 40228
50930 72469
89107 113113
55558 70737
75435 107529
112689 157336
252235 258793
470910 492141
109605 144757
259057 288140
150939 169041
128496 156631
421259 438579
439076 485835
248882 284215
299592 339735
196039 235401
14707 40221
433705 440579
172188 209919
168779 189607
264983 305257
152420 197173
24857 51117
287566 304699
79600 121087
414296 456085
108389 126895
318141 348443
275945 321583
96194 136537
63660 85616
250401 267725
437650 442729
132753 170195
8559 36746
427568 441863
100610 147575
283235 320469
217923 256787
33854 44109
283087 296480
95394 98316
45991 87794
406119 416494
21986 57076
412602 413616
47016 80196
160464 174989
194450 228173
311965 327276
188906 196433
27594 70775
60080 97391
67684 72013
410350 450205
321379 365421
287685 305712
376129 381450
282535 311909
84566 104576
124448 167649
186879 206604
223896 267743
250010 271612
66534 67799
199469 246613
55545 70042
267327 271708
345684 364612
68188 108789
122722 157143
203823 228060
137498 159011
72393 120389
317635 332744
65704 113601
372548 381636
60206 67640
211914 221099
429612 437233
357232 377559
264145 303776
479079 488141
220935 241328
228049 265637
86527 128933
239683 277281
159737 168927
449586 464770
202556 243839
175748 184045
80983 93371
413397 431132
238753 287656
288843 296860
467890 489137
221692 241627
399605 420190
143960 179706
138747 148721
113976 163027
92276 123572
161217 181184
87154 101842
272887 306475
205793 252697
106082 128961
113071 114794
431234 449079
158643 159292
389036 407678
14394 27975
53137 56461
341983 378365
445840 459787
61272 87151
6803 47623
284731 285266
451677 492348
80173 94313
192797 230758
228479 237483
123800 127373
250592 276151
38614 49285
180312 222333
110904 152549
396745 443863
272544 280715
219318 238349
150802 153673
106719 107766
22511 28172
362029 379857
154736 188282
135672 155287
451123 457821
153323 160440
374776 401905
169852 180520
414939 429861
385779 386345
6314 49147
382075 395121
134742 149689
24552 24841
185703 203432
194429 236535
374697 412877
317505 318692
85332 117771
100114 110784
116921 139254
174209 206587
360732 386379
130644 139151
250091 250401
459580 474685
254128 260452
473462 476479
346771 380161
252800 272746
183936 196642
223406 264692
11524 19208
411958 437255
340790 385490
135930 154290
116928 163529
99930 147836
295555 298691
458110 478676
16437 49560
300379 316257
296525 320253
270788 273955
281451 317898
93022 108339
401371 403796
317649 350277
179871 217750
463650 472393
222761 229507
7610 49347
111162 160202
456550 471234
465442 466463
387288 410189
225229 264452
186209 212191
385206 397352
288727 326239
92174 126379
100458 123127
167762 176117
221802 222582
406828 414374
96493 139752
277833 304367
309723 335798
