304920 88198588
393120 120679156
287280 82135332
304920 88198588
483840 150705400
221760 61397004
327600 97091920
448560 136397364
257040 72176868
241920 66538008
342720 101307184
463680 143762808
483840 150705400
272160 76458204
471240 149527080
131040 32537980
378000 113043864
480480 151170660
428400 132154960
327600 97091920
428400 132154960
388080 118816268
241920 66538008
352800 104177407
317520 91598882
458640 143632216
491400 155727932
360360 109877832
362880 107514624
221760 61397004
438480 134378020
287280 82135332
471240 149527080
360360 109877832
166320 43633924
110880 26803860
221760 61397004
403200 121816204
415800 128836360
393120 120679156
327600 97091920
491400 155727932
473760 146277788
221760 61397004
448560 136397364
196560 52896552
317520 91598882
221760 61397004
287280 82135332
428400 132154960
463680 143762808
151200 38257504
483840 150705400
267120 74179976
352800 104177407
272160 76458204
360360 109877832
463680 143762808
282240 79564406
196560 52896552
453600 140704324
352800 104177407
491400 155727932
428400 132154960
448560 136397364
110880 26803860
262080 74356212
221760 61397004
378000 113043864
304920 88198588
332640 99759460
327600 97091920
403200 121816204
342720 101307184
378000 113043864
473760 146277788
418320 125680996
201600 53665760
221760 61397004
151200 38257504
378000 113043864
473760 146277788
448560 136397364
453600 140704324
360360 109877832
453600 140704324
252000 69867888
249480 69975512
372960 110575592
317520 91598882
257040 72176868
362880 107514624
317520 91598882
428400 132154960
201600 53665760
473760 146277788
196560 52896552
221760 61397004
480480 151170660
458640 143632216
294840 84696588
415800 128836360
110880 26803860
110880 26803860
196560 52896552
463680 143762808
151200 38257504
428400 132154960
327600 97091920
282240 79564406
483840 150705400
463680 143762808
201600 53665760
403200 121816204
272160 76458204
267120 74179976
428400 132154960
483840 150705400
388080 118816268
360360 109877832
221760 61397004
491400 155727932
480480 151170660
483840 150705400
448560 136397364
257040 72176868
483840 150705400
403200 121816204
317520 91598882
304920 88198588
378000 113043864
327600 97091920
428400 132154960
272160 76458204
362880 107514624
483840 150705400
272160 76458204
388080 118816268
110880 26803860
317520 91598882
272160 76458204
362880 107514624
403200 121816204
282240 79564406
201600 53665760
463680 143762808
131040 32537980
453600 140704324
317520 91598882
131040 32537980
388080 118816268
131040 32537980
287280 82135332
342720 101307184
166320 43633924
388080 118816268
378000 113043864
272160 76458204
378000 113043864
483840 150705400
342720 101307184
493920 153577284
483840 150705400
282240 79564406
294840 84696588
463680 143762808
277200 80222020
151200 38257504
131040 32537980
378000 113043864
110880 26803860
362880 107514624
221760 61397004
294840 84696588
372960 110575592
453600 140704324
151200 38257504
252000 69867888
458640 143632216
201600 53665760
196560 52896552
493920 153577284
352800 104177407
483840 150705400
388080 118816268
166320 43633924
332640 99759460
166320 43633924
287280 82135332
304920 88198588
352800 104177407
453600 140704324
443520 139448784
262080 74356212
483840 150705400
304920 88198588
342720 101307184
393120 120679156
304920 88198588
362880 107514624
110880 26803860
332640 99759460
317520 91598882
443520 139448784
151200 38257504
471240 149527080
277200 80222020
493920 153577284
403200 121816204
277200 80222020
342720 101307184
458640 143632216
282240 79564406
360360 109877832
393120 120679156
294840 84696588
241920 66538008
438480 134378020
342720 101307184
304920 88198588
388080 118816268
277200 80222020
221760 61397004
438480 134378020
151200 38257504
458640 143632216
443520 139448784
332640 99759460
473760 146277788
418320 125680996
249480 69975512
480480 151170660
438480 134378020
352800 104177407
221760 61397004
327600 97091920
131040 32537980
483840 150705400
257040 72176868
151200 38257504
491400 155727932
110880 26803860
151200 38257504
282240 79564406
267120 74179976
458640 143632216
438480 134378020
342720 101307184
360360 109877832
403200 121816204
166320 43633924
327600 97091920
294840 84696588
483840 150705400
393120 120679156
110880 26803860
317520 91598882
249480 69975512
332640 99759460
196560 52896552
327600 97091920
463680 143762808
262080 74356212
448560 136397364
272160 76458204
287280 82135332
372960 110575592
493920 153577284
483840 150705400
378000 113043864
262080 74356212
262080 74356212
317520 91598882
294840 84696588
443520 139448784
110880 26803860
110880 26803860
151200 38257504
272160 76458204
277200 80222020
372960 110575592
443520 139448784
272160 76458204
342720 101307184
473760 146277788
378000 113043864
110880 26803860
287280 82135332
448560 136397364
166320 43633924
287280 82135332
480480 151170660
277200 80222020
304920 88198588
448560 136397364
403200 121816204
352800 104177407
327600 97091920
463680 143762808
287280 82135332
277200 80222020
403200 121816204
352800 104177407
438480 134378020
317520 91598882
196560 52896552
151200 38257504
378000 113043864
166320 43633924
471240 149527080
480480 151170660
201600 53665760
471240 149527080
415800 128836360
282240 79564406
249480 69975512
342720 101307184
294840 84696588
282240 79564406
352800 104177407
282240 79564406
317520 91598882
352800 104177407
332640 99759460
317520 91598882
403200 121816204
332640 99759460
151200 38257504
458640 143632216
480480 151170660
403200 121816204
480480 151170660
483840 150705400
471240 149527080
252000 69867888
463680 143762808
428400 132154960
483840 150705400
453600 140704324
360360 109877832
272160 76458204
448560 136397364
196560 52896552
418320 125680996
418320 125680996
415800 128836360
317520 91598882
287280 82135332
388080 118816268
480480 151170660
458640 143632216
294840 84696588
493920 153577284
493920 153577284
317520 91598882
360360 109877832
221760 61397004
201600 53665760
332640 99759460
362880 107514624
252000 69867888
443520 139448784
448560 136397364
287280 82135332
272160 76458204
458640 143632216
272160 76458204
415800 128836360
241920 66538008
317520 91598882
352800 104177407
252000 69867888
267120 74179976
257040 72176868
151200 38257504
453600 140704324
262080 74356212
362880 107514624
221760 61397004
262080 74356212
415800 128836360
277200 80222020
372960 110575592
257040 72176868
428400 132154960
393120 120679156
277200 80222020
388080 118816268
282240 79564406
458640 143632216
463680 143762808
403200 121816204
110880 26803860
378000 113043864
277200 80222020
332640 99759460
453600 140704324
332640 99759460
241920 66538008
262080 74356212
393120 120679156
453600 140704324
342720 101307184
317520 91598882
448560 136397364
332640 99759460
221760 61397004
378000 113043864
360360 109877832
267120 74179976
388080 118816268
282240 79564406
491400 155727932
327600 97091920
327600 97091920
362880 107514624
415800 128836360
378000 113043864
327600 97091920
262080 74356212
372960 110575592
272160 76458204
262080 74356212
491400 155727932
480480 151170660
272160 76458204
110880 26803860
267120 74179976
352800 104177407
471240 149527080
272160 76458204
327600 97091920
277200 80222020
241920 66538008
372960 110575592
418320 125680996
332640 99759460
267120 74179976
480480 151170660
277200 80222020
438480 134378020
491400 155727932
473760 146277788
294840 84696588
252000 69867888
483840 150705400
166320 43633924
418320 125680996
448560 136397364
415800 128836360
252000 69867888
378000 113043864
458640 143632216
282240 79564406
249480 69975512
166320 43633924
480480 151170660
458640 143632216
453600 140704324
272160 76458204
287280 82135332
352800 104177407
403200 121816204
428400 132154960
201600 53665760
110880 26803860
403200 121816204
277200 80222020
332640 99759460
252000 69867888
480480 151170660
418320 125680996
342720 101307184
360360 109877832
403200 121816204
267120 74179976
418320 125680996
249480 69975512
131040 32537980
480480 151170660
448560 136397364
415800 128836360
403200 121816204
201600 53665760
378000 113043864
277200 80222020
418320 125680996
196560 52896552
287280 82135332
388080 118816268
317520 91598882
287280 82135332
317520 91598882
443520 139448784
332640 99759460
267120 74179976
448560 136397364
388080 118816268
262080 74356212
201600 53665760
