500
158983 240588
177941 226601
196190 313423
217417 298470
269152 356346
124990 439831
165019 439812
258915 449621
313365 318776
243711 327135
238843 322724
28427 238671
6403 169838
189142 496418
196893 209009
162785 281562
239936 306081
149924 363568
59773 234623
135410 173823
25635 499107
88631 189957
122031 191990
8536 396642
167497 278390
13761 460533
144740 412504
134913 434661
144255 174071
42011 241084
76180 253057
310865 455946
261882 438448
215055 285553
219231 341206
214596 373939
299483 388980
84013 196483
190788 479465
251059 452296
40500 469701
181103 196328
171530 252167
123853 376172
159931 445541
287640 383905
171858 186264
175051 242982
108011 189901
164865 216411
80736 294612
125661 409925
106824 427439
105771 393155
323329 374774
71559 378390
14731 478158
122238 276530
323625 342283
215034 309383
191324 309785
279937 289925
206744 302494
33756 274439
278855 469099
164677 486758
66667 328367
31407 491112
68245 479859
232597 233287
217648 258817
255513 316702
188172 461296
237106 475111
66401 368539
19472 365816
198445 492157
155786 237562
45809 370009
143753 200619
230549 275438
58736 350902
299569 392162
155449 437135
111510 447579
130101 344824
109779 384388
87879 228159
126371 259705
209269 371126
277988 328294
158736 234177
211904 385173
195255 443438
189038 245902
98207 346507
185977 332435
170144 255907
74828 347218
26968 350805
146339 328237
100448 327097
94219 198488
168817 188056
260894 299419
314020 440349
15876 398823
190822 379662
216166 312154
121496 178099
244732 322807
237703 255879
246005 468815
312621 480044
277234 380337
183751 456917
3096 268102
61249 363789
171730 191190
110779 297459
50688 238173
47180 206407
228090 298318
123249 269616
6682 354892
20864 490064
242318 463346
169527 317906
112987 220269
265028 429393
171766 426531
59073 171369
112258 183658
86004 454511
311025 471352
177298 205318
91607 401504
16932 193794
294228 334229
268711 330608
156776 225934
31511 421542
247565 496734
99115 440856
29806 346479
34968 381589
79307 433686
264900 476822
227974 425970
216808 411575
191968 404227
181464 392578
131226 310832
45798 487190
210700 261655
192488 371365
218034 249770
119423 202576
223675 410288
196485 272719
241181 363007
157935 340258
255543 463189
178000 239674
140677 333484
296426 385567
142130 194209
63274 468377
247479 365552
132446 305374
113850 357440
163309 306570
318040 330868
218485 315670
236889 385758
301168 406082
107216 472546
118917 204411
204812 266105
148096 212189
99456 369899
330972 476565
268920 376767
26281 271548
30462 354083
199957 471813
142266 330954
85997 255645
284050 340501
93794 198452
56963 190604
101543 483204
107965 453852
270995 360933
126192 491730
167911 209857
14997 441673
22905 313574
54672 493008
222988 478848
151062 431367
146511 191374
151908 383359
236163 352846
187668 268905
294208 475334
326289 448476
125305 349691
151096 233283
297465 392026
202774 375146
14954 421255
45525 461223
181842 282028
320556 413123
17834 240658
237800 471686
281595 469902
53438 458685
156644 458432
194605 232805
40371 243115
245291 273738
198420 234309
236041 307977
96910 334229
181756 467871
128033 197666
136625 202472
237302 411178
286898 418860
229493 260823
271653 319781
206388 247703
195043 368303
238578 354145
250593 392798
62454 466593
11022 208884
125501 408411
200150 238049
217559 371936
331003 493333
35175 194461
200690 262153
283346 450925
195149 407120
134885 480879
172433 285559
230917 440801
50136 184062
64609 301246
216640 240695
251006 391658
113053 295076
260115 326081
10818 470669
248031 393506
322994 447484
132286 299795
180703 217879
90216 280726
38539 328401
271687 330827
33898 296495
18236 295472
259400 270889
157591 312685
27014 407866
208760 384981
309778 375531
236583 300333
330417 350280
26702 460358
101185 489872
174770 214522
212220 455283
166404 460942
61937 177231
126503 328669
247436 264956
226357 379893
129004 315757
156699 215907
134597 245682
194484 265181
50566 229773
265923 277582
80454 257643
47733 370392
322985 338458
199378 465140
327250 465956
323259 444633
255424 312798
208403 209005
144297 288418
22829 456383
185139 216270
25084 373424
61228 436603
213390 275763
198332 390201
98643 243151
145011 224716
203657 463884
162544 268768
205120 215593
130280 237475
192875 488504
213564 234288
80404 356906
284173 308443
30288 402502
97495 490584
281348 363006
136550 282784
188185 280097
74947 471265
15039 182779
279158 283502
238071 290929
56983 337005
332378 424553
140961 355505
38945 351376
331383 354012
101588 185608
103990 263391
134018 302440
188877 284262
16325 358045
306691 318509
13195 443168
24614 357020
185903 197219
115291 299626
229871 336445
5981 295945
249245 467556
190051 282536
89980 299047
140221 432930
199651 277150
204761 321785
129341 375211
289658 291964
141319 246760
4052 223641
59731 419919
188395 198874
19222 226178
169744 235230
215904 412476
89857 371915
267560 436586
257572 415278
177500 224902
224459 386526
291299 436393
93917 384355
76332 275039
20861 492439
102069 277511
304828 489015
227650 483168
253133 324732
103304 387552
81372 408195
191034 444019
280584 321639
310770 424767
273693 277761
6270 420079
233303 499312
127752 482340
72578 297322
50104 373158
273299 419703
132250 372580
520 326448
271464 309974
287022 362848
155992 416044
191041 474982
1957 365354
329488 443537
212798 498208
115948 300562
186508 394151
159533 275938
205529 338221
183795 239372
110648 419834
64867 433508
259140 311858
150746 326227
189614 371466
221935 452876
207192 297049
256148 391661
57072 479422
193234 374698
14718 372525
90461 365722
141117 234095
169279 362461
13047 311297
278323 457604
215175 241613
96095 314989
183802 392341
271556 378912
221831 223222
160505 255750
211513 325158
177751 211601
263947 391721
245634 368540
144710 441518
173468 331178
191029 309311
91425 205091
224759 499423
195285 232390
168481 276385
227682 487710
117523 224504
316076 448569
14947 407549
196268 205886
250170 279330
288085 307868
215132 233669
225474 248758
137119 176067
81604 308769
241215 368427
56873 379734
165634 245628
92300 247889
198941 458670
244169 294195
45214 277254
176634 499048
57826 327115
21385 306070
259454 312403
172539 292903
39450 196497
273853 294188
108490 430802
82521 469748
199528 276940
208037 240744
176975 416638
105489 181372
66721 418093
158540 497925
105141 174445
283639 305994
312578 325557
176113 296093
178859 400509
127888 446338
72992 302290
183439 234352
40424 180192
176436 421289
198270 307088
236882 373368
91690 322786
189195 221240
177937 218749
71210 249810
149812 200393
306929 402394
79650 440747
80800 355396
255741 286846
88187 434930
14807 194252
242787 386812
248921 295704
75834 451157
102974 315273
132362 296255
179324 455565
4042 231912
226215 351917
48970 195672
264683 364679
289570 456046
184054 232497
120800 498873
89642 417766
207779 332353
16871 490523
137998 493756
11842 478909
