194040 51709140
410760 121477860
304920 88198588
420840 124980772
411840 123073844
72240 15131316
458640 143632216
364320 104899180
395640 116250096
432600 125481444
168840 42581716
212940 55387472
399840 117379496
443520 139448784
132720 31261888
49140 9613520
286440 79492200
362040 100997248
487200 147455360
163800 42177256
459360 137323344
488040 143729596
223440 58727628
88200 19744603
397320 116574224
173880 44636108
352800 104177407
114660 26569904
224280 59588744
280800 76963508
424200 122635508
193200 49513756
124740 29688560
465120 138099112
303240 83075952
171360 44489076
457800 134070652
248640 66244032
104160 23570900
68040 14420236
430920 131077136
101640 23109276
271320 73957916
340200 98742040
263340 72552920
328440 92325516
214200 57585376
360360 109877832
493080 144956728
178920 45610720
120120 28782040
386400 112669976
404040 118157592
131040 32537980
315840 87709340
90720 20635148
176400 45676074
219240 58615832
148680 36618876
437580 127473340
329280 92100020
321720 87937168
421200 123727266
263760 70450220
29400 5073344
420000 123145380
491400 155727932
282240 79564406
220920 56509728
334320 93101428
372960 110575592
31920 5668328
154560 37889656
294840 84696588
330120 93980112
173040 42824072
210840 53480440
407400 116971404
311220 87769024
475200 144189728
388080 118816268
138600 34777968
21840 3588940
448560 136397364
120960 29148404
110880 26803860
143640 35661908
98280 22859904
477960 139779096
122640 28459624
422100 122190968
220500 56971216
105000 23538780
57960 11902480
436800 132187364
170520 41912352
229680 60459392
168000 41791056
142800 34756648
312480 89887220
215460 55922420
53760 10616036
305760 86291392
27720 4927472
461160 140219512
498240 145506512
304080 83286572
343200 96446452
265440 71281332
186480 48544220
289800 81896608
207900 54873640
476280 145881384
115920 27662132
194880 49756340
425880 129810560
32760 6013676
160440 38719284
414960 124471856
386820 109295852
311640 85070304
431760 125657932
385560 115293044
465360 137174044
497280 149696008
92400 20933900
42000 7889128
472920 138059424
228480 60603652
426720 124467368
177840 44611352
126000 30531780
270480 73356200
473040 137387680
212520 56043772
408240 122890936
382200 111363232
41580 7894860
376740 109546488
367920 108103256
158760 39840438
97440 21775356
295680 83450984
42840 8288164
285600 79374792
483120 144412868
246960 67627588
442260 131966244
409500 120682284
182160 46064084
457380 138198404
351120 102967536
206640 54801572
287280 82135332
356400 102381056
416640 121848412
446880 133412672
323400 92126524
368280 104850360
355320 103324860
320040 90614160
80640 17836800
237600 63602076
414120 120871940
301560 81503696
117600 27346164
107100 24414560
166320 43633924
243600 64967196
483840 150705400
403200 121816204
327600 97091920
272160 76458204
467280 138897428
346500 99853872
257040 72176868
296100 80667560
195300 49479540
157080 39350672
341880 97783072
152880 37813668
449820 133688256
445200 131573104
52080 10218492
84240 18190556
470400 141152016
141120 34925646
274680 75690880
81900 17828248
144900 34830064
43680 8393280
82320 17690928
93240 21012260
175560 44815064
253680 67288556
477360 144315212
413280 124687436
322560 92954436
216720 57971236
262080 74356212
257400 70062408
471240 149527080
481320 146271756
330960 92003588
183960 47136544
113400 26783228
105840 24785964
77280 16531064
89880 19435796
422280 121677292
244440 65963792
362880 107514624
87360 19403252
69300 14671076
375480 109328672
45360 8906136
283920 78620428
201600 53665760
405720 121118480
494760 148399860
309120 86099112
366240 104054488
112320 25755648
325080 93090140
421680 122229580
129360 31188716
226800 61821268
384720 109774724
365400 107328120
390600 116013016
378840 110259640
407160 117205620
190080 48534164
451440 135779172
156240 39381904
99120 22083832
146160 36393928
46200 8982088
267960 73520608
338520 96109760
112560 25698072
273240 74038088
189000 49232440
79800 17113568
235620 63756912
318780 90615176
442680 130614988
191520 50667936
154440 38152628
432432 125613596
460320 136014560
236880 64385316
103320 23748916
118800 27787416
293040 80451008
374400 107530978
267120 74179976
50400 10151960
488880 150866444
422520 121021176
108360 25136148
292320 83132948
434700 128334332
485520 146487180
57120 11539932
25200 4344688
83160 18814816
187200 47393710
326340 90094904
364560 103867988
339360 95151152
269640 74056640
374640 106410580
493920 153577284
273000 74764172
75600 16607364
260400 70246764
498960 160474864
412020 118486372
275940 74022880
276360 73896104
147840 36661116
497700 148132528
99960 22370432
479160 141102232
468000 139607440
229320 62628380
161280 40888908
423360 129079900
456120 137345404
433440 131830652
211680 56838964
435960 130260148
440160 129069616
236040 61096672
302400 87245780
299880 85339180
387240 109280952
199080 51756816
199920 51604276
475440 140655260
393120 120679156
306600 83822772
200340 50766432
180180 46726436
374220 109218048
489720 148831948
349440 100912900
162960 39884912
378000 113043864
473760 146277788
319200 90283148
40320 7707864
404880 116545948
370440 108496436
335160 97061112
441000 133418560
210600 54002410
95760 22063388
254520 69185312
114840 26248608
60480 12656752
107520 24404936
284760 78974208
438480 134378020
258720 71326800
457920 132976736
245700 66437120
35280 6539258
344400 97456388
412440 117650096
359100 102881440
399000 115619892
468720 145234084
85680 19343564
251160 67829748
137760 32843904
326760 89556312
415800 128836360
452760 135799428
492660 148849800
37800 7103692
381360 108652068
354480 99725636
241920 66538008
357840 104632760
239400 65546576
76440 16336524
278880 75547988
297360 84164616
231840 63367184
369600 109361084
172200 42499528
253440 67859392
47880 9468544
466200 142604028
347760 102583360
196560 52896552
477540 139848128
133560 32238244
453600 140704324
341040 96102024
159600 39587264
425040 128499980
321300 90476664
180600 44957364
118440 27945028
337680 97741552
198000 50797896
55440 11579244
91080 19944476
30240 5440104
210000 54218456
331800 91964292
450240 132830212
380520 111053080
332640 99759460
201960 52075680
126720 29800820
434280 129346848
127680 30270264
315000 89599924
294000 80839088
209160 54870400
487620 144848800
383760 109641896
478080 138796696
361200 103041880
346920 96454596
351540 98931532
174720 44431972
463680 143762808
64680 13443700
97020 21896472
418320 125680996
367080 104961428
343980 98345892
208320 53813396
403920 119445632
357000 101719236
486360 148066180
485100 148624548
181440 47304660
185640 47679924
54600 10931224
290160 79075576
288960 79021328
63000 13151776
429660 128286540
145320 34432772
259560 70804016
396000 115568292
135240 31911896
495600 149126252
252000 69867888
469560 140797120
451920 132550900
250320 66239620
256200 67874588
89040 19430232
496440 151663572
371280 109475424
308880 87777876
361620 101573896
36960 6888536
203280 53326180
291060 81327788
264600 73490260
314160 90527512
67200 13966324
406560 121332544
488160 142885116
336600 95391636
325920 90741160
300960 84035428
317520 91598882
277200 80222020
164640 40563560
34440 6128504
128520 31296912
309960 88031036
446040 134855792
20160 3295308
462000 141554696
218400 58242808
184800 48083592
383040 115216496
498120 146687392
480480 151170660
275520 74726632
342720 101307184
394800 114337688
151200 38257504
221760 61397004
359520 101818616
73080 15706652
198240 50522612
73920 15969520
389760 112749404
70560 15195398
225720 59267664
84840 18140708
406980 119378536
136080 33443256
52920 10653148
155400 37647608
134640 32321424
204120 53601836
100800 23451004
398160 118606244
350280 100761616
62160 12637156
78120 17010396
170100 42059580
224640 58760964
472500 140212144
401940 118698156
255360 68953888
65520 14092720
478800 150243864
109200 25415052
400680 118944576
307440 87531600
123480 29365588
234360 63394848
348480 98784894
188160 47575088
482160 143851452
428400 132154960
447720 133189480
240240 66426768
464100 136879800
345240 99060608
231000 61791120
249480 69975512
279720 78038536
84000 18253708
278460 77158596
230160 59995868
204960 52550676
