240240 66426768
221760 61397004
312480 89887220
294840 84696588
352800 104177407
438480 134378020
438480 134378020
443520 139448784
317520 91598882
325080 93090140
322560 92954436
236880 64385316
166320 43633924
491400 155727932
207900 54873640
277200 80222020
304920 88198588
360360 109877832
234360 63394848
171360 44489076
498960 160474864
189000 49232440
191520 50667936
393120 120679156
277200 80222020
458640 143632216
411840 123073844
428400 132154960
173880 44636108
240240 66426768
249480 69975512
453600 140704324
436800 132187364
277200 80222020
332640 99759460
372960 110575592
388080 118816268
194040 51709140
478800 150243864
443520 139448784
468720 145234084
194040 51709140
249480 69975512
372960 110575592
443520 139448784
383040 115216496
184800 48083592
241920 66538008
189000 49232440
214200 57585376
292320 83132948
408240 122890936
425880 129810560
393120 120679156
372960 110575592
378000 113043864
471240 149527080
272160 76458204
332640 99759460
304920 88198588
304920 88198588
287280 82135332
302400 87245780
272160 76458204
468720 145234084
480480 151170660
327600 97091920
480480 151170660
478800 150243864
233100 60915980
257040 72176868
314160 90527512
458640 143632216
471240 149527080
360360 109877832
360360 109877832
491400 155727932
236880 64385316
360360 109877832
196560 52896552
272160 76458204
347760 102583360
388080 118816268
436800 132187364
443520 139448784
342720 101307184
383040 115216496
226800 61821268
257040 72176868
360360 109877832
327600 97091920
231840 63367184
383040 115216496
438480 134378020
241920 66538008
342720 101307184
327600 97091920
249480 69975512
342720 101307184
347760 102583360
327600 97091920
325080 93090140
196560 52896552
186480 48544220
294840 84696588
438480 134378020
393120 120679156
378000 113043864
304920 88198588
176400 45676074
322560 92954436
249480 69975512
468720 145234084
478800 150243864
378000 113043864
453600 140704324
262080 74356212
360360 109877832
189000 49232440
294840 84696588
236880 64385316
205920 54185512
294840 84696588
262080 74356212
352800 104177407
480480 151170660
458640 143632216
317520 91598882
219240 58615832
428400 132154960
425880 129810560
171360 44489076
181440 47304660
453600 140704324
471240 149527080
201600 53665760
393120 120679156
191520 50667936
332640 99759460
327600 97091920
221760 61397004
415800 128836360
491400 155727932
438480 134378020
342720 101307184
378000 113043864
428400 132154960
471240 149527080
425880 129810560
408240 122890936
403200 121816204
388080 118816268
304920 88198588
480480 151170660
257040 72176868
360360 109877832
249480 69975512
201600 53665760
408240 122890936
272160 76458204
360360 109877832
332640 99759460
458640 143632216
239400 65546576
332640 99759460
385560 115293044
194040 51709140
463680 143762808
360360 109877832
304920 88198588
352800 104177407
304920 88198588
327600 97091920
314160 90527512
385560 115293044
403200 121816204
471240 149527080
201600 53665760
262080 74356212
211680 56838964
360360 109877832
471240 149527080
372960 110575592
262080 74356212
352800 104177407
471240 149527080
327600 97091920
249480 69975512
332640 99759460
196560 52896552
189000 49232440
480480 151170660
453600 140704324
360360 109877832
491400 155727932
207900 54873640
438480 134378020
312480 89887220
491400 155727932
478800 150243864
428400 132154960
189000 49232440
383040 115216496
352800 104177407
262080 74356212
471240 149527080
443520 139448784
347760 102583360
231840 63367184
388080 118816268
372960 110575592
415800 128836360
458640 143632216
277200 80222020
411840 123073844
240240 66426768
471240 149527080
468720 145234084
458640 143632216
453600 140704324
231840 63367184
241920 66538008
272160 76458204
231840 63367184
304920 88198588
332640 99759460
463680 143762808
196560 52896552
201600 53665760
408240 122890936
415800 128836360
257040 72176868
317520 91598882
246960 67627588
360360 109877832
352800 104177407
388080 118816268
463680 143762808
207900 54873640
408240 122890936
236880 64385316
360360 109877832
491400 155727932
194040 51709140
262080 74356212
443520 139448784
403200 121816204
480480 151170660
277200 80222020
438480 134378020
181440 47304660
299880 85339180
240240 66426768
388080 118816268
294840 84696588
325080 93090140
468720 145234084
393120 120679156
443520 139448784
294840 84696588
216720 57971236
277200 80222020
327600 97091920
327600 97091920
294840 84696588
294840 84696588
262080 74356212
312480 89887220
403200 121816204
383040 115216496
372960 110575592
299880 85339180
347760 102583360
458640 143632216
480480 151170660
214200 57585376
453600 140704324
458640 143632216
176400 45676074
327600 97091920
262080 74356212
378000 113043864
314160 90527512
214200 57585376
241920 66538008
262080 74356212
229320 62628380
277200 80222020
257040 72176868
360360 109877832
332640 99759460
463680 143762808
463680 143762808
443520 139448784
312480 89887220
208800 53012014
287280 82135332
453600 140704324
214200 57585376
372960 110575592
428400 132154960
272160 76458204
388080 118816268
241920 66538008
221760 61397004
463680 143762808
262080 74356212
214200 57585376
236880 64385316
480480 151170660
231840 63367184
352800 104177407
304920 88198588
393120 120679156
480480 151170660
360360 109877832
277200 80222020
277200 80222020
471240 149527080
181440 47304660
282240 79564406
287280 82135332
332640 99759460
423360 129079900
352800 104177407
351120 102967536
352800 104177407
184800 48083592
262080 74356212
302400 87245780
277200 80222020
357840 104632760
317520 91598882
438480 134378020
352800 104177407
196560 52896552
294840 84696588
332640 99759460
294840 84696588
463680 143762808
277200 80222020
294840 84696588
428400 132154960
272160 76458204
317520 91598882
372960 110575592
289800 81896608
241920 66538008
221760 61397004
415800 128836360
196560 52896552
221760 61397004
234360 63394848
411840 123073844
360360 109877832
428400 132154960
413280 124687436
221760 61397004
385560 115293044
428400 132154960
383040 115216496
272160 76458204
491400 155727932
277200 80222020
480480 151170660
480480 151170660
322560 92954436
385560 115293044
403200 121816204
443520 139448784
317520 91598882
423360 129079900
277200 80222020
415800 128836360
498960 160474864
480480 151170660
294840 84696588
372960 110575592
415800 128836360
360360 109877832
325080 93090140
304920 88198588
360360 109877832
415800 128836360
471240 149527080
360360 109877832
443520 139448784
491400 155727932
299880 85339180
393120 120679156
272160 76458204
332640 99759460
236880 64385316
415800 128836360
428400 132154960
304920 88198588
325080 93090140
360360 109877832
443520 139448784
294840 84696588
388080 118816268
478800 150243864
372960 110575592
360360 109877832
360360 109877832
231840 63367184
360360 109877832
304920 88198588
453600 140704324
240240 66426768
314160 90527512
388080 118816268
378000 113043864
223020 57609936
249480 69975512
325080 93090140
207900 54873640
388080 118816268
360360 109877832
438480 134378020
327600 97091920
304920 88198588
201600 53665760
498960 160474864
231840 63367184
272160 76458204
480480 151170660
221760 61397004
443520 139448784
403200 121816204
201600 53665760
277200 80222020
304920 88198588
231840 63367184
246960 67627588
175560 44815064
304920 88198588
360360 109877832
378000 113043864
241920 66538008
246960 67627588
458640 143632216
292320 83132948
277200 80222020
498960 160474864
325080 93090140
304920 88198588
304920 88198588
292320 83132948
194040 51709140
292320 83132948
428400 132154960
468720 145234084
272160 76458204
240240 66426768
415800 128836360
180180 46726436
415800 128836360
491400 155727932
173880 44636108
304920 88198588
325080 93090140
294840 84696588
393120 120679156
443520 139448784
299880 85339180
231840 63367184
180180 46726436
415800 128836360
304920 88198588
372960 110575592
322560 92954436
219240 58615832
218400 58242808
249480 69975512
196560 52896552
393120 120679156
438480 134378020
352800 104177407
277200 80222020
428400 132154960
194040 51709140
385560 115293044
294840 84696588
443520 139448784
314160 90527512
294840 84696588
453600 140704324
231840 63367184
351120 102967536
194040 51709140
360360 109877832
453600 140704324
231840 63367184
491400 155727932
415800 128836360
327600 97091920
480480 151170660
491400 155727932
478800 150243864
