1
4
12
33
88
232
609
1596
4180
10945
28656
75024
196417
514228
1346268
3524577
9227464
24157816
63245985
165580140
433494436
136658816
672736482
187051809
886663299
778439267
844674735
363076001
940807738
764848392
53503202
393905568
431959034
599981651
671731451
416968350
579173600
20318214
480025396
723503506
692240770
354974452
70692703
553358127
893127210
825789267
887986123
839924750
331553891
758716692
342372065
964653973
160836564
164137546
336842148
861273020
340358396
80007077
111178268
932439357
265161222
649571810
343221005
601883156
766173995
94414709
817304370
755274281
357999420
712988565
86467454
544658151
851252531
708865206
277098735
424420884
996163918
567582165
706582578
251931333
49211422
197692818
241877149
527938630
343694389
412966468
644221674
116780564
667289475
747084858
346261077
798613611
189327110
544720536
515756491
938843093
233691777
854177254
217126946
730316132
441101
443988442
905803967
370511589
537874225
285464223
43000786
850765581
721255197
544692379
815598687
555811457
443604559
826043659
465819707
771198644
814076556
584596008
446092696
771919408
376793766
238307394
313580600
100379829
759704081
537408606
635193573
468976339
469745561
940260345
958526537
635085030
250474085
116337226
794792063
967804727
414123297
274565165
711562083
257896964
62128810
230479351
931299128
264939444
861763558
323862525
109824018
307599414
812974225
789931687
190827956
636242483
361866638
945259230
486048482
245612914
322989662
738152604
409622653
519416791
162684021
741925649
217173419
767229789
873618272
154444950
828873428
51120917
970366661
745452366
941584626
360046135
301423631
995449951
483248340
725242891
123794154
666644603
113541562
475816645
362836505
365247142
617993763
713701557
912129652
776857114
45793092
799790562
968081193
94408596
907868975
58801221
189743135
306556246
97244401
132071638
391826342
921694876
268691611
916162252
193617209
94832530
605523590
738290419
562768843
125763622
298123169
188048784
491132411
425217392
590452602
703499187
690955965
364995412
569043249
327134397
240864470
560315202
165681340
861753376
352067127
569291133
424723312
997988742
193172624
624903722
656963866
284935303
44846708
723682749
923575420
895689892
695093662
580958892
461692020
161802724
366182814
383753890
440114779
41416539
641136857
517109026
348643824
490926545
343751893
132144970
648484720
822646819
946176378
508978016
982917026
118120152
88070466
736268917
957316036
171068214
856122844
795076198
136596813
310968711
100054852
987440199
169522571
913636453
876887967
22528627
583206853
334582995
814806718
113348454
129218413
970561255
89722178
993104102
893101423
989945699
776501438
950386593
937336652
308735093
765946067
215047924
70643334
830921144
421831572
828812024
869874226
281557282
745220
193206586
774067720
853469464
288327773
399419272
80957407
7237413
303953123
907155171
611176572
10245904
336956390
471107300
126216535
300514150
54390455
804759591
418274984
555595458
976242793
793648864
863992070
659097096
757591911
665989544
880849980
640889595
781596051
543176934
705805155
901995520
227418962
638161776
191586681
993543947
563290672
562369429
649996668
968674999
679751808
457682141
496808694
730727924
25583383
823153955
249611114
511363467
283675587
38940018
348701624
986283684
918209955
655620739
738375794
353111379
743831325
495973107
856611091
27528179
19108465
496132662
781891320
593430420
116963355
248940677
516043773
183239666
972460855
68656769
476078417
229319354
384504479
404526230
939583283
124219671
728703189
656322119
64699751
811342491
156928364
804609709
407811505
316471184
304396036
522219407
372223402
146472085
157285606
399827856
880113145
757941359
862615660
147142994
575627144
485102797
355257843
191498710
56299607
642614420
512634225
870581130
490552010
988980317
984735211
774294863
337345678
820893037
907188774
928376532
407168263
764363724
390495492
599782720
107351825
227107731
593585933
551975378
750456269
866128166
679382081
880494096
780258910
943140022
634188867
166603103
733144676
878966367
595129102
458581461
800684969
435663802
994763729
611562248
584226199
279960383
77339926
860807490
271728912
742022344
512183145
308551884
660428257
398366207
733310819
874037935
882221130
963956253
744267034
236539612
484773479
574535245
94297477
542727551
708799029
596602748
122768023
705007317
354222714
978557905
671238649
780165390
168199061
554821638
900164654
243906105
513593041
244641220
991550186
111764761
687622493
72826616
78263877
974524636
867704449
199623204
992046018
142569482
585229473
144816484
642262551
465730261
345166750
940812900
121917854
839335945
74616459
558326027
497298451
925011218
316879304
865607712
741731198
449355839
842919366
66742407
85562693
393069092
63750469
511655698
252066467
502609536
169848301
92275259
135965004
703952399
530938905
618390204
717803466
881333667
71954567
638807581
