0.480008891
0.487399499
0.495064329
0.503019404
0.511282023
0.519870890
0.528806253
0.538110073
0.547806197
0.557920570
0.568481463
0.579519735
0.591069129
0.603166612
0.615852758
0.629172186
0.643174061
0.657912668
0.673448073
0.689846873
0.707183075
0.725539091
0.745006894
0.765689352
0.787701757
0.811173585
0.836250514
0.863096716
0.891897452
0.922861951
0.956226557
0.992258029
1.031256812
1.073559901
1.119542642
1.169618343
1.224233824
1.283857842
1.348957518
1.419955227
1.497154804
1.580621671
1.669998348
1.764239140
1.861265355
1.957590403
2.048055632
2.125934739
2.183710634
2.214630506
2.214630506
2.183710634
2.125934739
2.048055632
1.957590403
1.861265355
1.764239140
1.669998348
1.580621671
1.497154804
1.419955227
1.348957518
1.283857842
1.224233824
1.169618343
1.119542642
1.073559901
1.031256812
0.992258029
0.956226557
0.922861951
0.891897452
0.863096716
0.836250514
0.811173585
0.787701757
0.765689352
0.745006894
0.725539091
0.707183075
0.689846873
0.673448073
0.657912668
0.643174061
0.629172186
0.615852758
0.603166612
0.591069129
0.579519735
0.568481463
0.557920570
0.547806197
0.538110073
0.528806253
0.519870890
0.511282023
0.503019404
0.495064329
0.487399499
0.480008891
