0.999994764
0.999994764
0.999994764
0.999994764
0.999994764
0.999994764
0.999994764
0.999994764
0.999994764
1.000258221
1.000254905
0.999994764
0.999994764
0.999994764
0.999994764
0.999994764
0.999994764
0.999994764
0.999994764
0.999994764
0.999994764
0.999994764
0.999994764
0.999994764
0.999994764
0.999994764
0.999994764
0.999994764
0.999994764
0.999994764
0.999994764
0.999994764
0.999994764
0.999994764
0.999994764
0.999994764
0.999994764
0.999994764
0.999994764
0.999994764
0.999994764
0.999994764
0.999994764
0.999994764
0.999994764
0.999994764
0.999994764
0.999994764
0.999994764
0.999994764
0.999994764
0.999994764
0.999994764
0.999994764
0.999994764
0.999994764
0.999994764
0.999994764
0.999994764
0.999994764
0.999994764
0.999994764
0.999994764
0.999994764
0.999994764
0.999994764
0.999994764
0.999994764
0.999994764
0.999994764
0.999994764
0.999994764
0.999994764
0.999994764
0.999994764
0.999994764
0.999994764
0.999994764
0.999994764
0.999994764
0.999994764
0.999994764
0.999994764
0.999994764
0.999994764
0.999994764
0.999994764
0.999994764
0.999994764
0.999994764
0.999994764
0.999994764
0.999994764
0.999994764
0.999994764
0.999994764
0.999994764
0.999994764
0.999994764
0.999994764
