0.994764012
0.994764012
0.994764012
0.994764012
0.994764012
0.994764012
0.994764012
0.994764012
0.994764012
1.516962558
0.996164242
0.994764012
0.994764012
0.994764012
0.994764012
0.994764012
0.994764012
0.994764012
0.994764012
0.994764012
0.994764012
0.994764012
0.994764012
0.994764012
0.994764012
0.994764012
0.994764012
0.994764012
0.994764012
0.994764012
0.994764012
0.994764012
0.994764012
0.994764012
0.994764012
0.994764012
0.994764012
0.994764012
0.994764012
0.994764012
0.994764012
0.994764012
0.994764012
0.994764012
0.994764012
0.994764012
0.994764012
0.994764012
0.994764012
0.994764012
0.994764012
0.994764012
0.994764012
0.994764012
0.994764012
0.994764012
0.994764012
0.994764012
0.994764012
0.994764012
0.994764012
0.994764012
0.994764012
0.994764012
0.994764012
0.994764012
0.994764012
0.994764012
0.994764012
0.994764012
0.994764012
0.994764012
0.994764012
0.994764012
0.994764012
0.994764012
0.994764012
0.994764012
0.994764012
0.994764012
0.994764012
0.994764012
0.994764012
0.994764012
0.994764012
0.994764012
0.994764012
0.994764012
0.994764012
0.994764012
0.994764012
0.994764012
0.994764012
0.994764012
0.994764012
0.994764012
0.994764012
0.994764012
0.994764012
0.994764012
