2.333194903
2.325400121
2.325400121
2.325400121
2.325400121
2.325400121
2.325400121
2.325400121
2.325400121
2.325400121
2.325400121
2.325400121
2.325400121
2.325400121
2.325400121
2.325400121
2.325400121
2.325400121
2.325400121
2.325400121
2.325400121
2.325400121
2.325400121
2.325400121
2.325400121
2.325400121
2.325400121
2.325400121
2.325400121
2.325400121
2.325400121
2.325400121
2.325400121
2.325400121
2.325400121
2.325400121
2.325400121
2.325400121
2.325400121
2.325400121
2.325400121
2.325400121
2.325400121
