1000 16
4711 4711 23555 61243
4711 42399 61243 14133
4711 32977 89509 70665
4711 80087 61243 32977
4711 42399 23555 14133
4711 89509 70665 14133
4711 51821 51821 4711
4711 89509 42399 51821
4711 89509 89509 70665
4711 32977 51821 23555
4711 51821 61243 61243
4711 70665 14133 61243
4711 14133 61243 89509
4711 89509 89509 14133
4711 14133 42399 89509
4711 70665 23555 51821
4711 4711 42399 51821
4711 23555 51821 89509
4711 70665 89509 14133
4711 14133 32977 14133
4711 70665 4711 80087
4711 70665 23555 4711
4711 51821 61243 23555
4711 70665 80087 32977
4711 80087 51821 80087
4711 4711 61243 80087
4711 4711 32977 89509
4711 89509 23555 42399
4711 80087 42399 42399
4711 42399 61243 80087
4711 32977 32977 70665
4711 89509 51821 42399
4711 14133 32977 23555
4711 61243 23555 89509
4711 89509 32977 80087
4711 61243 4711 14133
4711 14133 32977 80087
4711 14133 42399 61243
4711 70665 42399 32977
4711 32977 32977 32977
4711 4711 4711 89509
4711 14133 51821 61243
4711 80087 70665 70665
4711 61243 32977 61243
4711 61243 70665 89509
4711 70665 70665 32977
4711 32977 23555 32977
4711 70665 42399 51821
4711 14133 42399 51821
4711 70665 32977 80087
4711 14133 89509 61243
4711 42399 89509 32977
4711 4711 80087 42399
4711 42399 70665 14133
4711 51821 80087 80087
4711 61243 4711 51821
4711 32977 32977 61243
4711 70665 4711 4711
4711 42399 23555 42399
4711 42399 89509 42399
4711 70665 70665 89509
4711 51821 61243 4711
4711 80087 4711 80087
4711 32977 51821 4711
4711 89509 4711 32977
4711 42399 14133 42399
4711 14133 23555 80087
4711 80087 70665 61243
4711 23555 23555 14133
4711 51821 32977 89509
4711 89509 4711 89509
4711 23555 14133 70665
4711 4711 89509 4711
4711 89509 51821 51821
4711 4711 23555 32977
4711 4711 32977 61243
4711 4711 32977 42399
4711 61243 23555 42399
4711 32977 4711 51821
4711 32977 4711 80087
4711 42399 14133 51821
4711 23555 14133 14133
4711 4711 4711 4711
4711 61243 23555 4711
4711 89509 51821 32977
4711 61243 14133 4711
4711 32977 70665 70665
4711 42399 89509 61243
4711 14133 70665 89509
4711 42399 51821 51821
4711 51821 14133 4711
4711 80087 51821 70665
4711 51821 32977 14133
4711 42399 80087 32977
4711 70665 32977 70665
4711 61243 14133 51821
4711 42399 32977 32977
4711 51821 80087 23555
4711 4711 42399 89509
4711 14133 80087 61243
4711 42399 51821 42399
4711 89509 70665 23555
4711 4711 61243 32977
4711 23555 70665 42399
4711 23555 32977 42399
4711 51821 23555 70665
4711 89509 42399 42399
4711 4711 80087 61243
4711 4711 32977 14133
4711 70665 70665 42399
4711 61243 51821 23555
4711 61243 89509 89509
4711 89509 61243 51821
4711 80087 32977 61243
4711 51821 14133 80087
4711 61243 4711 32977
4711 80087 42399 89509
4711 80087 51821 89509
4711 23555 70665 89509
4711 89509 89509 23555
4711 61243 23555 61243
4711 4711 51821 80087
4711 70665 42399 89509
4711 89509 32977 14133
4711 80087 32977 89509
4711 80087 23555 14133
4711 42399 32977 61243
4711 23555 61243 80087
4711 32977 70665 32977
4711 80087 89509 42399
4711 32977 23555 89509
4711 80087 80087 4711
4711 70665 32977 61243
4711 23555 61243 51821
4711 89509 14133 4711
4711 89509 4711 4711
4711 32977 32977 80087
4711 42399 70665 32977
4711 61243 61243 32977
4711 80087 4711 23555
4711 51821 14133 89509
4711 32977 61243 23555
4711 23555 32977 14133
4711 70665 61243 23555
4711 89509 42399 32977
4711 42399 89509 89509
4711 23555 89509 42399
4711 23555 42399 14133
4711 89509 89509 32977
4711 32977 70665 23555
4711 70665 80087 23555
4711 32977 70665 80087
4711 51821 42399 4711
4711 61243 42399 80087
4711 89509 70665 4711
4711 14133 32977 70665
4711 23555 61243 61243
4711 89509 32977 89509
4711 4711 23555 51821
4711 61243 80087 51821
4711 4711 4711 70665
4711 42399 70665 89509
4711 51821 32977 51821
4711 14133 70665 4711
4711 14133 80087 4711
4711 51821 61243 89509
4711 80087 70665 32977
4711 14133 32977 32977
4711 89509 89509 4711
4711 61243 14133 61243
4711 4711 61243 23555
4711 14133 4711 42399
4711 70665 32977 51821
4711 61243 70665 61243
4711 14133 80087 51821
4711 89509 23555 89509
4711 42399 4711 32977
4711 89509 14133 32977
4711 70665 89509 23555
4711 32977 80087 70665
4711 61243 80087 61243
4711 23555 89509 4711
4711 80087 23555 80087
4711 42399 42399 32977
4711 14133 23555 14133
4711 80087 70665 4711
4711 14133 61243 51821
4711 61243 80087 23555
4711 51821 4711 4711
4711 32977 80087 32977
4711 4711 51821 14133
4711 32977 23555 80087
4711 51821 23555 51821
4711 70665 42399 42399
4711 80087 89509 89509
4711 51821 32977 61243
4711 70665 80087 51821
4711 4711 80087 70665
4711 80087 42399 23555
4711 70665 23555 70665
4711 51821 32977 4711
4711 61243 70665 14133
4711 51821 42399 70665
4711 23555 32977 32977
4711 80087 80087 32977
4711 70665 42399 70665
4711 4711 89509 42399
4711 61243 51821 42399
4711 51821 80087 4711
4711 51821 61243 80087
4711 14133 14133 51821
4711 70665 42399 61243
4711 51821 80087 42399
4711 70665 61243 42399
4711 51821 42399 51821
4711 61243 70665 32977
4711 32977 89509 80087
4711 61243 61243 70665
4711 51821 4711 70665
4711 32977 42399 42399
4711 61243 51821 4711
4711 32977 4711 4711
4711 42399 89509 4711
4711 80087 70665 89509
4711 51821 14133 42399
4711 14133 42399 14133
4711 4711 23555 70665
4711 42399 89509 23555
4711 80087 51821 42399
4711 61243 61243 80087
4711 32977 23555 42399
4711 80087 42399 14133
4711 61243 89509 14133
4711 51821 61243 51821
4711 14133 51821 32977
4711 14133 51821 23555
4711 80087 42399 32977
4711 14133 51821 89509
4711 4711 23555 14133
4711 61243 14133 32977
4711 23555 70665 80087
4711 42399 51821 80087
4711 14133 4711 14133
4711 14133 80087 70665
4711 61243 51821 61243
4711 89509 61243 89509
4711 51821 51821 89509
4711 89509 14133 14133
4711 32977 14133 89509
4711 32977 70665 42399
4711 32977 80087 23555
4711 14133 23555 42399
4711 42399 80087 23555
4711 14133 32977 51821
4711 32977 14133 80087
4711 23555 89509 61243
4711 61243 14133 89509
4711 61243 70665 70665
4711 42399 51821 4711
4711 4711 61243 89509
4711 14133 23555 89509
4711 32977 4711 23555
4711 89509 80087 23555
4711 14133 80087 14133
4711 70665 42399 23555
4711 4711 80087 4711
4711 23555 80087 32977
4711 4711 89509 32977
4711 89509 89509 51821
4711 14133 14133 23555
4711 80087 89509 4711
4711 51821 14133 23555
4711 23555 61243 70665
4711 42399 80087 70665
4711 23555 61243 4711
4711 42399 61243 32977
4711 32977 89509 42399
4711 32977 89509 32977
4711 61243 80087 32977
4711 51821 32977 42399
4711 4711 4711 61243
4711 61243 51821 70665
4711 80087 23555 42399
4711 51821 14133 70665
4711 14133 80087 23555
4711 70665 89509 89509
4711 89509 80087 14133
4711 14133 14133 61243
4711 89509 80087 32977
4711 80087 51821 4711
4711 14133 89509 70665
4711 61243 70665 23555
4711 23555 61243 14133
4711 14133 4711 32977
4711 89509 23555 70665
4711 80087 70665 14133
4711 4711 89509 51821
4711 14133 70665 51821
4711 23555 42399 80087
4711 89509 61243 42399
4711 4711 32977 80087
4711 61243 61243 23555
4711 32977 89509 89509
4711 14133 23555 61243
4711 51821 4711 61243
4711 23555 51821 42399
4711 70665 89509 70665
4711 23555 32977 61243
4711 14133 70665 42399
4711 32977 61243 70665
4711 51821 14133 14133
4711 14133 51821 51821
4711 32977 14133 51821
4711 80087 70665 51821
4711 80087 89509 14133
4711 51821 70665 14133
4711 61243 32977 42399
4711 80087 4711 14133
4711 23555 80087 70665
4711 80087 4711 42399
4711 32977 32977 23555
4711 70665 80087 70665
4711 61243 89509 51821
4711 61243 32977 4711
4711 42399 32977 51821
4711 4711 32977 51821
4711 61243 4711 89509
4711 4711 32977 70665
4711 32977 80087 42399
4711 70665 61243 80087
4711 42399 4711 42399
4711 42399 51821 89509
4711 42399 42399 61243
4711 70665 23555 42399
4711 70665 14133 14133
4711 14133 51821 4711
4711 89509 89509 42399
4711 4711 80087 89509
4711 4711 23555 89509
4711 4711 4711 32977
4711 32977 4711 14133
4711 23555 51821 51821
4711 80087 14133 80087
4711 14133 61243 14133
4711 4711 42399 14133
4711 42399 23555 61243
4711 23555 80087 80087
4711 89509 42399 14133
4711 80087 80087 89509
4711 23555 80087 89509
4711 51821 89509 32977
4711 70665 61243 61243
4711 89509 61243 70665
4711 23555 23555 70665
4711 32977 51821 14133
4711 4711 51821 70665
4711 23555 51821 4711
4711 42399 32977 70665
4711 4711 80087 23555
4711 4711 70665 70665
4711 70665 89509 51821
4711 42399 89509 14133
4711 80087 42399 4711
4711 32977 4711 89509
4711 89509 61243 23555
4711 42399 70665 61243
4711 70665 51821 14133
4711 23555 61243 23555
4711 14133 89509 4711
4711 89509 14133 61243
4711 70665 14133 80087
4711 51821 4711 42399
4711 80087 4711 70665
4711 70665 4711 14133
4711 89509 70665 70665
4711 80087 14133 70665
4711 51821 42399 42399
4711 42399 80087 89509
4711 89509 51821 80087
4711 42399 51821 14133
4711 70665 4711 89509
4711 42399 80087 80087
4711 23555 42399 23555
4711 51821 23555 32977
4711 70665 61243 32977
4711 4711 51821 61243
4711 70665 61243 70665
4711 32977 61243 4711
4711 51821 80087 32977
4711 70665 23555 61243
4711 70665 61243 4711
4711 80087 14133 51821
4711 61243 42399 32977
4711 80087 51821 61243
4711 80087 14133 23555
4711 70665 89509 42399
4711 14133 89509 14133
4711 61243 4711 4711
4711 89509 32977 51821
4711 61243 61243 4711
4711 70665 80087 42399
4711 4711 51821 51821
4711 70665 14133 23555
4711 70665 14133 42399
4711 51821 23555 89509
4711 80087 32977 51821
4711 70665 51821 51821
4711 80087 4711 51821
4711 51821 4711 14133
4711 23555 23555 23555
4711 61243 89509 61243
4711 61243 23555 32977
4711 4711 51821 23555
4711 89509 51821 23555
4711 23555 23555 32977
4711 23555 4711 32977
4711 89509 4711 51821
4711 32977 14133 14133
4711 80087 23555 89509
4711 89509 80087 42399
4711 42399 14133 80087
4711 70665 23555 23555
4711 32977 23555 51821
4711 89509 51821 89509
4711 14133 89509 32977
4711 23555 14133 61243
4711 23555 23555 80087
4711 32977 61243 61243
4711 32977 51821 89509
4711 23555 4711 4711
4711 70665 61243 89509
4711 23555 89509 51821
4711 14133 23555 51821
4711 61243 23555 80087
4711 42399 4711 51821
4711 14133 89509 80087
4711 51821 70665 32977
4711 23555 4711 61243
4711 14133 51821 14133
4711 80087 14133 61243
4711 32977 42399 89509
4711 23555 32977 80087
4711 61243 14133 80087
4711 89509 61243 61243
4711 70665 4711 70665
4711 32977 42399 80087
4711 42399 14133 14133
4711 4711 61243 61243
4711 32977 23555 23555
4711 89509 14133 70665
4711 23555 4711 51821
4711 89509 61243 14133
4711 4711 14133 70665
4711 4711 32977 23555
4711 42399 80087 61243
4711 42399 42399 89509
4711 61243 14133 42399
4711 42399 89509 70665
4711 89509 14133 42399
4711 14133 80087 89509
4711 32977 42399 4711
4711 42399 51821 23555
4711 70665 70665 14133
4711 89509 70665 89509
4711 23555 61243 32977
4711 23555 32977 23555
4711 51821 89509 23555
4711 51821 89509 14133
4711 14133 4711 70665
4711 80087 89509 61243
4711 89509 80087 61243
4711 61243 89509 23555
4711 70665 70665 23555
4711 42399 23555 70665
4711 80087 80087 51821
4711 80087 4711 32977
4711 51821 4711 32977
4711 51821 42399 32977
4711 23555 80087 4711
4711 70665 89509 32977
4711 4711 14133 80087
4711 61243 80087 14133
4711 4711 89509 70665
4711 70665 51821 32977
4711 42399 32977 4711
4711 61243 42399 4711
4711 42399 70665 23555
4711 4711 80087 51821
4711 61243 4711 42399
4711 61243 32977 32977
4711 80087 23555 51821
4711 4711 70665 23555
4711 51821 70665 42399
4711 23555 14133 42399
4711 89509 14133 80087
4711 14133 14133 42399
4711 32977 70665 4711
4711 32977 23555 4711
4711 70665 4711 32977
4711 89509 32977 4711
4711 14133 70665 80087
4711 61243 14133 14133
4711 51821 80087 61243
4711 70665 51821 23555
4711 4711 42399 70665
4711 42399 42399 70665
4711 32977 80087 14133
4711 23555 4711 23555
4711 14133 23555 70665
4711 89509 80087 80087
4711 89509 70665 80087
4711 14133 4711 89509
4711 4711 89509 89509
4711 4711 14133 89509
4711 89509 23555 14133
4711 61243 42399 89509
4711 89509 4711 14133
4711 32977 61243 32977
4711 4711 14133 23555
4711 70665 14133 89509
4711 42399 51821 32977
4711 14133 51821 70665
4711 23555 14133 80087
4711 89509 51821 4711
4711 42399 14133 32977
4711 70665 70665 4711
4711 70665 23555 32977
4711 4711 4711 51821
4711 61243 89509 80087
4711 51821 61243 70665
4711 42399 14133 89509
4711 4711 80087 80087
4711 80087 61243 51821
4711 70665 51821 80087
4711 61243 42399 70665
4711 23555 61243 42399
4711 42399 23555 89509
4711 4711 70665 32977
4711 14133 89509 23555
4711 4711 61243 4711
4711 23555 42399 42399
4711 89509 4711 42399
4711 42399 61243 61243
4711 42399 70665 42399
4711 4711 70665 42399
4711 61243 42399 23555
4711 51821 51821 42399
4711 4711 23555 23555
4711 14133 42399 32977
4711 23555 51821 23555
4711 32977 42399 23555
4711 42399 80087 42399
4711 70665 14133 32977
4711 23555 80087 61243
4711 32977 42399 14133
4711 42399 80087 51821
4711 61243 32977 14133
4711 70665 23555 14133
4711 42399 42399 4711
4711 89509 89509 61243
4711 4711 89509 80087
4711 32977 14133 70665
4711 14133 70665 32977
4711 61243 51821 32977
4711 80087 32977 32977
4711 14133 32977 42399
4711 61243 80087 70665
4711 61243 23555 23555
4711 61243 32977 80087
4711 80087 61243 89509
4711 61243 4711 80087
4711 61243 89509 4711
4711 42399 42399 14133
4711 14133 42399 4711
4711 51821 61243 42399
4711 80087 89509 51821
4711 42399 4711 14133
4711 70665 70665 70665
4711 42399 51821 61243
4711 80087 61243 42399
4711 14133 51821 42399
4711 4711 70665 14133
4711 70665 70665 61243
4711 32977 51821 42399
4711 4711 61243 70665
4711 70665 4711 23555
4711 42399 23555 23555
4711 42399 89509 80087
4711 89509 89509 89509
4711 42399 42399 51821
4711 42399 23555 32977
4711 51821 51821 61243
4711 89509 61243 32977
4711 61243 61243 61243
4711 23555 32977 89509
4711 23555 80087 23555
4711 89509 42399 4711
4711 23555 23555 4711
4711 80087 80087 42399
4711 80087 23555 4711
4711 80087 51821 51821
4711 70665 80087 89509
4711 89509 32977 42399
4711 80087 32977 4711
4711 80087 42399 70665
4711 51821 51821 14133
4711 61243 14133 23555
4711 4711 51821 42399
4711 80087 14133 89509
4711 51821 42399 14133
4711 32977 70665 61243
4711 23555 89509 14133
4711 89509 32977 70665
4711 14133 89509 89509
4711 89509 89509 80087
4711 89509 23555 80087
4711 51821 4711 23555
4711 70665 23555 80087
4711 23555 4711 89509
4711 80087 23555 70665
4711 80087 14133 42399
4711 32977 4711 70665
4711 4711 70665 80087
4711 32977 70665 89509
4711 51821 89509 80087
4711 23555 23555 89509
4711 80087 32977 23555
4711 61243 23555 14133
4711 89509 61243 80087
4711 70665 4711 61243
4711 23555 42399 61243
4711 51821 80087 70665
4711 23555 89509 23555
4711 42399 70665 51821
4711 42399 4711 70665
4711 80087 61243 14133
4711 14133 70665 23555
4711 14133 61243 4711
4711 61243 70665 51821
4711 61243 51821 14133
4711 80087 51821 23555
4711 42399 70665 80087
4711 61243 51821 89509
4711 32977 80087 51821
4711 51821 23555 80087
4711 70665 4711 42399
4711 32977 89509 4711
4711 14133 23555 23555
4711 61243 32977 70665
4711 80087 42399 61243
4711 4711 14133 14133
4711 23555 70665 23555
4711 14133 80087 42399
4711 14133 42399 23555
4711 23555 4711 42399
4711 42399 14133 23555
4711 32977 14133 61243
4711 4711 4711 23555
4711 32977 89509 23555
4711 80087 89509 32977
4711 80087 70665 80087
4711 23555 61243 89509
4711 32977 89509 51821
4711 14133 14133 32977
4711 32977 51821 61243
4711 32977 80087 89509
4711 51821 89509 42399
4711 42399 14133 4711
4711 23555 23555 42399
4711 32977 32977 89509
4711 80087 32977 80087
4711 80087 70665 42399
4711 80087 42399 80087
4711 32977 4711 32977
4711 4711 80087 32977
4711 70665 70665 51821
4711 23555 70665 14133
4711 32977 4711 42399
4711 23555 80087 14133
4711 4711 32977 32977
4711 32977 14133 4711
4711 42399 70665 4711
4711 89509 4711 23555
4711 51821 51821 23555
4711 32977 61243 80087
4711 42399 61243 70665
4711 89509 14133 89509
4711 4711 61243 14133
4711 89509 23555 4711
4711 32977 42399 51821
4711 80087 14133 4711
4711 23555 51821 70665
4711 51821 89509 51821
4711 14133 61243 80087
4711 89509 51821 14133
4711 32977 14133 23555
4711 14133 89509 42399
4711 61243 61243 89509
4711 23555 4711 14133
4711 4711 70665 51821
4711 61243 4711 23555
4711 61243 61243 51821
4711 14133 61243 42399
4711 61243 23555 70665
4711 42399 61243 51821
4711 70665 32977 4711
4711 89509 70665 51821
4711 80087 89509 23555
4711 70665 14133 51821
4711 14133 61243 61243
4711 80087 61243 23555
4711 51821 14133 32977
4711 4711 42399 61243
4711 14133 14133 4711
4711 42399 61243 4711
4711 4711 42399 32977
4711 51821 23555 14133
4711 70665 61243 14133
4711 14133 14133 14133
4711 42399 4711 89509
4711 23555 70665 61243
4711 32977 42399 61243
4711 42399 32977 23555
4711 70665 51821 42399
4711 80087 4711 89509
4711 70665 42399 4711
4711 51821 23555 23555
4711 42399 61243 89509
4711 89509 51821 70665
4711 23555 14133 23555
4711 23555 42399 89509
4711 14133 32977 4711
4711 89509 23555 61243
4711 89509 70665 42399
4711 51821 70665 80087
4711 4711 61243 51821
4711 32977 14133 32977
4711 14133 61243 32977
4711 23555 89509 89509
4711 23555 32977 4711
4711 61243 42399 61243
4711 80087 80087 70665
4711 42399 42399 23555
4711 89509 23555 23555
4711 23555 32977 51821
4711 61243 89509 42399
4711 14133 14133 70665
4711 51821 42399 23555
4711 61243 32977 51821
4711 89509 4711 61243
4711 14133 32977 61243
4711 32977 89509 14133
4711 80087 80087 80087
4711 51821 61243 14133
4711 80087 70665 23555
4711 4711 23555 42399
4711 32977 61243 42399
4711 4711 14133 4711
4711 70665 42399 80087
4711 80087 89509 70665
4711 61243 80087 89509
4711 23555 70665 4711
4711 32977 89509 61243
4711 51821 23555 4711
4711 51821 70665 23555
4711 51821 89509 70665
4711 61243 61243 14133
4711 80087 32977 42399
4711 51821 89509 61243
4711 61243 80087 42399
4711 61243 70665 80087
4711 32977 51821 32977
4711 4711 89509 23555
4711 14133 14133 80087
4711 51821 51821 51821
4711 14133 14133 89509
4711 51821 51821 80087
4711 14133 80087 80087
4711 70665 23555 89509
4711 32977 42399 32977
4711 70665 89509 61243
4711 4711 4711 42399
4711 70665 32977 89509
4711 14133 4711 4711
4711 32977 61243 51821
4711 51821 23555 61243
4711 80087 61243 4711
4711 32977 23555 70665
4711 51821 32977 23555
4711 61243 51821 51821
4711 4711 14133 51821
4711 14133 61243 23555
4711 89509 80087 51821
4711 89509 14133 23555
4711 14133 42399 42399
4711 42399 4711 4711
4711 23555 23555 51821
4711 32977 51821 51821
4711 14133 4711 80087
4711 80087 61243 80087
4711 61243 32977 23555
4711 70665 51821 70665
4711 32977 80087 4711
4711 80087 32977 70665
4711 70665 61243 51821
4711 23555 14133 51821
4711 4711 32977 4711
4711 80087 23555 61243
4711 80087 4711 4711
4711 51821 70665 70665
4711 14133 32977 89509
4711 32977 23555 61243
4711 4711 70665 89509
4711 51821 70665 89509
4711 80087 32977 14133
4711 89509 80087 70665
4711 80087 14133 14133
4711 70665 32977 14133
4711 23555 89509 32977
4711 61243 80087 4711
4711 51821 42399 61243
4711 42399 23555 51821
4711 4711 23555 80087
4711 4711 51821 32977
4711 23555 89509 70665
4711 32977 70665 14133
4711 51821 51821 70665
4711 23555 80087 51821
4711 61243 70665 4711
4711 23555 42399 32977
4711 70665 4711 51821
4711 23555 14133 4711
4711 42399 4711 61243
4711 4711 42399 23555
4711 51821 89509 4711
4711 4711 14133 32977
4711 23555 4711 80087
4711 70665 70665 80087
4711 80087 61243 61243
4711 61243 32977 89509
4711 61243 70665 42399
4711 89509 4711 70665
4711 61243 42399 14133
4711 42399 61243 42399
4711 14133 89509 51821
4711 4711 80087 14133
4711 89509 42399 23555
4711 70665 80087 61243
4711 51821 14133 61243
4711 42399 4711 23555
4711 89509 32977 32977
4711 14133 70665 70665
4711 4711 89509 14133
4711 70665 89509 80087
4711 80087 14133 32977
4711 4711 14133 61243
4711 14133 42399 70665
4711 70665 80087 4711
4711 23555 70665 32977
4711 32977 23555 14133
4711 51821 14133 51821
4711 80087 80087 14133
4711 23555 42399 4711
4711 80087 42399 51821
4711 14133 42399 80087
4711 23555 89509 80087
4711 51821 51821 32977
4711 42399 23555 4711
4711 32977 32977 51821
4711 80087 51821 14133
4711 32977 61243 14133
4711 89509 4711 80087
4711 61243 4711 61243
4711 4711 61243 42399
4711 51821 80087 51821
4711 23555 70665 51821
4711 23555 51821 80087
4711 4711 14133 42399
4711 4711 51821 4711
4711 51821 61243 32977
4711 42399 89509 51821
4711 89509 70665 32977
4711 23555 51821 61243
4711 42399 51821 70665
4711 61243 42399 51821
4711 32977 32977 14133
4711 51821 4711 51821
4711 14133 4711 23555
4711 42399 42399 80087
4711 4711 23555 4711
4711 51821 42399 89509
4711 32977 70665 51821
4711 70665 51821 89509
4711 89509 32977 23555
4711 89509 42399 61243
4711 51821 42399 80087
4711 70665 80087 80087
4711 80087 61243 70665
4711 70665 51821 61243
4711 51821 80087 89509
4711 70665 89509 4711
4711 4711 51821 89509
4711 4711 42399 80087
4711 32977 32977 4711
4711 70665 80087 14133
4711 14133 23555 32977
4711 32977 42399 70665
4711 89509 23555 32977
4711 23555 70665 70665
4711 23555 23555 61243
4711 14133 70665 14133
4711 42399 80087 14133
4711 89509 42399 80087
4711 89509 70665 61243
4711 89509 32977 61243
4711 42399 14133 61243
4711 4711 4711 80087
4711 89509 61243 4711
4711 32977 80087 61243
4711 4711 70665 4711
4711 32977 14133 42399
4711 80087 80087 61243
4711 23555 42399 51821
4711 23555 32977 70665
4711 14133 61243 70665
4711 61243 4711 70665
4711 23555 80087 42399
4711 70665 51821 4711
4711 51821 89509 89509
4711 23555 14133 32977
4711 61243 23555 51821
4711 23555 42399 70665
4711 89509 42399 89509
4711 61243 14133 70665
4711 89509 14133 51821
4711 23555 51821 32977
4711 42399 42399 42399
4711 42399 32977 80087
4711 51821 4711 80087
4711 51821 70665 51821
4711 32977 51821 80087
4711 51821 32977 70665
4711 70665 32977 23555
4711 42399 23555 80087
4711 89509 51821 61243
4711 42399 14133 70665
4711 89509 42399 70665
4711 70665 14133 4711
4711 80087 23555 32977
4711 42399 32977 14133
4711 80087 51821 32977
4711 32977 32977 42399
4711 32977 80087 80087
4711 32977 4711 61243
4711 70665 14133 70665
4711 4711 89509 61243
4711 51821 4711 89509
4711 51821 32977 80087
4711 4711 4711 14133
4711 61243 61243 42399
4711 70665 42399 14133
4711 89509 80087 4711
4711 23555 4711 70665
4711 14133 70665 61243
4711 80087 4711 61243
4711 61243 89509 70665
4711 61243 89509 32977
4711 42399 4711 80087
4711 70665 32977 32977
4711 80087 89509 80087
4711 32977 61243 89509
4711 42399 32977 89509
4711 51821 32977 32977
4711 51821 23555 42399
4711 42399 70665 70665
4711 61243 80087 80087
4711 42399 32977 42399
4711 4711 42399 4711
4711 70665 32977 42399
4711 4711 42399 42399
4711 14133 23555 4711
4711 89509 80087 89509
4711 4711 70665 61243
4711 61243 42399 42399
4711 51821 80087 14133
4711 14133 80087 32977
4711 32977 51821 70665
4711 23555 51821 14133
4711 89509 23555 51821
4711 80087 80087 23555
4711 14133 4711 51821
4711 51821 70665 4711
4711 51821 70665 61243
4711 23555 14133 89509
4711 61243 51821 80087
4711 14133 4711 61243
4711 42399 80087 4711
4711 42399 61243 23555
4711 14133 51821 80087
4711 80087 23555 23555
