125 1
10000 10000 30000 90000
10000 10000 70000 90000
10000 70000 30000 70000
10000 50000 70000 30000
10000 10000 70000 10000
10000 30000 10000 50000
10000 30000 50000 30000
10000 50000 70000 70000
10000 90000 30000 30000
10000 30000 90000 90000
10000 90000 50000 50000
10000 90000 30000 70000
10000 50000 90000 90000
10000 10000 10000 10000
10000 90000 30000 50000
10000 70000 50000 90000
10000 30000 30000 90000
10000 90000 10000 10000
10000 50000 50000 90000
10000 90000 30000 10000
10000 90000 10000 70000
10000 70000 90000 10000
10000 70000 90000 70000
10000 30000 90000 10000
10000 70000 30000 90000
10000 10000 50000 10000
10000 70000 50000 30000
10000 70000 30000 10000
10000 90000 50000 10000
10000 90000 70000 50000
10000 50000 30000 90000
10000 50000 30000 10000
10000 50000 50000 30000
10000 70000 50000 70000
10000 90000 50000 70000
10000 70000 10000 10000
10000 10000 10000 50000
10000 90000 90000 50000
10000 70000 10000 30000
10000 10000 30000 10000
10000 30000 10000 30000
10000 50000 30000 50000
10000 30000 10000 90000
10000 70000 90000 90000
10000 90000 90000 70000
10000 70000 10000 70000
10000 10000 70000 50000
10000 30000 30000 10000
10000 10000 70000 30000
10000 50000 70000 10000
10000 70000 70000 70000
10000 30000 50000 10000
10000 70000 70000 50000
10000 50000 90000 30000
10000 10000 90000 70000
10000 90000 10000 90000
10000 10000 30000 50000
10000 10000 50000 50000
10000 90000 30000 90000
10000 30000 70000 90000
10000 70000 70000 90000
10000 50000 10000 50000
10000 90000 10000 50000
10000 30000 70000 30000
10000 30000 70000 10000
10000 10000 90000 50000
10000 30000 50000 70000
10000 50000 50000 10000
10000 90000 70000 10000
10000 10000 10000 70000
10000 70000 90000 50000
10000 70000 30000 30000
10000 70000 70000 10000
10000 70000 10000 50000
10000 30000 10000 70000
10000 50000 90000 10000
10000 30000 30000 50000
10000 90000 50000 90000
10000 90000 70000 70000
10000 50000 50000 50000
10000 10000 10000 90000
10000 10000 90000 30000
10000 70000 50000 50000
10000 10000 10000 30000
10000 10000 50000 30000
10000 50000 10000 70000
10000 70000 90000 30000
10000 50000 90000 50000
10000 30000 50000 90000
10000 70000 70000 30000
10000 90000 10000 30000
10000 30000 10000 10000
10000 10000 30000 30000
10000 70000 30000 50000
10000 90000 90000 10000
10000 50000 70000 50000
10000 70000 50000 10000
10000 10000 50000 90000
10000 90000 70000 30000
10000 30000 30000 30000
10000 50000 30000 30000
10000 50000 70000 90000
10000 50000 50000 70000
10000 30000 90000 30000
10000 10000 70000 70000
10000 10000 90000 90000
10000 90000 90000 30000
10000 30000 70000 50000
10000 30000 70000 70000
10000 90000 90000 90000
10000 90000 50000 30000
10000 50000 30000 70000
10000 30000 90000 70000
10000 30000 30000 70000
10000 30000 90000 50000
10000 30000 50000 50000
10000 50000 10000 90000
10000 10000 90000 10000
10000 50000 10000 30000
10000 50000 10000 10000
10000 10000 50000 70000
10000 90000 70000 90000
10000 10000 30000 70000
10000 70000 10000 90000
10000 50000 90000 70000
