0.651722458
0.676651871
0.719467011
0.768548484
0.811154586
0.839828624
0.866095263
0.893494272
0.929656457
0.956455387
1.002807357
1.029411770
1.035371558
1.029373171
1.012694578
0.999928157
0.992831227
1.000075755
0.991170962
0.967142373
0.966874027
0.977201150
0.993279987
0.995753928
0.972241802
0.961703682
0.965551986
0.966879212
0.958428053
0.961797349
0.969275927
0.980531149
0.986514863
0.985768867
1.000001888
1.013138509
1.009856232
0.994840961
0.989073285
1.003250166
1.018136020
1.026763388
1.030773857
1.040944047
1.033673675
1.015110293
1.002680956
1.000307428
1.006882593
1.016808784
1.006634866
0.988671893
0.985684689
0.999823333
1.020071670
1.060198599
1.089494575
1.090512311
1.090915461
1.085353346
1.056574606
1.040690109
1.036793450
1.046861390
1.048206304
1.060856963
1.083003704
1.099418711
1.123610905
1.152717149
1.179732377
1.190624416
1.246330866
1.271769947
1.262279865
1.245755261
1.207950363
1.205167361
1.207796644
1.192035477
1.188626178
1.179680545
1.147613747
1.086875728
1.029880431
0.998102302
0.984093129
0.971229921
0.955505553
0.943795007
0.933869031
0.927549337
0.910214601
0.879859008
0.847639845
0.813105906
0.760033441
0.716637956
0.679899377
0.652326956
