2.117443636
2.128291670
2.129178035
2.129932160
2.130528991
2.127429540
2.125792743
2.126218610
2.125942144
2.126921294
2.129221706
2.127753758
2.129791629
2.128128910
2.126289956
2.126486622
2.126177365
2.129988089
2.128263305
2.129591868
2.127802333
2.128774131
2.130178510
2.129382168
2.129803132
2.128739665
2.126120990
2.125731049
2.129401028
2.125785142
2.126140219
2.128215763
2.129372453
2.127638777
2.130093623
2.126905562
2.127175037
2.129924159
2.127106676
2.125158281
2.124829454
2.129207517
2.129902824
2.130568240
2.126654998
2.127908200
2.122108040
