2.380952380
2.380952382
2.380952383
2.380952386
2.380952384
2.380952382
2.380952380
2.380952379
2.380952381
2.380952382
2.380952382
2.380952382
2.380952374
2.380952382
2.380952378
2.380952378
2.380952380
2.380952383
2.380952388
2.380952377
2.380952382
2.380952381
2.380952378
2.380952382
2.380952381
2.380952380
2.380952380
2.380952383
2.380952379
2.380952382
2.380952377
2.380952378
2.380952379
2.380952383
2.380952382
2.380952384
2.380952380
2.380952381
2.380952380
2.380952383
2.380952380
2.380952383
