0.685804762
0.787786496
0.900345683
1.013368169
1.120202989
1.204263835
1.274956012
1.333264470
1.418553370
1.463353094
1.484944461
1.436111519
1.435609667
1.439577723
1.446854640
1.421652342
1.410104746
1.400022226
1.429560641
1.375374499
1.298863610
1.284582877
1.273559568
1.282474214
1.317915981
1.336695106
1.329885685
1.332176556
1.336839717
1.398281933
1.485381908
1.515695402
1.511099466
1.524292302
1.452910385
1.425099994
1.443986485
1.473123996
1.515000954
1.558504088
1.572659818
1.600343692
1.578882874
1.601632186
1.557517643
1.552297108
1.580580490
1.562337415
1.523486857
1.528194754
1.420894154
1.317616885
1.306268944
1.303140247
1.273121078
1.247906682
1.261253458
1.294391465
1.340800758
1.343519135
1.332437177
1.321955617
1.346613323
1.370038301
1.374229379
1.384990544
1.331472463
1.250559567
1.207522224
1.202008412
1.155053393
1.033517670
0.892240892
0.773319482
0.679114346
