573 585
96 357
358 495
136 375
200 538
1 112
170 524
125 273
189 572
525 562
24 443
152 173
224 250
470 572
76 299
289 371
161 561
269 435
114 122
225 442
65 175
207 319
73 469
6 327
144 357
389 557
256 534
398 413
87 413
519 567
312 353
40 60
142 553
111 508
416 568
344 520
499 549
99 546
90 319
129 297
14 187
217 359
323 363
121 407
119 468
256 550
164 377
268 480
235 522
401 434
295 548
407 512
227 315
109 458
268 538
228 448
467 530
125 261
229 554
309 449
318 409
212 274
282 485
86 210
66 494
276 559
265 457
182 373
23 91
388 547
16 153
110 454
462 523
304 553
10 288
102 450
138 233
64 490
183 391
289 320
276 330
301 327
26 268
499 507
234 552
51 179
159 270
320 381
52 528
241 284
42 166
275 557
117 445
118 510
93 548
151 257
240 554
83 321
144 253
21 404
93 406
483 493
3 226
74 471
291 560
353 529
47 219
173 324
299 352
255 451
8 130
86 116
202 338
13 44
340 544
488 541
314 521
200 528
101 217
27 481
383 409
5 354
159 479
52 324
150 403
254 335
209 326
197 219
513 573
85 387
301 348
198 447
393 419
292 539
155 333
459 507
248 465
3 21
298 423
411 433
95 375
245 350
199 504
70 86
127 460
35 235
170 203
347 489
304 433
78 491
174 439
370 410
120 388
144 351
177 366
272 441
383 504
94 412
230 516
174 341
185 461
110 133
266 362
397 437
137 288
61 300
41 490
145 232
8 126
160 337
115 303
355 428
134 376
332 420
25 281
53 142
50 311
92 452
451 472
260 437
223 532
492 519
307 549
40 169
119 162
302 482
70 515
65 399
287 411
30 51
39 113
13 354
222 564
249 555
20 466
117 335
20 348
185 408
371 408
380 422
82 282
2 99
48 247
75 540
33 134
293 468
306 545
342 356
63 338
410 552
162 204
202 481
56 387
41 44
60 62
7 500
192 448
400 544
399 421
157 219
96 395
224 457
81 208
105 535
501 515
206 219
147 279
238 566
291 539
180 414
218 426
104 514
201 429
195 545
350 356
75 289
258 491
172 238
168 518
230 500
81 374
300 567
84 303
97 327
184 573
195 243
334 362
123 331
440 531
373 478
18 571
323 365
472 492
54 131
123 260
79 418
192 412
127 286
223 380
49 116
43 475
211 526
18 486
176 205
107 385
25 318
396 464
246 330
10 214
349 392
4 396
9 322
255 484
531 558
58 77
39 535
344 364
22 571
2 368
241 259
196 461
299 403
114 543
46 71
91 286
365 478
463 573
191 458
210 332
149 397
50 569
428 506
247 498
115 167
278 479
122 425
402 498
453 517
103 477
73 262
74 310
171 190
254 313
313 361
16 390
565 568
270 352
88 264
112 263
89 372
37 284
154 419
106 547
286 382
325 496
316 405
347 422
102 333
34 207
29 487
59 278
176 533
222 427
151 543
269 569
92 180
32 237
143 496
126 155
129 257
111 532
128 438
66 165
414 565
136 400
384 386
67 198
175 251
355 469
221 366
166 341
47 124
205 290
71 279
361 369
53 161
135 335
382 427
22 322
383 570
267 563
17 69
193 277
48 520
267 314
68 262
229 250
57 143
302 521
77 455
179 194
37 446
378 511
329 394
336 381
35 36
42 563
263 511
26 55
128 182
15 514
55 154
168 556
261 289
216 391
158 189
203 442
343 358
349 455
251 295
359 377
209 342
46 369
186 339
101 375
396 555
184 556
34 506
135 141
98 432
14 237
4 456
29 536
157 525
167 432
30 87
308 476
138 141
339 534
225 476
272 274
296 351
439 542
103 292
345 431
17 165
345 562
164 169
183 262
120 195
242 346
264 306
130 163
43 240
502 509
54 80
307 343
234 450
425 462
160 305
11 293
269 475
32 493
45 104
242 253
23 566
24 68
139 186
268 454
191 436
62 294
474 497
133 265
174 232
213 328
346 551
76 476
237 440
350 501
395 430
426 480
360 364
298 404
513 522
290 488
430 527
271 305
72 379
61 371
231 526
218 536
485 551
177 249
523 533
188 503
107 431
132 372
6 482
3 248
178 420
82 452
312 503
317 565
63 337
421 467
233 283
27 465
121 206
258 510
497 558
171 266
195 509
226 329
172 389
199 367
149 386
473 483
296 494
187 449
94 231
145 315
158 196
137 148
297 416
423 561
463 474
69 140
171 325
147 518
118 236
28 277
109 280
12 236
105 190
85 227
438 512
72 456
197 398
58 273
86 441
208 460
146 421
12 374
287 368
108 508
334 384
401 415
163 525
84 214
376 542
470 546
1 370
259 375
215 447
7 360
188 328
89 283
228 310
406 560
269 537
78 281
80 379
417 489
97 516
156 201
262 271
11 473
90 336
124 537
275 378
5 216
213 317
152 444
139 402
108 495
309 529
294 502
326 392
67 415
453 530
132 204
394 484
176 340
418 435
445 540
350 405
113 390
150 280
59 550
417 486
56 221
331 477
79 476
393 443
459 570
45 49
446 471
15 487
33 146
174 215
100 436
140 541
36 316
363 491
385 429
19 245
211 367
88 212
106 194
434 524
308 559
19 64
31 527
178 321
148 491
28 83
131 246
57 464
95 98
193 311
396 444
9 74
156 564
100 466
153 517
31 243
