1652 1988
1297 1437
315 389
138 1096
1317 1474
1310 1315
194 601
939 977
332 1295
275 1502
1039 1326
878 1248
1034 1293
283 454
1372 1452
942 996
1133 1226
285 1111
537 1291
459 1200
799 1074
811 1620
582 1190
714 1376
695 1117
1198 1305
778 869
197 1362
760 1017
1492 1495
709 1400
466 1499
1258 1560
1005 1318
6 1552
754 1458
226 1493
439 902
217 822
615 1413
37 1213
1332 1563
35 340
344 1000
581 1395
508 820
1129 1235
315 1546
308 730
489 1328
913 1211
853 1384
251 883
461 1545
736 970
997 1200
415 758
334 1281
171 539
157 644
325 991
629 1307
639 672
485 608
1186 1193
26 374
444 1481
926 1042
601 706
233 1367
915 1459
217 834
597 1415
592 1029
312 363
785 1635
214 966
909 1459
831 946
63 1009
270 1348
182 1090
538 550
159 1132
369 531
464 972
362 1296
435 794
536 948
396 908
592 1002
453 1638
90 1123
142 1008
756 773
611 1244
382 901
701 1096
926 1644
1244 1374
901 942
1317 1449
566 632
1409 1642
711 837
82 284
69 311
939 1381
12 1279
89 469
381 778
270 730
1009 1432
474 1624
1203 1572
1485 1495
920 950
767 1344
1191 1360
655 1015
538 1157
39 1121
348 1470
64 895
652 1399
1454 1489
141 371
13 232
953 1350
252 1080
1271 1310
319 1014
291 1609
451 636
182 1549
1108 1433
227 1119
715 1396
360 409
739 1087
171 1489
80 546
624 957
1058 1388
382 1047
946 1445
258 968
125 779
893 1523
675 1607
288 536
932 1378
484 1388
392 960
19 1593
94 1603
134 1588
1078 1336
92 687
90 254
547 1622
551 648
438 1509
120 849
1134 1243
385 1303
85 1430
1252 1536
425 1407
322 1483
218 1200
128 745
990 995
590 669
1014 1019
718 1173
45 918
90 983
740 1041
48 418
548 928
730 1334
755 1418
1062 1174
1086 1305
165 1382
88 1174
72 1207
455 1056
1030 1393
395 1564
1249 1523
264 1301
686 1012
1208 1306
227 371
23 1482
395 1432
47 707
1113 1423
256 558
205 295
951 1060
218 276
155 1291
123 658
310 1214
285 1153
87 964
46 1488
5 1068
878 1550
352 514
134 709
360 427
1146 1336
36 448
184 712
837 1579
771 1457
969 1149
91 119
284 371
1296 1554
904 1611
1156 1187
1597 1599
412 1606
288 305
31 1283
341 562
315 1577
141 987
670 755
234 1602
249 1284
151 1371
127 1108
696 875
115 742
734 1576
678 1632
899 1027
1300 1494
958 991
1342 1527
382 1020
361 1431
124 393
1137 1550
768 1295
471 1389
275 1585
127 1051
180 682
452 1102
488 1114
638 1503
1079 1447
412 1624
702 852
67 1398
1264 1614
722 1350
1227 1539
992 1245
96 1635
241 658
1025 1639
69 248
1470 1532
395 802
924 1209
304 1106
191 1241
1504 1634
440 943
1124 1596
906 1345
143 1187
10 33
800 1245
858 1032
597 958
30 546
1325 1454
977 980
969 1150
871 1571
885 1332
482 740
239 1046
147 1526
569 1640
1330 1622
805 1082
77 976
259 1231
840 901
625 1077
1255 1322
342 558
293 1026
419 1096
4 1190
1345 1424
1511 1544
965 1566
505 1449
407 1296
213 1061
793 1089
691 705
403 450
792 1003
936 1272
617 1066
1152 1547
97 493
716 751
775 1518
255 713
546 917
476 768
774 1464
1481 1646
972 1641
465 469
479 1204
1196 1308
297 1450
298 1113
453 1612
622 1022
686 1410
974 1053
469 1262
26 799
83 115
266 889
216 539
1237 1566
561 1473
32 1615
45 1556
21 1642
313 1350
609 662
1109 1612
1451 1614
246 1609
541 620
671 1320
363 492
700 822
515 1275
580 839
37 922
495 1045
605 760
903 1415
1000 1253
236 616
1378 1625
305 1647
52 1549
192 555
5 64
1272 1363
945 1149
421 1053
556 604
302 1565
81 1567
317 367
1175 1181
255 632
29 36
130 721
1032 1294
215 1470
731 1643
583 846
99 661
1150 1583
667 935
63 595
186 674
561 1072
140 1375
1022 1402
1086 1498
435 528
404 1434
239 841
181 209
782 1072
6 1051
1101 1287
136 1133
779 1052
655 659
652 770
714 1614
503 1170
1534 1627
480 731
713 981
9 172
351 1577
628 1229
685 1030
796 1548
387 565
104 1557
97 791
468 739
405 1603
119 750
33 339
334 1324
1045 1100
379 1650
383 941
679 973
38 88
388 957
308 1141
263 1452
594 612
1216 1373
997 1423
101 210
98 115
727 1323
623 1305
217 966
503 1383
804 1451
209 1453
74 1610
348 631
537 891
470 819
541 1389
355 678
1049 1500
743 1641
395 664
933 1547
66 1266
822 872
424 1534
596 1061
1014 1609
84 699
988 1619
369 1064
512 692
144 1256
198 1476
22 1493
661 1608
770 1379
115 1468
28 1533
190 873
511 1097
152 435
186 442
666 1224
1318 1465
225 750
217 1071
679 1450
1123 1612
1130 1553
901 1147
618 681
543 1636
385 1391
692 1215
169 440
370 1419
1398 1648
211 450
24 1504
294 1414
347 548
483 1094
43 934
398 866
80 372
1125 1524
113 1001
390 544
649 934
260 1626
864 1576
1174 1528
552 572
774 1380
829 1507
1016 1337
353 1031
687 1475
272 826
496 1511
402 859
433 1036
635 675
353 1274
1102 1151
473 1155
1172 1329
930 933
845 1502
626 1507
685 1618
1082 1279
350 422
525 764
108 1448
112 1610
862 1355
563 1203
150 358
1191 1356
379 1094
972 1645
881 1003
365 719
354 1603
1386 1622
616 1404
922 1635
301 507
471 653
545 1485
274 294
216 1456
409 719
326 930
430 1514
810 1643
155 380
429 1236
321 517
684 1340
524 1438
188 577
225 460
684 1523
32 976
901 1139
253 1042
319 780
184 1348
245 853
672 1286
327 1115
651 927
376 472
1126 1524
50 1305
528 1418
246 757
1328 1346
843 1551
467 979
43 1645
128 870
586 948
724 1310
971 1036
1069 1512
1219 1630
248 500
656 1223
599 1594
653 1010
224 356
1212 1623
429 789
619 738
1055 1429
1006 1104
1401 1473
53 614
1047 1215
501 577
225 964
110 1303
399 1220
310 769
109 1313
424 522
1154 1638
202 1607
1164 1398
90 1245
168 945
1335 1581
1031 1593
1143 1439
475 889
332 1348
1163 1479
345 410
272 906
200 423
58 432
293 660
356 1114
570 1330
413 986
199 588
236 982
663 1631
575 1403
828 1372
766 802
137 376
708 1232
595 839
498 1346
1148 1153
681 1420
443 1589
79 356
1144 1360
1323 1613
410 1078
183 857
560 676
568 1226
103 969
624 1272
142 1640
651 1542
44 1556
607 1650
1293 1344
614 1137
1399 1470
1128 1157
735 1118
179 414
478 1448
1473 1573
1333 1610
590 1410
555 1093
578 633
261 1250
98 960
133 355
756 1459
269 1449
799 947
709 781
86 1224
136 689
567 1116
18 423
260 1138
1081 1427
337 741
928 1314
15 1280
693 1463
777 1549
1033 1314
220 765
331 817
496 537
454 856
514 989
732 907
630 1638
720 890
570 1520
676 1397
919 1373
252 534
1209 1215
1128 1263
456 506
697 1592
153 834
249 1331
151 514
86 183
495 748
513 1396
11 964
1496 1578
210 247
925 1046
46 1092
10 277
324 454
172 706
1574 1645
78 669
468 1243
292 1358
167 1649
333 1182
550 765
496 833
179 459
844 977
578 866
472 997
969 1154
73 1201
1066 1252
636 806
934 1035
330 600
905 1637
368 1395
515 1018
271 995
430 1212
252 1084
575 1360
479 1583
193 849
196 735
468 1380
557 844
1040 1599
303 1192
576 1496
47 93
1461 1531
223 489
1259 1325
198 1437
176 577
1367 1566
437 1183
463 1177
1038 1141
758 1297
797 1375
157 1037
665 1138
1459 1530
1278 1416
1500 1604
496 1176
279 446
643 1070
662 1635
958 1433
1245 1298
205 998
587 605
846 1593
913 1089
926 1600
279 499
1007 1425
944 1021
25 772
252 1405
688 742
807 1426
522 1013
428 1383
1272 1490
386 1153
105 585
73 1499
883 1192
31 934
1023 1062
622 1162
935 953
1508 1651
1101 1619
635 1318
646 1077
564 744
16 441
4 834
123 1386
503 1188
304 584
166 602
175 1327
694 1457
836 1592
812 1408
43 220
1036 1407
469 1602
99 698
1256 1288
431 1047
114 930
621 990
752 904
95 999
189 474
1247 1643
1273 1430
87 462
683 1342
127 403
84 1379
342 1319
256 335
858 1515
12 383
357 1294
52 178
471 732
317 882
869 1341
231 1168
985 1597
1132 1446
66 1183
329 1321
387 523
744 841
468 1235
1230 1568
158 655
585 1639
1015 1024
924 1390
1507 1593
580 664
750 1351
1197 1600
158 927
12 1224
490 720
45 373
375 470
478 540
421 684
996 1414
801 1482
255 1110
408 1287
571 889
910 1221
1019 1194
771 1567
244 449
725 922
233 1424
519 1233
82 195
1586 1629
1028 1618
553 1204
7 1326
576 1015
212 993
680 965
637 1458
191 884
324 751
520 1329
197 1387
193 1152
510 1442
341 1369
1040 1232
242 794
17 1606
1344 1362
1261 1476
321 402
221 257
117 1334
243 255
677 1153
553 1171
1172 1440
1127 1431
1109 1424
1017 1136
152 1163
830 998
108 124
461 699
1097 1165
808 842
356 1563
1131 1454
18 1375
49 142
573 1561
194 264
359 1440
375 965
1119 1475
287 1021
377 1410
1261 1559
181 206
33 1416
28 845
230 738
50 615
77 1327
307 1353
303 803
691 1440
1493 1519
1057 1477
532 1435
1259 1456
226 654
896 1061
205 1521
723 1310
717 1493
328 1497
28 1625
535 1392
54 569
475 1179
465 1011
148 1285
64 589
1271 1312
445 1192
610 1525
229 1246
167 1601
1076 1176
407 1612
641 1465
420 1295
61 1012
666 741
559 952
562 1304
1324 1380
29 1614
799 1052
125 231
381 808
325 1435
766 809
28 950
138 1336
92 987
793 1318
509 1371
1450 1582
845 1276
206 1022
289 433
378 1351
359 849
107 854
795 1276
513 612
633 1198
3 999
822 1242
1347 1348
1428 1493
1317 1382
696 1422
584 1540
1002 1218
178 481
177 592
1322 1595
62 1311
76 676
444 1517
83 1460
118 451
639 1058
241 1520
200 321
1186 1290
378 1584
1206 1377
1202 1224
444 1611
892 1165
436 1469
1381 1562
944 1453
199 824
1169 1501
370 900
564 872
980 1591
764 1444
838 1035
1315 1321
201 1292
303 1478
388 1514
121 1217
874 1274
616 1545
14 39
805 1446
68 341
163 1054
788 1177
397 1142
1040 1580
486 786
555 970
144 919
299 763
326 1208
733 1383
1185 1354
303 851
525 621
75 478
417 1301
202 506
1127 1627
430 1440
1024 1201
331 408
826 1441
554 1003
574 1624
1027 1102
185 306
263 312
914 934
855 909
122 1512
730 1384
368 1574
812 1412
373 1217
244 596
914 1316
231 381
827 1558
392 1047
96 1140
1495 1579
1205 1241
205 458
427 1469
131 1145
161 1598
173 492
364 1036
499 932
885 1420
741 1044
38 146
747 799
598 921
1134 1648
641 1411
35 393
323 886
362 451
463 1070
471 835
100 1507
403 527
551 1007
266 1196
824 1537
434 1323
120 409
623 1182
722 1598
354 1092
162 1470
786 1036
330 1613
1319 1328
949 1023
727 811
747 825
160 1630
726 1270
1025 1379
55 1617
90 1562
814 1471
646 1373
76 307
482 1162
532 903
902 1439
668 1608
192 1651
272 897
683 1225
160 1566
1046 1488
497 1548
259 1135
314 1202
937 1018
1565 1647
832 1098
623 702
306 1443
855 1228
905 1631
142 159
224 704
7 1409
690 1257
130 1402
53 1200
875 1596
420 773
201 341
499 1184
232 1003
887 1633
861 1549
273 759
776 1312
593 1397
886 1440
282 1453
320 1257
453 1575
255 962
127 868
65 1454
1017 1472
1076 1113
393 1473
333 936
504 530
692 1038
866 1413
190 291
33 174
391 1614
258 454
460 1543
78 644
42 260
894 923
595 809
823 1210
771 1464
213 250
621 1199
698 884
745 900
618 1407
687 1085
473 1251
61 1368
701 1284
222 228
30 1282
850 975
1297 1529
648 1354
726 777
219 606
116 1565
823 1495
542 761
441 1154
1155 1548
491 1059
432 710
769 1142
161 1526
1278 1478
795 1093
591 676
56 818
1102 1564
247 487
187 911
965 1248
25 514
579 671
60 829
205 1359
231 1039
1530 1568
1004 1425
189 1028
630 1595
363 573
45 1466
269 1343
188 656
1125 1624
1245 1391
866 1285
237 1392
416 548
1103 1136
13 971
1013 1160
592 790
302 586
648 959
1026 1474
836 1407
1099 1349
612 1289
71 638
17 736
91 748
560 1510
169 1607
684 1569
588 1162
554 1043
538 1166
147 316
784 882
261 497
132 1020
873 1543
683 1343
238 1446
1532 1553
143 616
358 1601
977 1275
2 527
603 1393
380 1344
235 630
176 762
537 1387
882 1480
521 1495
185 1323
503 1193
604 744
791 842
72 870
327 763
16 908
904 1223
286 1528
113 1637
968 984
246 916
278 1183
40 1213
626 1421
223 1338
418 1148
474 634
663 1289
627 1652
704 1605
243 1473
170 1491
629 654
229 511
323 820
617 1543
1347 1629
352 526
317 1006
428 462
612 1001
281 583
282 404
425 1349
315 1218
208 273
187 1180
668 994
1151 1251
1105 1277
60 728
369 519
452 1117
1088 1588
216 628
890 1079
12 1300
1048 1305
236 538
322 1576
354 1581
48 451
1406 1541
241 594
313 316
100 187
1379 1560
877 1112
912 949
229 1501
691 1587
518 1067
49 566
414 1566
146 1616
296 1410
56 644
500 1194
753 1057
1355 1401
863 876
666 1197
1343 1486
673 955
929 1636
20 1317
1180 1649
393 1512
1044 1394
657 1450
150 919
14 595
737 1512
70 131
1050 1170
254 1591
463 1461
1374 1626
235 485
379 1327
290 620
384 1185
437 1632
502 532
1273 1303
148 1048
1068 1216
495 1584
419 940
707 1284
650 1090
540 734
97 1341
813 1558
680 724
894 1215
1151 1250
102 1261
426 1122
84 1156
572 627
715 905
623 1623
816 892
435 985
1166 1521
477 836
311 1183
644 1383
746 1313
1105 1336
95 943
301 1029
41 790
737 1222
510 528
676 1343
416 1326
1160 1431
320 1537
508 1492
879 1357
852 1490
466 502
8 804
67 1302
267 979
34 956
517 521
1442 1447
364 1043
555 1585
1261 1302
347 874
99 1538
303 1427
1107 1529
106 1643
1073 1537
236 978
386 511
405 954
265 1065
598 1571
1063 1446
390 798
19 126
880 1549
1272 1555
318 355
240 866
431 1522
821 1565
716 1425
749 1497
236 729
365 533
11 1542
411 1363
127 1542
237 612
610 856
921 1508
624 815
281 874
975 1004
818 1633
938 1610
5 1260
505 1098
910 1323
1364 1369
511 775
2 854
424 1054
361 1025
1507 1518
1065 1268
3 783
238 941
289 881
42 1104
907 992
1468 1522
287 370
484 1199
399 1269
1050 1262
780 1516
262 962
673 1204
1408 1449
483 581
599 733
438 712
112 1544
154 1590
180 1428
193 1306
47 611
93 172
446 1533
458 838
862 1576
926 1265
70 571
17 1607
898 1531
245 692
671 1617
191 797
454 850
729 1000
1068 1296
956 1084
920 1184
422 1211
572 1352
632 789
589 1292
208 1046
27 1076
62 136
501 592
398 1555
912 1474
741 1462
1003 1083
117 512
74 767
256 340
101 406
207 865
107 529
1014 1189
145 381
1425 1554
228 1096
354 759
1017 1570
241 1406
345 763
568 573
204 931
630 981
447 874
996 1214
543 1295
1301 1580
499 695
350 1005
585 600
156 1575
65 136
84 1064
59 1310
1385 1441
47 1240
163 1016
548 1364
318 1487
1222 1234
23 602
1519 1616
267 892
637 865
436 1569
642 1360
396 441
752 762
221 1211
964 1628
685 1535
251 877
875 1356
15 916
55 999
1011 1239
717 1467
253 280
481 1451
1131 1229
445 784
154 868
476 915
530 1085
491 1106
1353 1360
444 749
689 828
1445 1542
683 721
1042 1255
959 984
300 763
104 153
106 309
535 905
557 983
602 788
961 1249
56 1491
1129 1164
140 859
1017 1357
21 1159
366 1593
11 1071
403 1231
891 1034
257 1417
585 1443
671 1211
1200 1219
369 406
833 1238
688 1154
69 1100
1115 1146
401 1524
457 783
167 1288
248 1516
449 872
299 1167
940 1572
1112 1158
1 1575
1058 1444
885 1099
573 994
613 1247
142 857
173 645
657 1361
166 467
849 974
5 1033
1270 1451
800 1350
61 887
24 1123
267 801
718 1484
27 1169
1112 1244
547 905
434 1463
493 1074
1207 1402
264 536
516 1110
835 1526
33 1358
203 207
472 1385
848 1167
139 149
394 1173
746 1645
436 533
917 1557
647 821
424 814
819 1137
274 1142
1299 1471
963 1365
1098 1113
22 165
276 1237
817 1161
634 1309
1195 1410
1022 1434
17 250
468 1297
1040 1479
346 899
875 1307
170 1368
1145 1308
203 794
885 1513
521 994
338 1210
455 1373
579 700
337 879
1073 1453
477 787
1211 1411
41 1517
728 1068
149 874
834 1405
344 526
1079 1269
118 1111
463 1296
534 621
690 1162
137 897
242 754
371 504
1309 1535
20 1467
300 1277
1095 1395
280 1331
295 1316
703 710
613 781
691 1426
1049 1508
1622 1635
471 1175
1241 1638
336 1352
1096 1145
705 1376
1075 1370
502 1590
195 687
682 1317
451 674
411 847
262 1644
1117 1242
1041 1537
175 1575
44 691
505 1195
323 338
54 1224
29 121
456 671
798 997
351 1645
629 659
876 1333
892 898
861 1587
129 1541
1059 1328
290 1303
655 831
509 1000
343 1101
544 1424
591 1403
1063 1494
528 1220
349 1568
107 1135
256 1338
426 1260
97 1370
43 1263
247 1404
929 1459
196 1407
677 806
156 888
1311 1561
549 1580
644 1055
335 498
608 1042
241 973
523 796
845 871
1032 1234
1124 1486
1018 1634
559 1101
215 1575
109 1327
443 1000
606 860
1179 1203
486 1083
1014 1477
417 982
163 631
89 1628
703 961
567 1189
667 1526
110 761
693 1337
709 1139
71 817
595 1254
1120 1436
565 970
836 1605
122 357
400 480
723 1436
336 549
494 763
1130 1379
57 1462
168 1204
1421 1505
277 803
164 574
212 247
132 1398
169 457
574 937
32 1377
296 1429
643 816
649 830
126 447
448 1466
253 1091
287 1173
1058 1143
81 840
666 1236
146 660
219 1639
825 1168
400 709
813 1032
1228 1295
520 1241
51 832
292 851
442 1153
593 1144
1140 1582
585 1620
367 665
372 401
1366 1398
867 954
298 572
490 528
268 836
1068 1505
1 514
744 867
339 1081
187 625
1318 1417
1087 1366
843 1419
222 563
469 1290
346 387
749 1327
415 1559
536 687
387 1254
607 1095
204 349
708 1079
395 1121
619 1297
230 1261
329 1268
694 1147
1178 1536
988 1161
587 741
885 1118
1483 1573
1450 1568
214 685
1106 1621
111 231
21 947
40 712
931 1348
911 1056
211 529
516 1265
234 1188
749 986
864 926
133 1266
623 847
99 216
1394 1472
908 923
645 1372
710 1241
989 1589
1091 1203
1365 1538
57 1570
145 1075
103 955
1126 1282
494 1203
1181 1298
693 860
650 1451
94 556
1299 1431
114 1340
632 1103
670 1079
912 1267
9 116
75 1339
478 1621
328 389
355 1383
871 1604
268 488
827 1512
68 1227
1252 1280
1225 1484
938 1238
444 507
951 1607
785 1361
1120 1268
278 1487
107 1438
1171 1215
1499 1578
487 1233
725 1509
548 1122
502 1552
1137 1268
531 993
640 1506
371 647
314 1008
79 787
496 863
870 1551
135 952
177 1646
1032 1339
743 1615
29 1506
1173 1422
697 1424
1154 1390
1060 1320
377 1037
776 1268
8 880
692 1230
772 1253
771 810
977 1010
356 997
925 1335
542 1389
621 1286
1283 1359
888 978
1088 1643
258 384
340 1540
807 1264
105 1221
240 1498
782 1576
51 164
642 1510
435 1652
323 711
343 1040
129 1622
637 817
1069 1515
629 1412
1425 1525
323 967
503 1239
413 1546
1380 1460
464 1206
85 1389
640 918
135 817
582 917
1568 1586
283 511
963 994
1246 1610
59 265
439 1080
896 1603
474 603
964 1594
111 374
792 1513
382 1281
309 1400
5 1159
297 609
47 815
917 1455
58 893
102 1107
730 1240
518 1580
502 524
391 1205
1480 1638
174 1158
34 1439
64 1539
286 1267
545 967
552 1067
139 366
248 1116
1101 1503
397 771
394 1527
162 1258
271 1058
248 753
1439 1455
895 1304
757 1178
848 1336
