1772 1986
777 1502
1511 1719
1324 1385
1412 1491
302 1246
451 1258
1201 1407
850 872
1002 1292
866 1150
572 1748
1084 1210
234 1105
736 854
1015 1068
599 637
1172 1549
1545 1623
222 694
512 1268
424 592
877 1315
3 237
466 1366
1060 1692
437 1101
1223 1334
768 1468
1257 1711
302 1585
1729 1763
487 736
577 1681
957 1565
902 1134
925 1607
230 873
338 896
1445 1686
1127 1666
839 1017
78 785
168 1730
228 290
885 1239
1086 1327
127 305
870 1497
539 553
271 1626
1308 1754
893 1301
342 1701
1220 1279
1421 1499
554 1282
1107 1507
664 1532
559 1550
182 648
144 1308
746 1007
208 684
500 725
1112 1305
1253 1343
1337 1339
772 1663
403 915
190 1287
705 1733
1414 1420
752 1761
531 548
336 1437
1194 1195
530 656
19 548
489 1010
210 1678
83 156
637 1467
378 1135
136 278
85 543
771 1265
202 1550
771 1639
21 984
1036 1269
56 1204
1323 1538
539 788
33 1737
360 1365
1033 1371
164 1238
957 1694
671 790
1601 1667
436 589
1126 1644
337 1465
1185 1331
1360 1757
747 1367
82 1345
1033 1302
686 948
1620 1714
456 797
246 1190
689 917
22 319
262 1689
32 631
74 633
1551 1627
107 1591
739 804
497 1006
546 1650
329 1376
610 1387
50 779
77 844
368 802
1023 1533
526 761
447 1399
545 1049
39 1735
63 1681
650 1531
505 596
120 884
846 1290
1605 1710
811 869
877 1003
92 1364
1133 1344
283 573
300 988
384 1404
490 602
334 1419
1159 1431
1062 1206
148 1155
553 654
81 660
1450 1486
165 994
1426 1620
1441 1642
72 505
452 1016
790 864
468 1314
778 1555
126 1074
661 883
1087 1197
465 1058
544 703
189 302
944 1631
563 1758
694 1699
1063 1720
107 1726
217 929
99 706
385 1336
35 310
429 642
199 1665
538 1412
474 1082
57 385
872 1744
192 926
266 313
628 862
130 665
377 746
11 1354
12 815
374 1473
89 478
1216 1478
1538 1694
136 1200
116 1569
282 293
100 143
321 1235
255 599
236 1668
469 861
14 1026
1118 1712
440 962
1460 1695
634 1752
96 1135
404 1614
1097 1667
715 775
308 1618
113 673
1125 1552
1524 1734
636 938
469 1649
323 578
640 1605
1120 1677
1395 1494
68 723
776 1213
1403 1738
488 1347
502 1330
1016 1195
72 1129
303 1413
27 1333
784 1176
518 714
64 1008
232 711
504 1104
862 1181
101 1001
432 1660
937 948
522 1680
465 544
553 1265
411 1224
1157 1252
267 1524
101 112
816 1229
563 1414
1298 1717
1254 1508
70 1280
218 1419
494 717
956 1554
299 934
928 1321
1038 1423
34 1606
1189 1273
584 1578
726 1431
319 641
430 530
1278 1299
285 942
1050 1272
931 1097
567 858
121 174
806 1545
172 254
541 1598
1156 1548
292 434
216 1174
470 1616
1145 1239
15 929
285 505
1455 1474
846 924
52 813
217 1689
1064 1596
327 1237
132 735
1236 1411
1582 1606
1025 1375
126 1747
313 802
1 1446
227 628
1020 1071
1182 1551
431 973
251 415
1147 1411
190 1198
1544 1658
1316 1422
958 1205
1186 1343
311 1679
165 951
1207 1711
1143 1539
29 1062
226 513
160 1062
579 758
326 465
685 1529
744 1448
127 1669
874 886
129 1352
154 1004
900 935
1054 1700
87 1351
230 260
105 1032
345 467
600 755
210 447
587 1009
451 1203
874 981
1346 1663
1077 1721
1116 1632
391 1234
229 1382
844 898
67 370
606 839
212 922
188 1055
629 1281
129 1259
569 766
997 1229
731 742
114 1318
594 1133
38 974
500 1071
263 1629
1123 1621
420 808
520 1192
88 1318
124 1309
271 280
233 605
69 565
1185 1651
1625 1715
43 149
760 764
523 1378
1081 1643
550 555
1261 1742
1242 1256
16 259
54 413
40 54
270 1590
712 722
1099 1558
479 1297
1165 1305
476 657
1193 1492
1127 1428
300 1188
506 524
1061 1683
376 1320
184 657
907 1572
845 1199
425 920
235 249
340 818
1721 1727
297 1540
805 949
573 762
840 1547
1373 1506
1508 1608
580 982
241 1770
759 1236
1061 1715
28 223
802 871
1458 1529
182 1026
708 982
880 1576
616 1424
748 1276
68 76
18 1641
859 1031
808 1398
927 1687
1317 1660
57 176
188 1293
630 1593
500 832
1636 1760
100 1729
25 1548
543 1380
570 819
400 1209
183 1188
722 835
158 1648
4 700
378 424
73 833
1263 1752
463 1635
1096 1410
948 1728
10 793
307 1573
606 1727
683 851
368 905
761 983
590 888
386 1098
1024 1324
255 786
466 1018
388 1164
1709 1748
231 1455
743 1731
200 901
326 1096
191 761
421 1446
310 1381
78 1593
1089 1600
1751 1755
21 1169
244 626
294 1757
985 1445
603 634
1394 1625
750 1359
846 996
111 1442
878 1344
318 1581
403 1191
1184 1432
74 828
1166 1611
839 1022
1400 1578
42 1114
627 1302
324 1599
39 1490
1117 1507
442 1316
167 453
1217 1413
1372 1491
1041 1405
103 1750
511 1660
393 1438
533 1662
1005 1364
844 1488
209 1595
688 1369
668 1069
979 1190
17 412
220 1411
895 1530
34 647
177 652
441 1522
737 996
472 1592
706 1270
80 507
768 1723
179 1308
268 1536
242 1514
105 1570
322 967
675 1446
186 572
935 973
639 1765
335 962
268 884
50 366
978 1671
619 1702
733 1559
226 1104
55 1483
427 956
4 1528
198 222
742 1405
430 439
299 1097
256 265
194 560
923 1739
588 746
147 151
667 775
496 1561
422 986
326 641
383 1553
915 1521
453 1356
354 558
1178 1514
419 1274
317 397
1126 1154
166 1306
953 1638
236 584
1327 1627
67 898
270 1296
282 688
224 1042
374 1138
1590 1603
37 1644
690 1660
1397 1682
1164 1496
62 827
1085 1197
200 1186
417 433
685 1652
1 767
681 1084
242 434
290 1456
933 1476
597 674
196 1263
31 1121
280 1233
489 1766
1544 1640
823 1694
781 849
30 48
601 1026
458 467
604 1509
443 1567
201 459
1202 1516
88 1359
157 1387
527 561
966 1203
315 395
295 1668
1119 1361
924 1396
240 848
128 390
131 470
235 857
440 1056
1357 1603
724 1163
298 560
185 1549
692 910
663 1684
306 1245
76 528
1019 1201
15 955
744 1404
1207 1362
1024 1068
1075 1348
1150 1374
994 1219
44 348
1348 1596
458 1708
174 275
849 1725
1295 1322
176 540
77 843
1249 1753
639 860
182 868
771 1408
405 699
945 949
681 731
54 565
367 1743
462 653
35 1506
4 1584
1273 1423
309 1522
456 1021
164 1052
538 1028
304 1335
965 1647
45 1649
851 1032
365 1745
964 1306
356 1619
364 798
108 1264
88 1497
913 936
671 770
4 939
587 1537
976 1668
180 1095
173 838
1034 1535
562 1598
593 1532
84 709
346 438
773 1613
364 708
99 354
333 591
415 608
80 396
397 1250
363 380
855 1753
1109 1397
678 1003
619 1117
1219 1647
1389 1433
528 1624
571 1586
1365 1735
25 774
65 1747
1144 1602
416 1041
690 977
264 537
389 1296
888 1462
481 1411
640 825
564 849
383 1632
472 1103
53 1288
254 662
1094 1150
572 1653
1143 1635
375 1447
1180 1541
1048 1646
723 788
710 1518
1449 1581
1534 1734
238 510
933 1675
1466 1571
617 1520
1221 1377
123 820
163 635
243 683
85 1539
1221 1633
615 991
205 466
223 1197
327 1030
1118 1236
826 1744
23 859
289 445
427 646
664 741
905 1480
1210 1607
112 1325
918 1390
780 963
426 1344
1469 1536
274 735
446 1311
1062 1661
474 1104
133 1194
780 817
1370 1561
1503 1637
475 623
360 1141
426 1314
909 1457
334 868
148 1526
892 911
157 1141
1117 1390
252 799
1196 1697
17 1358
727 1100
1342 1610
165 371
1083 1669
900 1220
216 291
229 443
342 1722
798 1102
260 314
232 817
507 1284
1179 1710
1326 1601
308 1247
596 1745
551 1631
491 949
883 997
658 1769
813 1204
205 535
257 532
42 1457
55 521
856 1194
1518 1572
598 720
381 1222
149 790
485 800
271 1743
1402 1428
509 1064
47 1496
1557 1640
373 560
1085 1696
638 1684
721 1393
100 1481
344 976
393 522
161 764
758 1299
512 1208
527 867
845 1139
6 1331
139 1616
691 1180
46 1601
316 821
422 1432
40 448
310 1502
862 1230
930 1452
236 1408
428 1012
69 814
470 813
1146 1381
1091 1494
468 1410
461 1580
1115 1568
409 1429
617 1353
65 725
1240 1666
140 912
60 747
333 1688
3 1294
781 1328
41 1598
659 1700
270 939
1047 1334
418 1073
555 1070
20 104
90 1105
272 1285
247 1587
118 696
830 1228
662 676
215 1177
908 1554
402 412
139 652
589 1258
34 985
195 818
108 326
381 1406
1639 1705
105 173
1479 1558
689 1274
1014 1490
77 1063
329 718
416 1316
867 1440
44 257
676 1575
399 1166
1470 1771
44 183
410 1585
488 1442
346 479
102 1541
812 1729
1017 1512
1338 1342
132 1738
836 1178
449 486
328 751
16 682
49 734
735 1511
303 568
82 575
427 709
773 1363
94 897
286 654
225 511
515 874
687 892
1183 1609
537 906
304 881
1162 1277
197 922
421 1461
110 1266
533 1512
44 203
564 1641
425 1607
568 1235
408 1388
660 1149
572 861
936 1082
418 552
341 933
849 1409
581 1005
287 1320
496 806
1174 1736
1388 1466
1137 1319
618 1490
1162 1498
931 1446
643 649
409 1003
767 978
668 1109
1037 1227
1141 1225
1371 1728
692 1646
163 473
712 1110
1214 1648
896 1311
407 952
398 1044
902 1141
121 1095
196 909
248 612
341 1160
125 1767
696 1546
143 990
54 1074
975 1617
585 999
1090 1153
1459 1706
21 501
325 1329
370 1051
24 509
913 1505
1155 1267
1476 1765
885 987
1037 1056
134 372
1492 1659
624 640
12 417
73 1500
1013 1636
669 1042
904 1120
233 682
395 1477
111 756
217 1717
131 1376
803 1523
288 999
1090 1465
1061 1124
470 702
192 241
419 782
481 1111
423 1119
61 281
550 835
387 1094
7 1516
208 1270
963 1360
998 1429
38 178
432 932
538 1369
1282 1645
202 644
1266 1385
598 1588
1158 1353
228 1427
44 698
58 946
940 1231
622 1475
457 1673
247 461
444 828
415 1742
718 1018
253 1003
822 1182
464 1287
525 1129
1039 1193
1061 1130
301 1737
349 1409
1212 1261
576 1027
620 1108
206 351
786 1578
343 455
315 411
273 821
624 1035
215 1080
601 1577
940 1726
211 382
998 1134
541 921
416 1028
359 456
145 1205
267 452
491 626
330 367
323 950
612 1043
1424 1713
18 1298
318 701
838 1458
330 968
307 918
482 1463
887 1656
344 1598
1249 1444
620 959
585 1196
1456 1674
284 1093
43 1142
1450 1453
1066 1513
397 1761
540 1162
782 991
401 960
191 1256
514 1079
712 887
477 1525
1014 1595
849 1223
498 1209
167 982
46 355
926 980
416 1568
272 517
719 769
221 964
1019 1452
517 691
141 363
33 416
740 1664
500 669
1051 1052
914 1277
435 1238
1401 1739
732 995
889 1531
51 878
1349 1719
675 1121
661 1233
161 1570
83 381
277 801
846 1226
1100 1482
1345 1382
326 1247
600 948
493 1403
516 795
95 1580
297 899
398 1182
34 1077
339 1384
331 482
408 1746
476 1657
1170 1453
1104 1693
356 374
386 1239
752 1418
542 1108
298 1179
529 1050
927 1483
577 1260
265 943
304 1294
361 704
629 1582
827 1696
658 787
75 292
339 1537
588 1699
465 1723
332 805
93 1170
1202 1332
294 993
845 930
1093 1312
58 1373
1078 1560
379 549
562 1588
277 336
773 1097
615 1391
666 789
153 1448
595 1171
1281 1481
130 903
379 1231
180 1503
1181 1366
239 1427
1037 1460
886 1375
1244 1626
381 427
347 1354
98 1122
348 789
1331 1633
165 1340
399 1000
799 1705
146 1677
406 809
1006 1527
506 1484
928 1295
337 1736
730 1533
928 1698
576 1623
41 347
955 1328
1030 1437
95 614
609 1321
521 792
597 1415
198 516
100 1151
1040 1671
1072 1307
706 1113
528 583
1300 1632
296 442
185 534
1049 1441
178 1239
101 490
159 561
673 1216
200 609
1099 1202
286 960
776 1533
651 1733
1020 1066
622 1145
1164 1517
879 1615
1009 1383
1092 1341
755 1426
321 879
1434 1473
14 92
5 1177
39 791
1151 1350
381 1505
480 990
147 389
150 1769
194 785
245 1630
407 1345
1067 1528
315 1241
281 413
158 574
168 671
719 760
760 1227
941 1600
803 1545
135 154
794 1078
6 1001
1155 1291
809 1340
358 1530
26 369
618 1148
81 970
462 508
48 88
632 1736
679 1566
658 977
1214 1348
796 1391
693 1589
749 1384
399 1392
236 830
288 1015
931 1597
483 1225
519 1679
1303 1670
1110 1111
145 1366
74 1136
423 1232
1332 1613
159 1194
31 586
66 87
1000 1654
91 1768
119 666
566 1224
518 760
1092 1461
757 886
248 1211
401 583
1103 1289
219 928
910 1759
728 1704
335 582
1454 1489
427 1604
454 891
538 842
1117 1499
51 1618
1703 1732
384 1665
729 1057
312 1003
116 1685
814 820
1389 1632
715 716
204 1574
993 1100
759 1610
795 1288
89 1451
402 1139
410 655
912 1316
1401 1406
199 489
865 1706
193 591
164 1682
984 1173
737 793
109 1504
217 1156
58 306
501 804
952 1768
118 992
24 1357
170 823
59 1386
317 406
30 237
890 919
412 1769
765 1425
231 1470
93 1345
172 420
63 1585
817 1573
503 1249
310 621
269 863
1035 1076
816 1643
670 709
220 972
437 790
1436 1556
783 1772
376 906
697 810
47 117
1278 1377
79 1048
923 1693
160 556
263 592
1664 1714
653 1500
56 757
763 1050
123 500
1034 1624
1031 1676
102 1165
1102 1267
12 1547
1292 1344
840 974
16 819
989 1229
331 1131
11 515
627 1555
1106 1350
162 279
374 1123
1306 1510
153 1004
346 961
497 931
218 1543
862 903
136 1664
106 1594
1472 1755
1395 1485
1080 1562
505 826
703 891
865 1222
485 1447
359 680
1039 1542
1291 1718
638 1112
251 776
1255 1323
172 711
1078 1257
278 971
1367 1653
225 480
1072 1190
758 1634
29 1255
478 1692
1218 1474
239 1764
1266 1734
842 1634
332 882
353 1044
1611 1771
1211 1545
707 807
52 875
493 1344
482 1519
104 1300
581 640
121 1674
428 975
734 1751
1229 1232
247 848
213 421
1433 1556
291 607
186 487
201 1237
894 1632
492 1023
1073 1741
263 349
1552 1740
867 1612
1213 1652
91 189
968 989
262 1047
361 739
894 1036
1172 1758
66 1730
650 1363
604 1517
312 1304
1228 1586
456 1248
45 608
613 1685
610 1304
272 663
571 1584
400 761
304 545
695 748
309 631
1165 1284
611 1331
293 1430
582 1319
362 1417
492 899
477 895
212 1023
1464 1521
511 727
741 1691
22 1002
824 969
438 1436
945 1673
322 1460
1115 1275
352 875
138 870
336 1215
508 557
103 482
590 1259
345 946
800 1705
1235 1510
950 1534
735 825
351 1762
756 1614
353 1683
625 733
1251 1271
284 611
890 1398
707 958
450 797
1013 1676
245 881
1049 1514
1025 1204
1064 1563
1405 1657
366 430
415 947
346 559
560 1543
489 1114
1642 1690
296 1308
1246 1309
4 773
184 925
645 869
150 653
196 795
1141 1722
377 658
971 1236
162 1702
513 1175
128 1027
587 762
855 1559
1053 1100
574 1400
743 1240
917 1490
1250 1280
1169 1759
667 1495
636 1140
236 777
138 649
766 1740
1153 1621
980 1585
197 1306
246 1065
702 992
362 717
1348 1562
1011 1239
536 876
632 834
605 642
276 1455
602 1317
54 1167
1264 1283
396 1285
221 557
645 1656
250 1060
807 1189
182 630
1155 1750
647 841
53 207
101 1746
1049 1349
943 1565
866 1655
1158 1687
745 1609
49 460
1098 1378
1251 1435
552 1147
152 1617
651 1760
1345 1480
1418 1443
263 1698
504 1459
959 1279
1356 1526
125 1583
716 732
163 1608
466 1546
279 1053
243 258
155 239
1560 1640
700 1493
239 1498
578 856
753 1130
523 1187
337 1132
1107 1439
524 1048
314 1523
122 686
919 1251
1392 1704
728 1218
394 1469
837 1716
623 1152
302 1486
1515 1535
224 448
156 1175
1212 1709
13 531
1046 1686
928 1159
1348 1467
8 1271
79 1310
39 1449
720 981
495 1499
751 938
472 1750
449 1329
20 1297
234 1675
7 1617
1339 1379
665 1383
791 988
209 1489
137 1628
567 1124
758 1313
340 1183
529 646
268 311
934 1394
256 321
117 450
169 315
656 1485
850 1290
392 433
26 439
1076 1577
829 1229
970 1335
12 1187
304 643
457 514
39 1767
1075 1645
97 316
1249 1660
273 1043
244 464
897 1307
495 614
484 1482
659 1695
538 1571
1446 1542
1010 1654
542 1067
484 1439
1260 1422
882 1351
674 1301
171 1487
213 613
982 1089
1088 1368
1355 1488
715 847
920 1310
1067 1749
60 947
124 575
1286 1658
320 324
1262 1560
414 832
261 1208
249 921
836 1163
142 1566
572 1137
648 1276
151 1563
1504 1527
551 677
1059 1680
195 965
822 1599
203 701
750 1630
815 993
8 993
961 1425
115 1165
1200 1362
271 394
346 779
207 1333
71 655
98 1182
535 1083
783 812
305 712
1374 1650
146 907
459 790
1125 1733
444 570
19 133
773 792
704 1048
774 1725
141 1444
1164 1622
1336 1447
778 1549
34 1252
10 175
436 1286
97 1691
894 1564
471 1046
979 1731
699 1421
5 1578
475 772
350 1190
833 1062
66 1079
1557 1579
111 636
113 653
295 794
421 429
301 932
388 1716
831 1184
269 1313
211 556
1045 1515
1055 1347
1173 1484
75 670
1142 1756
275 1171
142 722
114 621
460 1272
954 1235
27 588
1399 1488
272 697
328 1488
966 1579
399 1415
763 1416
1435 1575
1501 1664
412 784
146 1707
549 1451
355 1029
1081 1244
547 904
852 1258
325 1235
644 1417
261 472
204 502
776 1713
616 714
854 1672
425 1540
372 1132
1058 1245
100 471
726 1215
193 1343
71 140
1250 1462
499 1587
88 1149
730 1220
749 1230
371 745
1416 1479
443 625
498 967
244 1326
382 954
738 1127
671 942
1045 1358
369 1150
684 1059
320 1597
1501 1576
858 1104
1012 1602
110 1697
1519 1678
174 769
9 1192
445 1242
672 1662
1136 1440
166 1478
2 1140
713 1338
379 1293
357 1341
1762 1763
170 1724
916 1127
94 738
911 1393
499 647
765 1688
680 1509
253 1034
86 1128
171 824
177 1189
181 837
705 1234
391 1612
365 1396
1057 1772
1113 1720
841 1275
687 931
863 1651
522 1707
698 1199
16 1569
271 1161
61 1732
21 787
62 205
289 1460
813 1741
586 633
373 695
115 155
13 1734
818 1663
152 1472
169 1091
360 1407
16 1168
9 473
852 1355
1146 1690
338 421
889 1604
1493 1712
36 937
754 1592
1152 1352
1167 1513
281 1464
693 1262
844 1069
1316 1770
455 1241
510 914
358 1249
847 1268
860 1754
801 1379
250 404
483 1368
390 873
259 446
214 873
135 1766
579 1312
560 831
672 1729
248 593
534 740
1637 1764
713 1668
431 1749
1026 1468
97 927
276 1448
137 983
1346 1443
23 1248
1029 1425
956 1520
86 864
1106 1157
59 106
525 1638
414 1007
1325 1372
181 1021
463 687
187 244
1065 1243
2 1434
678 1088
1070 1087
1315 1701
264 1629
32 1617
526 1054
120 1591
846 953
1708 1719
818 1154
343 1655
1319 1471
916 1176
594 1283
337 1487
119 991
219 1756
580 1589
28 679
1564 1574
443 1525
1011 1303
1160 1585
36 880
554 853
357 1168
302 635
991 1454
857 874
1622 1733
206 1022
205 811
84 724
853 1578
415 1672
1031 1122
350 1034
74 1040
164 710
90 144
217 1008
1161 1361
543 1086
770 1198
1091 1116
558 1438
287 1101
569 1031
49 1144
70 834
941 1718
240 405
607 1692
387 566
288 1122
266 1254
64 1320
532 1583
459 1337
1471 1628
754 1495
380 1567
392 987
182 986
1371 1420
969 1138
274 454
519 1442
403 1448
603 1191
494 1269
122 715
1128 1322
636 1352
503 1594
179 944
995 1289
677 933
37 951
893 1455
587 1038
796 1148
214 1370
1330 1417
12 536
546 1477
1615 1724
486 1206
435 1131
829 940
425 1703
753 901
1253 1553
74 1659
547 843
121 810
1217 1661
352 972
729 839
520 871
134 1619
876 1475
721 1380
109 1182
873 908
101 1430
175 505
1243 1402
443 1386
187 1226
49 441
227 283
96 1320
258 1652
817 1670
1463 1736
238 375
252 595
