436 468
328 330
46 78
219 400
165 329
278 391
45 387
166 402
66 213
102 358
185 368
91 136
33 378
73 102
111 150
95 405
150 402
6 223
119 351
110 381
178 407
175 212
379 416
153 310
198 241
259 319
114 177
66 341
26 354
302 364
232 385
175 397
23 432
252 355
40 300
128 420
25 332
253 403
97 125
21 368
269 356
404 412
56 152
116 128
20 269
294 303
104 212
286 366
294 395
95 433
52 283
84 310
337 358
138 373
57 305
134 202
29 279
121 366
290 292
87 210
239 299
183 276
361 406
108 316
35 392
192 258
12 350
130 388
238 271
50 118
204 289
264 419
158 320
14 176
254 348
113 160
60 281
7 229
271 342
173 339
103 120
81 96
196 320
70 418
343 369
101 260
115 411
306 307
393 434
206 394
133 424
12 123
167 184
108 198
199 217
95 367
236 356
44 288
10 93
63 163
88 165
7 428
197 389
42 398
297 410
211 266
189 392
100 191
29 363
94 315
152 366
182 380
3 354
157 350
278 347
123 205
38 71
32 185
285 359
224 324
48 107
222 397
39 340
24 151
189 209
163 426
185 370
46 351
61 263
86 273
233 308
94 275
54 180
270 360
11 428
274 363
48 339
308 395
216 417
221 336
44 223
47 98
404 414
244 283
44 149
22 120
171 328
194 287
18 272
28 251
111 282
72 261
138 229
154 259
30 386
226 380
162 248
146 311
159 245
157 353
231 366
166 172
191 206
317 388
125 297
2 200
400 430
81 258
64 315
49 318
76 186
16 148
195 367
398 432
144 330
135 409
71 376
167 281
53 139
139 351
99 275
333 375
130 239
8 179
77 237
298 365
126 246
240 313
26 424
64 251
13 317
233 234
93 115
172 367
96 235
331 345
203 332
49 429
173 334
161 369
89 304
75 411
38 114
126 362
331 407
15 44
248 253
31 156
19 158
13 334
160 282
78 265
135 164
55 250
247 371
190 326
51 131
351 382
280 318
280 385
240 403
155 230
98 268
205 307
225 327
277 365
124 145
263 293
42 309
132 213
35 61
293 295
61 417
201 313
216 420
401 426
215 354
174 421
228 352
136 431
5 366
154 157
272 374
6 232
270 306
17 61
64 124
225 390
372 406
18 65
145 324
17 227
217 255
119 142
222 423
112 401
103 396
99 355
80 433
345 384
169 192
37 230
58 366
27 85
100 422
126 287
311 412
106 215
45 343
15 170
221 260
85 291
22 61
374 434
171 427
73 97
52 181
34 382
357 415
218 305
249 430
129 353
139 144
76 257
139 200
129 199
5 162
1 272
219 295
62 312
1 326
43 265
44 303
117 380
105 193
60 137
170 431
126 207
155 336
9 91
157 184
32 249
321 346
238 409
23 323
274 435
100 416
241 379
134 415
116 399
2 14
95 338
21 322
262 284
182 360
139 309
133 141
4 236
194 421
182 242
3 188
149 201
77 204
82 187
356 422
63 65
68 214
243 319
44 196
19 174
185 335
61 425
302 408
285 367
349 361
367 391
67 329
291 423
235 405
11 182
8 31
28 41
53 83
389 413
47 188
344 377
142 314
55 177
62 132
61 376
20 289
27 209
41 268
140 156
227 277
351 410
207 325
362 436
72 218
122 183
338 390
107 296
237 245
10 226
34 220
100 344
69 164
140 186
208 408
30 371
74 100
222 414
168 208
13 159
222 342
9 92
140 180
141 224
228 267
109 256
286 413
359 418
127 140
83 261
64 101
105 341
244 375
84 169
56 323
68 378
247 257
79 267
70 243
50 436
122 210
59 250
242 419
143 425
256 384
255 264
75 203
82 273
126 429
36 351
346 387
304 435
168 322
33 147
37 90
110 377
104 179
185 354
86 337
36 386
100 131
182 340
298 393
25 109
254 427
51 181
54 399
117 178
140 364
126 321
139 279
90 354
202 314
312 351
80 316
146 220
266 329
140 193
89 231
57 121
106 252
58 348
92 246
4 296
67 352
113 157
69 335
39 262
40 367
74 276
176 197
127 357
161 288
87 211
79 394
16 190
24 143
148 187
137 290
151 349
300 373
88 147
234 325
95 333
43 396
185 372
347 383
327 381
112 370
195 292
284 383
153 214
118 299
59 185
25 64
