1392 1464
695 833
909 992
597 1351
153 543
225 579
346 612
491 805
773 1018
526 664
836 842
822 1074
408 702
1068 1266
880 1041
469 1371
1191 1334
10 575
285 1313
1317 1365
399 424
630 848
289 1259
97 796
681 1208
1044 1322
472 843
1151 1348
1227 1389
221 520
461 1130
596 1001
763 822
713 761
305 909
547 1045
121 1046
178 216
249 1129
356 1051
573 1162
347 1186
883 905
90 1305
500 936
715 1372
902 1070
474 863
465 802
181 400
1075 1263
1008 1324
324 1392
369 768
1123 1198
557 834
492 922
1039 1252
284 1132
617 633
195 601
914 1239
567 1254
846 1035
901 1059
459 1247
315 992
21 899
918 1290
301 732
58 841
779 1109
378 776
1124 1156
969 1116
378 884
107 154
205 860
920 1125
167 956
592 1266
735 858
533 732
319 589
1003 1254
1066 1318
489 820
722 1079
100 966
164 428
36 550
535 1138
330 1369
728 798
686 1267
873 1104
1121 1381
943 1328
561 638
23 1290
499 676
627 688
58 417
82 903
480 569
552 999
57 1199
301 694
824 928
637 975
286 964
62 1209
263 1067
196 1120
695 1158
1016 1190
622 1207
572 926
993 1382
597 1122
321 805
1026 1293
1317 1331
310 660
803 1077
92 398
687 773
388 1215
1037 1336
881 1310
242 534
23 778
676 1246
63 827
800 907
945 1387
261 297
348 534
25 1158
28 623
403 604
299 965
869 1006
189 486
357 481
307 912
372 720
300 897
939 986
253 476
832 1321
219 804
111 741
136 1086
5 548
413 1062
386 622
64 798
376 961
1040 1386
85 367
736 901
784 1257
334 884
940 1079
1001 1235
169 529
858 1283
17 1004
669 1184
648 766
208 295
295 1367
154 1307
48 460
354 1201
892 1278
225 889
141 704
175 808
293 350
813 1344
149 524
551 1042
247 371
212 396
215 1013
1332 1355
126 391
550 1021
410 1336
210 1098
377 1381
256 1214
593 931
1092 1255
392 501
171 234
211 1325
533 726
475 675
358 442
1106 1321
169 658
197 1299
198 1107
153 496
345 1381
1149 1295
137 691
432 1357
222 632
521 598
1029 1308
551 1041
751 907
991 1288
54 277
13 1026
295 861
492 1097
306 1214
349 1324
514 699
213 908
377 538
518 901
399 833
16 122
193 324
878 1133
146 1346
659 666
603 1343
276 554
133 1002
646 1205
775 1088
368 1283
442 705
989 998
284 635
39 976
8 566
699 1357
711 744
35 259
679 820
553 993
793 827
448 638
296 1204
1271 1285
620 811
123 812
973 1353
277 977
401 1235
124 839
202 971
519 1225
404 508
556 1113
335 631
240 1225
641 829
458 555
578 1038
279 1300
702 1032
1146 1218
704 915
243 1085
813 1258
625 698
312 1099
161 416
464 863
572 581
741 861
354 954
217 546
185 280
807 1053
291 1185
1163 1371
1022 1171
15 1302
252 671
394 555
1051 1069
326 762
515 815
342 783
162 780
147 572
1062 1228
731 837
251 845
11 600
1059 1119
422 1139
271 478
1063 1260
457 752
187 882
405 1145
148 684
409 767
565 905
962 1384
73 1301
483 803
338 1193
614 969
1101 1388
50 226
299 658
119 120
430 1171
607 1169
98 224
203 1179
19 930
657 1041
698 1306
808 826
405 1272
1060 1273
898 978
643 1042
505 791
32 230
335 443
75 190
860 897
309 339
311 571
1227 1361
886 1343
321 1372
785 1286
160 782
75 206
844 1017
771 828
175 710
1161 1216
736 1220
173 1200
147 530
649 994
229 757
604 948
757 826
87 1166
105 937
1181 1332
233 1263
114 159
14 52
1064 1150
41 1335
893 1217
414 1385
712 879
392 855
95 1006
812 1265
419 828
410 1195
227 1027
84 1297
383 924
288 487
446 865
143 1316
421 486
522 556
166 220
293 1388
186 570
581 734
1097 1098
39 579
252 1195
576 645
44 1334
544 1025
682 728
325 615
406 823
797 875
637 770
527 1138
338 1186
214 235
720 980
641 1007
260 495
37 896
676 985
170 324
376 1113
1019 1350
90 1010
690 1250
81 869
497 1036
1012 1328
608 1361
665 1249
130 581
586 1149
1008 1206
290 1111
1020 1103
385 1019
682 857
818 1330
384 1267
769 1245
281 982
218 647
275 1180
145 1139
433 1244
353 489
494 786
315 979
646 892
661 1320
725 1120
161 1100
227 958
207 708
545 546
4 1039
683 1015
295 1242
452 1348
618 933
110 1175
157 425
629 1284
344 676
303 1013
104 918
89 680
795 1102
1110 1114
388 929
96 120
142 623
219 1337
987 1125
549 1369
125 423
367 498
684 983
83 1234
1011 1111
101 359
666 1389
251 912
27 288
427 1192
616 668
493 590
121 302
282 356
322 415
482 494
112 113
1190 1210
1124 1237
132 917
61 587
969 1383
536 1131
40 149
281 1156
21 1212
65 355
273 1197
318 1153
47 353
6 1365
850 1078
607 794
485 1351
362 1291
375 1115
678 1366
1043 1099
51 439
706 1271
799 910
879 957
671 1233
9 29
754 814
889 1007
569 1322
51 1199
577 1153
474 660
294 1155
817 1032
509 675
3 563
672 1229
553 975
71 444
952 979
451 1313
265 571
262 927
9 578
923 977
125 1020
18 542
619 692
213 1118
709 1295
644 1215
89 447
71 1109
781 998
739 959
182 1287
267 1058
74 1168
795 921
1274 1322
742 831
585 1239
503 1118
54 375
513 1301
362 477
59 267
163 1337
79 449
537 886
459 1248
242 273
431 1391
1033 1299
586 637
238 624
379 1294
176 707
184 1213
67 872
140 1047
723 1346
594 1378
818 1141
864 1391
7 1362
894 1364
414 1081
69 204
963 1358
243 952
332 1382
583 1044
102 164
82 346
621 1279
326 1264
596 1142
894 1348
609 737
1057 1117
835 942
602 1108
411 569
32 868
502 1315
322 911
101 650
397 1258
37 64
453 687
701 975
468 810
477 1170
755 1180
835 871
127 1080
1189 1197
304 946
56 231
745 814
323 1376
1198 1362
740 1194
547 639
312 1268
750 973
266 541
610 627
455 675
851 975
437 936
322 1345
109 307
131 654
172 836
352 1261
11 560
26 466
621 1178
996 1194
529 1058
63 969
79 947
201 603
20 261
862 1052
673 895
278 286
182 986
53 602
584 792
1152 1238
1010 1349
48 1112
361 389
127 871
479 626
606 1137
809 1288
1232 1293
1127 1338
174 1129
714 972
302 1234
743 1261
1053 1291
467 1365
897 990
418 1289
66 431
786 921
1131 1182
152 612
228 941
2 1315
361 613
650 788
520 1392
1270 1280
644 1241
73 97
82 953
984 1325
313 888
722 1273
1096 1169
1182 1351
450 1374
105 1034
913 1373
159 719
232 595
7 29
655 1127
283 1223
455 535
192 1148
794 965
765 999
444 738
723 1041
228 454
1029 1272
158 1073
266 559
677 1036
156 1359
85 1183
1145 1354
425 1137
4 1128
690 922
179 470
1016 1259
2 917
278 588
423 825
118 357
849 1300
180 1084
391 1280
365 1302
513 801
207 241
241 1176
876 1232
397 967
543 558
25 1152
700 1381
674 806
113 130
259 1076
4 559
47 1244
599 1151
1000 1217
183 206
17 1311
754 1174
488 904
264 925
595 701
504 1191
1244 1363
721 1384
809 864
55 839
422 705
22 590
94 1093
39 139
117 203
685 1066
678 800
191 831
1209 1252
93 441
407 900
159 648
98 566
584 703
68 129
272 830
503 1047
531 1283
568 1096
33 638
234 816
465 515
536 1340
429 532
317 957
850 1226
517 730
1002 1269
305 653
331 1349
140 935
941 955
651 821
95 1075
187 193
382 1368
518 874
716 817
967 1049
312 1085
77 248
331 1350
677 1030
138 497
236 626
868 1251
308 867
115 1076
1211 1262
137 931
299 611
784 1076
289 1221
285 1175
196 1068
468 1233
350 638
521 1356
440 1303
1106 1262
789 1060
682 883
78 896
412 988
144 837
395 1092
709 1320
351 542
327 902
840 1373
33 132
434 674
38 1050
720 1174
116 1240
519 1216
724 778
532 1331
291 1189
435 685
106 887
466 1162
462 1355
562 1310
619 763
583 1154
192 1370
688 1248
103 1374
819 890
929 1342
197 652
416 649
366 946
906 1375
80 1243
1095 1115
772 1014
1134 1364
42 774
1136 1380
764 1028
633 759
471 616
9 223
1196 1352
987 1251
458 1037
217 1319
507 780
292 1038
1071 1221
107 244
320 970
944 974
464 528
480 681
46 919
961 1154
951 1205
68 428
473 1344
253 601
50 960
180 728
299 752
399 1133
856 1123
471 664
756 760
656 1339
254 1330
208 1192
499 1187
727 1248
321 510
1193 1339
65 491
643 1034
250 1255
69 733
1090 1296
447 670
628 1323
199 420
237 1333
766 1009
857 1231
314 1347
976 1212
972 988
870 1116
61 1009
890 1298
76 194
389 582
1074 1240
99 1322
451 1253
12 903
123 438
475 589
1072 1128
30 1057
645 985
1147 1347
1120 1360
852 1308
859 1264
804 1159
86 537
40 1312
746 891
131 980
1 791
555 1276
129 1055
167 1053
1279 1383
445 720
526 1283
68 313
1021 1164
573 639
162 1107
406 647
166 1023
199 1134
257 445
606 1354
44 570
1121 1250
165 440
380 725
59 202
654 1167
1110 1377
93 386
70 991
363 1289
770 968
511 1206
156 951
163 1143
395 875
365 802
939 1356
323 792
10 915
13 729
401 651
540 1223
104 1081
727 1163
1005 1130
462 1314
22 400
245 580
142 692
530 1112
954 1178
408 672
710 900
642 880
758 1297
150 443
456 588
27 1341
413 1021
118 591
472 1236
911 1379
1024 1281
631 1241
108 1296
177 381
319 739
797 981
1269 1351
950 1367
122 806
143 753
209 1330
1031 1254
1309 1360
734 1184
189 381
563 934
352 632
51 270
549 995
46 1018
449 683
558 913
511 614
303 947
642 1090
384 460
328 370
39 380
775 1126
372 724
126 555
343 1230
176 412
983 996
327 764
777 1329
110 774
448 1257
355 516
276 930
218 809
255 838
53 1201
402 548
727 910
226 1376
311 881
72 940
454 1105
183 523
119 298
619 1204
726 927
245 572
255 1303
246 1054
1241 1249
96 862
24 634
359 932
1056 1122
181 1365
506 1132
114 427
574 737
76 1365
320 772
547 1207
1314 1323
787 1170
714 1202
825 1278
115 1208
719 1040
287 360
134 1135
271 707
370 696
426 842
294 403
525 1102
84 876
283 476
1179 1330
257 974
263 1358
6 210
829 1144
851 1333
18 964
190 620
418 1342
155 1363
727 1004
215 1031
575 960
562 1282
712 1375
60 587
1168 1304
893 962
779 1326
170 693
510 1104
88 166
430 1095
174 693
854 1387
385 581
373 541
205 834
246 984
1024 1287
237 743
334 927
469 762
248 1311
525 1069
959 1082
140 211
347 1336
306 1187
14 501
224 785
949 1286
15 887
34 698
697 745
452 1046
1008 1094
793 821
777 945
60 116
914 1094
393 844
580 1366
379 408
552 592
168 404
680 1100
634 669
493 502
5 453
662 1088
694 874
146 971
1089 1218
405 790
62 512
470 1072
919 1353
593 1091
16 955
42 721
151 819
962 1172
339 564
38 490
178 1087
344 419
337 997
125 398
125 438
45 853
280 1063
667 1177
522 1219
74 1277
45 111
138 715
290 329
93 478
870 1159
682 994
31 1048
1276 1385
479 1173
1078 1307
856 1067
151 155
415 877
843 1340
610 1023
990 1005
88 144
399 746
135 188
394 433
216 421
809 970
697 938
309 1017
514 807
165 735
106 1033
432 730
506 1157
235 1245
838 852
490 781
485 1012
254 336
1089 1120
103 221
332 1236
636 748
557 750
70 337
554 1237
198 935
594 962
598 1045
1160 1256
463 594
409 545
349 783
41 1162
212 591
498 1008
483 1199
670 1043
560 1077
718 744
24 742
652 1146
171 358
268 845
340 1167
853 1126
1161 1200
659 1114
855 1063
179 1030
49 364
360 982
117 1070
1181 1377
615 865
56 635
717 1306
204 1107
233 1093
527 609
700 1185
214 1268
87 782
426 882
625 934
209 310
539 1073
333 788
269 1213
866 891
1211 1312
195 1247
4 239
717 1166
514 801
543 849
256 924
461 1160
446 1390
1107 1114
94 456
30 1246
767 1177
1119 1202
1140 1341
128 186
329 687
953 960
318 769
108 568
810 823
292 928
877 1065
387 848
617 1226
738 1345
239 473
279 686
1054 1329
223 328
229 567
141 457
733 1157
747 1147
797 1224
92 348
435 661
496 981
1022 1275
771 1242
636 761
270 789
383 899
268 1370
341 365
767 1027
80 1141
728 949
713 943
500 867
869 1165
100 1136
524 1004
512 1065
1176 1254
52 260
157 668
26 1000
411 872
81 528
1316 1352
878 1142
316 364
330 1224
20 1133
145 599
673 1319
1203 1368
925 1260
708 1230
160 759
653 1231
429 841
540 696
45 1087
1140 1319
201 1095
136 888
168 272
600 1292
751 840
1277 1309
1014 1203
102 191
866 1135
484 811
77 1326
333 1091
768 1220
439 1196
177 1148
508 576
407 950
35 507
300 662
324 920
509 854
937 1380
133 311
611 966
441 613
437 1275
250 564
1117 1144
365 830
420 703
200 382
137 258
343 756
481 816
663 1165
628 956
8 731
749 963
269 325
49 859
665 933
274 593
265 487
150 387
134 747
630 1222
12 366
369 1061
995 1270
371 740
1 28
345 948
57 1035
679 796
374 505
894 1188
275 1050
123 776
436 1164
637 978
55 1305
236 341
1078 1378
317 543
436 885
655 906
173 220
268 402
523 1265
368 434
139 184
304 753
1052 1055
824 1292
31 312
467 484
885 1222
232 748
373 544
1053 1253
135 624
390 399
94 629
321 390
131 393
689 755
78 923
463 1150
336 1210
297 1143
605 657
926 1083
656 997
374 1386
274 663
1003 1327
314 799
516 1025
19 728
417 1101
916 1183
308 1084
539 942
1083 1338
112 298
86 1077
729 1294
185 1071
895 1063
240 1048
640 1133
34 1015
538 1359
482 1176
760 1390
517 1298
582 847
194 247
488 1086
282 325
66 944
109 1327
148 561
264 1028
351 958
131 904
1285 1336
932 1282
689 758
565 577
1274 1318
363 1228
91 797
36 340
316 424
873 1049
481 605
908 1082
43 1011
230 585
262 1281
450 916
287 1095
832 1379
640 1108
249 258
608 787
72 152
847 1061
244 790
711 1103
99 158
83 396
765 815
574 1172
238 691
405 1105
689 846
938 1114
91 618
749 1247
296 1064
898 1080
718 1155
43 1256
495 1243
188 1238
989 1229
968 1219
222 1056
504 1284
172 342
67 716
231 1031
1173 1304
3 531
200 706
128 667
68 124
1188 1335
