2000 715
13 198
31 100
54 181
10 211
210 218
151 178
175 228
66 164
15 81
156 214
36 200
154 228
73 84
57 210
127 144
81 167
131 154
40 143
86 157
48 58
208 230
164 230
4 132
22 159
67 138
63 78
171 184
69 121
51 209
9 38
111 167
65 75
18 217
120 146
35 186
165 204
119 225
163 223
143 144
76 80
95 148
155 170
91 151
45 96
41 107
61 116
112 161
144 189
25 65
23 53
99 200
3 52
41 68
28 166
103 155
155 160
156 205
203 212
106 167
39 74
128 135
156 161
22 58
123 216
11 16
3 100
123 184
33 159
179 227
52 189
30 183
36 224
14 209
29 223
12 80
56 178
46 192
126 187
58 75
44 102
183 188
134 160
32 205
112 225
55 221
109 222
106 165
127 142
7 187
22 145
110 176
118 129
21 149
128 192
24 124
21 29
156 163
126 146
17 190
132 158
74 80
27 126
42 59
14 73
17 33
71 214
157 191
13 26
8 158
12 206
121 215
154 170
34 193
20 56
87 184
70 82
1 209
76 148
72 146
18 64
122 179
31 184
92 115
105 152
101 114
34 188
90 191
114 150
66 68
42 147
30 92
182 212
9 173
171 195
79 202
49 93
47 196
2 176
38 60
51 162
48 181
47 89
57 229
22 115
59 69
94 120
177 195
97 201
97 104
85 145
85 95
124 169
37 102
77 119
25 35
49 174
197 207
155 185
122 182
46 220
89 125
5 203
1 224
70 229
129 205
62 197
43 140
62 117
144 201
150 227
184 207
10 96
43 146
27 78
141 211
84 118
82 219
116 193
91 138
28 204
6 172
55 184
53 54
110 221
40 177
71 83
5 215
6 218
2 178
7 108
20 137
135 144
168 216
67 136
175 198
152 153
60 144
72 190
23 184
93 222
24 153
64 108
22 169
8 185
117 131
99 205
50 113
61 206
144 186
26 184
37 66
98 213
111 219
39 208
104 196
19 90
16 32
88 126
44 140
113 134
83 213
94 107
142 168
154 220
4 106
88 226
106 194
133 172
45 69
87 173
77 167
109 202
69 149
98 182
103 166
69 133
15 147
141 167
63 162
19 58
11 226
50 194
136 154
86 144
137 174
79 125
558 560
276 308
449 630
395 559
508 621
275 617
396 632
296 443
332 588
415 598
321 366
263 608
303 332
341 380
325 635
380 632
236 453
349 581
340 611
408 637
405 442
609 646
383 540
428 471
489 549
344 407
296 571
256 584
532 594
462 615
405 627
253 662
482 585
270 530
358 650
255 562
483 633
327 355
251 598
499 586
634 642
286 382
346 358
250 499
524 533
334 442
516 596
524 625
325 663
282 513
314 540
567 588
368 603
287 535
364 432
259 509
351 596
520 522
317 440
469 529
413 506
591 636
338 546
265 622
422 488
242 580
360 618
468 501
280 348
434 519
494 649
388 550
244 406
484 578
343 390
290 511
237 459
501 572
403 569
333 350
311 326
426 550
300 648
573 599
331 490
345 641
536 537
623 664
436 624
363 654
242 353
397 414
338 428
429 447
325 597
466 586
274 518
240 323
293 393
318 395
237 658
427 619
272 628
527 640
441 496
419 622
330 421
259 593
324 545
382 596
412 610
233 584
387 580
508 577
353 435
268 301
262 415
515 589
454 554
278 337
452 627
269 570
254 381
419 439
393 656
415 600
276 581
291 493
316 503
463 538
324 505
284 410
500 590
241 658
504 593
278 569
538 625
446 647
451 566
274 453
277 328
634 644
474 513
274 379
252 350
401 558
424 517
248 502
258 481
341 512
302 491
368 459
384 489
260 616
456 610
392 478
376 541
389 475
387 583
461 596
396 402
421 436
547 618
355 527
232 430
630 660
311 488
294 545
279 548
306 416
246 378
425 597
628 662
374 560
365 639
301 606
397 511
283 369
369 581
329 505
563 605
360 469
238 409
307 467
528 595
356 476
470 543
256 654
294 481
243 547
463 464
323 345
402 597
326 465
561 575
433 562
279 659
403 564
391 599
319 534
305 641
268 344
356 592
561 637
245 274
478 483
261 386
249 388
243 564
390 512
308 495
365 394
285 480
477 601
420 556
281 361
581 612
510 548
510 615
470 633
385 460
328 498
435 537
455 557
507 595
354 375
493 523
272 539
362 443
265 291
523 525
291 647
431 543
446 650
631 656
445 584
404 651
458 582
366 661
235 596
384 387
502 604
236 462
500 536
247 291
294 354
455 620
602 636
248 295
375 554
247 457
447 485
349 372
452 653
342 631
333 626
329 585
310 663
575 614
399 422
267 460
288 596
257 315
330 652
356 517
541 642
336 445
275 573
245 400
451 490
315 521
252 291
604 664
401 657
303 327
282 411
264 612
587 645
448 535
479 660
359 583
369 374
306 487
369 430
359 429
235 392
231 502
449 525
292 542
231 556
273 495
274 533
347 610
335 423
290 367
400 661
356 437
385 566
239 321
387 414
262 479
551 576
468 639
253 553
504 665
330 646
471 609
364 645
346 629
232 244
325 568
251 552
492 514
412 590
369 539
363 371
234 466
424 651
412 472
233 418
379 431
307 434
312 417
586 652
293 295
298 444
473 549
274 426
249 404
415 565
291 655
532 638
515 597
579 591
597 621
297 559
521 653
465 635
241 412
238 261
258 271
283 313
619 643
277 418
574 607
372 544
285 407
292 362
291 606
250 519
257 439
271 498
370 386
457 507
581 640
437 555
592 666
302 448
352 413
568 620
337 526
467 475
240 456
264 450
330 574
299 394
370 416
438 638
260 601
304 330
452 644
398 438
243 389
452 572
239 322
370 410
371 454
458 497
339 486
516 643
589 648
357 370
313 491
294 331
335 571
474 605
314 399
286 553
298 608
477 487
309 497
300 473
280 666
352 440
289 480
472 649
373 655
486 614
485 494
305 433
312 503
356 659
266 581
576 617
534 665
398 552
263 377
267 320
340 607
334 409
415 584
316 567
266 616
330 361
412 570
528 623
255 339
484 657
281 411
284 629
347 408
370 594
356 551
369 509
320 584
432 544
542 581
310 546
376 450
496 559
370 423
319 461
287 351
336 482
288 578
322 476
234 526
297 582
343 387
299 565
269 492
270 597
304 506
406 427
357 587
391 518
317 441
309 624
246 420
254 373
378 417
367 520
381 579
530 603
318 377
464 555
325 563
273 626
415 602
577 613
557 611
342 600
425 522
514 613
383 444
348 529
289 415
255 294
86 558
