2000 2000
1036 1254
1453 1496
342 1815
186 346
840 1555
138 1503
416 1376
660 1253
1279 1799
209 1554
624 1278
792 884
333 1703
393 894
551 1192
1705 1805
302 930
115 1384
151 1156
71 209
82 1637
858 1854
19 1798
348 703
1692 1744
261 1029
143 1631
336 1227
1493 1564
493 1966
553 1587
953 1128
214 1307
212 1630
1085 1169
357 1874
175 615
781 867
426 1172
689 1285
256 1315
130 1876
758 1590
159 1725
11 1026
432 1779
1098 1476
1585 1794
1136 1940
938 1300
361 1422
685 835
874 1474
5 588
66 1017
1148 1418
1268 1615
63 1275
294 414
371 1048
578 1599
562 800
80 1655
326 622
215 545
459 1812
865 1526
1507 1786
633 959
846 1901
1080 1695
18 1432
1297 1735
301 812
73 524
84 161
1781 1842
234 1772
170 1022
323 1019
417 470
283 1107
1385 1436
429 1849
473 811
426 1431
1301 1302
555 1937
1642 1830
512 1721
291 886
1165 1520
881 1437
1095 1927
1166 1556
235 745
1504 1836
300 1759
1323 1539
143 1190
283 1830
428 736
1680 1857
1362 1959
86 251
997 1835
1143 1641
983 1263
821 1810
305 375
618 621
552 1983
570 655
931 1658
1073 1447
756 1903
1066 1314
1911 1945
1188 1295
246 1667
908 911
689 978
439 1302
1624 1774
584 867
477 907
901 1671
810 1566
1219 1342
396 744
450 1104
178 474
106 395
809 877
458 1681
208 539
848 1645
910 1652
1044 1154
206 528
274 566
776 1405
865 1969
604 1931
1407 1792
1361 1985
8 769
939 1056
138 1726
1598 1679
1873 1961
485 1460
517 597
1344 1504
1238 1467
179 1480
602 1777
90 933
462 965
1536 1994
191 507
1693 1993
273 1817
1337 1773
872 1974
1468 1839
643 1825
294 1994
962 1428
282 1020
47 1054
465 512
1322 1500
16 922
129 561
1436 1748
475 1563
826 1078
1507 1591
510 625
1153 1272
1513 1845
698 1405
1335 1993
91 582
245 411
321 1690
1331 1975
559 648
878 1411
532 1347
265 1871
706 905
1731 1984
1368 1770
452 765
282 921
816 1992
807 1930
353 1397
1208 1724
586 1945
1440 1754
1034 1342
1160 1410
1650 1736
176 1169
834 1375
39 936
17 1931
638 745
734 748
541 1333
609 1957
265 1855
965 1995
312 1260
460 1875
576 1848
852 1128
215 623
565 810
403 1054
733 1094
468 1481
1221 1851
1387 1442
447 674
1317 1730
72 1778
234 1794
1035 1503
605 1801
787 1382
829 1246
183 716
572 1654
463 1923
853 1885
670 1477
425 662
119 599
354 1257
1249 1472
922 1243
408 1766
67 673
267 1050
1003 1395
1252 1419
1237 1732
298 1814
837 1788
271 1626
1481 1938
1138 1233
435 543
373 1277
147 1129
1498 1700
320 401
550 1210
806 1211
1501 1833
792 1352
774 923
19 854
656 1569
728 1877
761 1825
244 1651
420 1298
96 1335
188 497
1249 1872
569 1795
1206 1854
1311 1800
806 1102
36 1419
856 1667
354 885
788 1185
25 1031
1325 1381
1064 1739
1182 1949
312 1512
63 278
724 1011
613 1595
1620 1918
115 640
490 1701
1619 1879
145 1958
469 1060
356 1764
1112 1749
540 1838
767 993
612 801
1406 1427
436 1309
61 969
94 1448
61 1389
384 1510
374 406
284 400
498 717
982 1772
1703 1865
106 163
483 1117
226 1426
179 1482
368 884
446 1193
1206 1486
931 1413
946 1484
740 777
1148 1774
293 1280
582 1407
420 1264
418 1112
494 1452
306 473
1240 1941
861 1497
466 1304
301 1239
489 814
742 1340
949 1202
1199 1272
123 264
203 1387
370 1973
394 1396
423 1502
1131 1353
1010 1482
1676 1734
260 1714
343 903
691 1807
184 1578
132 699
467 1717
1012 1625
1354 1683
1042 1905
621 1156
677 833
150 658
843 1377
26 1775
1680 1829
503 607
194 817
748 992
1172 1686
1509 1802
818 1523
1466 1582
1311 1367
960 1469
336 1443
735 1907
592 820
62 507
113 825
6 1633
488 1823
427 1101
381 600
783 1271
467 1485
1239 1479
269 1173
1274 1611
297 1773
203 392
438 486
824 1007
568 1456
1248 1665
659 866
70 540
79 1533
51 1276
107 799
472 1212
712 1025
332 1470
580 1025
795 1965
991 1998
1334 1404
472 879
1126 1595
92 1458
854 1290
943 1238
1544 1897
1584 1843
649 870
929 1706
757 1935
959 1636
296 1822
99 567
666 705
770 1681
76 309
362 1030
890 1146
415 771
167 1639
466 713
912 932
448 1882
202 281
750 1511
434 676
521 970
813 1628
1545 1856
414 1956
774 1844
10 686
723 1819
863 957
494 1322
1103 1669
1403 1530
139 1897
1751 1888
128 133
436 1920
1286 1586
110 175
286 382
629 859
241 1108
855 873
1417 1980
313 1413
1494 1872
619 1424
622 967
463 1964
233 1957
1392 1862
402 1336
893 1575
43 1184
900 1217
218 527
1001 1573
515 627
343 1032
190 985
1548 1559
814 1902
1442 1505
199 853
941 1770
86 1096
67 281
1479 1867
563 1104
1186 1702
202 1270
30 920
357 1346
188 1241
347 1643
1534 1909
630 1676
653 1176
1074 1615
851 1438
536 1441
793 1697
979 1274
664 1168
1648 1716
303 739
1364 1614
1683 1784
1116 1551
952 1823
362 1650
287 856
79 1767
268 1904
979 1717
275 1804
846 1572
862 1459
104 594
875 919
882 1098
240 1739
1107 1756
991 1929
517 1258
196 1913
637 842
1086 1944
94 573
344 413
961 1641
328 1009
34 1547
1568 1888
508 1486
1191 1205
98 1221
538 1306
636 1296
1404 1687
8 228
1067 1780
1392 1837
1135 1220
168 1465
595 1138
1547 1775
345 500
173 1743
1643 1782
1289 1536
1003 1241
960 1918
309 617
1194 1315
1223 1895
17 581
1721 1776
800 1488
70 259
1508 1866
766 1538
176 1564
1043 1556
40 128
857 948
223 583
598 1052
555 1461
287 376
318 1171
1535 1618
4 674
75 1178
153 1224
249 738
641 1268
149 181
500 1374
189 951
1060 1769
111 1280
535 1400
1171 1799
537 620
137 1571
546 1197
45 699
820 1452
49 1979
1588 1762
557 1981
152 185
583 1922
136 1874
1348 1938
1451 1627
1617 1657
481 1348
74 1540
671 1115
522 1923
1037 1572
238 898
331 433
1167 1561
337 726
324 1596
1225 1899
131 637
475 1038
50 1709
995 1999
211 533
101 1204
382 738
316 334
31 419
780 1412
1329 1696
563 1320
24 804
1130 1350
431 1838
256 1896
1599 1662
140 304
581 1501
690 1580
1757 1968
242 1765
735 1978
131 822
1147 1813
228 422
793 1040
442 1649
1604 1791
619 1571
677 1790
49 62
663 1141
1174 1437
492 1660
1161 1670
1213 1954
42 665
48 350
366 1220
221 1386
731 1921
1426 1822
740 887
443 838
319 388
288 1100
1019 1379
648 1711
1162 1472
403 1738
38 399
1204 1801
84 989
269 958
1596 1678
662 1913
130 1631
616 1022
158 166
4 1490
55 775
260 1632
449 968
154 1394
562 1605
1247 1818
1063 1939
944 1597
1036 1297
755 1916
1590 1876
972 1688
1367 1974
1662 1752
1120 1320
1528 1630
367 680
1508 1741
487 741
12 247
1 1661
990 1648
481 1231
845 1006
685 1699
392 1613
688 1152
756 1380
1495 1653
657 747
649 1020
441 907
604 889
72 661
277 771
20 709
64 1170
1341 1841
1557 1576
97 1181
174 439
706 1877
11 1370
571 687
118 892
224 915
1431 1672
1330 1406
934 1795
1414 1485
1059 1907
661 1006
608 1262
779 902
339 577
292 1758
159 254
642 1499
1141 1213
1524 1562
523 994
1652 1704
1835 1942
36 1495
1227 1763
1082 1546
406 1632
5 777
1195 1417
451 1310
1198 1408
644 1195
77 607
653 1014
16 904
669 757
1506 1930
1008 1255
307 1583
525 1193
391 1077
356 1886
1179 1796
623 695
121 551
376 1712
470 1143
289 335
763 1283
181 1965
1073 1977
104 1634
597 1989
516 1096
1067 1463
195 1757
31 505
1369 1933
1619 1936
239 1668
596 784
82 833
1313 1390
360 364
1950 1953
1106 1951
1081 1427
100 1614
464 1817
129 1391
144 831
708 1558
41 715
458 1987
1113 1637
40 1121
398 819
133 574
499 1868
15 988
927 941
65 491
490 1360
710 1790
686 1570
768 921
321 1492
1429 1732
550 1750
606 1711
1432 1446
148 612
50 1517
1048 1236
149 1622
798 1370
208 1439
1212 1855
600 1682
64 1382
459 974
1409 1933
76 125
1124 1776
694 1199
737 1649
78 1609
729 1647
327 1343
1445 1656
44 1603
238 1318
1912 1917
359 1574
1516 1543
193 805
559 1708
804 1435
1142 1916
248 1035
424 1942
52 108
1490 1750
243 650
506 1514
577 1314
1051 1542
261 1808
277 746
229 1949
940 1363
1015 1673
866 1541
860 1372
1263 1958
841 1569
187 1031
242 1000
633 1052
385 1453
934 1393
56 1023
28 1562
93 157
122 1338
873 1065
455 579
1425 1487
240 1527
519 1497
387 732
464 947
407 1552
727 1708
182 885
632 1376
1737 1932
939 1304
1477 1829
290 1528
996 1975
257 1117
266 975
271 1269
848 1531
935 1494
1004 1997
857 1763
850 1879
897 1261
1130 1690
116 1816
352 1672
925 1741
1575 1956
824 1550
87 629
119 1530
882 1260
711 782
154 1828
644 721
658 954
197 206
1266 1687
1146 1522
450 831
509 1894
109 712
616 1664
557 1076
45 963
225 1445
526 1891
1147 1247
611 773
1710 1979
230 365
794 1416
53 1518
74 1729
39 2000
743 1621
707 1132
888 1929
1457 1915
1554 1684
361 1355
614 1990
165 1132
1911 1922
579 1968
640 1270
1053 1398
1298 1719
53 88
27 369
527 1623
1002 1834
236 1197
1951 1998
380 1934
849 1868
904 1846
667 1565
1764 1943
341 847
113 888
231 1948
726 1074
630 1345
160 1015
1425 1804
668 863
363 1516
310 995
749 1421
1365 1810
881 1783
87 1400
340 1024
618 1889
728 900
790 1360
798 1229
1157 1839
549 1027
350 372
1218 1285
1021 1153
920 1961
914 1706
1305 1859
1099 1610
346 1470
603 815
163 1308
1257 1887
253 906
389 1995
112 1319
449 591
210 1694
1076 1600
363 1151
1225 1395
1827 1900
1050 1378
652 668
1456 1674
1316 1441
683 1189
290 1005
697 1097
775 1946
57 1058
803 1464
112 1842
878 1761
457 608
988 1628
59 1287
279 418
307 998
1766 1953
259 908
692 1525
572 598
1733 1884
603 751
213 795
1385 1809
495 1832
1194 1273
1226 1944
278 1093
162 211
974 1187
787 1471
9 486
646 1796
95 1084
1184 1850
641 1174
721 1576
342 1712
568 986
1338 1782
994 1912
502 1694
1736 1980
1228 1550
912 1900
6 1160
1451 1608
591 742
465 1598
471 1136
476 837
311 872
980 1139
276 656
864 975
3 819
308 1901
537 909
781 1906
275 1778
758 971
83 435
556 1836
280 1821
1287 1458
262 1991
532 1440
381 1353
679 1327
295 1587
1450 1473
1875 1990
827 1318
471 1454
953 1558
141 1689
42 518
26 782
428 1466
457 1635
504 635
90 868
498 684
58 1255
332 1487
1552 1771
1654 1906
976 1646
1473 1955
102 114
233 1700
896 1369
434 772
108 918
325 1925
299 545
3 797
114 184
1038 1783
249 1293
161 1634
134 919
875 1720
43 554
818 1845
153 174
1046 1841
1057 1719
893 1010
137 635
198 935
298 615
397 1910
333 1904
1223 1273
165 1196
393 1620
1326 1707
24 772
136 1767
732 1070
1176 1969
815 1561
164 1753
531 1242
812 1629
437 1592
103 387
198 1608
1105 1859
302 1028
239 1474
871 1433
860 1250
378 694
903 1296
1013 1166
409 487
681 1629
177 624
520 1183
1053 1934
145 887
702 1191
75 1420
681 1793
456 492
300 1606
839 1222
441 1695
252 1157
427 895
914 1086
1698 1720
754 956
760 858
1033 1657
169 751
1116 1935
1087 1787
877 924
241 1365
676 1072
1170 1430
541 1812
1449 1605
1189 1256
1670 1973
558 1235
643 1358
880 1332
992 1535
335 1892
117 1970
1401 1647
1541 1984
274 1713
22 410
697 1349
200 1705
1014 1092
713 1408
315 1749
1725 1928
989 1396
272 1082
359 944
117 330
1037 1787
1094 1378
232 1755
272 306
364 778
219 573
461 1043
126 1607
303 1299
1118 1779
1283 1729
1101 1457
170 797
760 896
1008 1524
210 1372
544 913
964 1890
85 1177
1777 1893
1908 1924
93 1737
683 1519
1704 1747
81 385
1113 1928
192 1585
969 1523
834 1976
120 1722
142 409
1321 1809
1065 1910
1267 1759
1004 1140
843 932
101 1548
286 1716
83 1638
99 1543
1815 1890
951 1560
231 1960
407 1356
252 1675
13 1069
351 917
770 1832
985 1463
1186 1983
15 447
1240 1336
1444 1943
1388 1461
109 936
408 1056
1 1850
14 1566
37 173
1133 1864
2 589
326 836
263 317
655 1069
124 883
248 1167
1093 1108
1349 1488
1415 1924
22 1041
448 679
513 1570
285 1520
1064 1579
767 1837
383 1016
566 1090
32 626
1379 1746
817 1521
295 536
273 1484
1478 1820
722 1250
654 1751
1529 1666
488 1925
386 1421
861 1800
207 397
876 1471
483 1134
762 962
530 987
58 584
254 1339
168 1341
497 1271
993 1803
160 971
445 696
146 214
431 785
401 1559
111 1140
365 886
585 999
324 609
69 1883
796 1959
1245 1388
1601 1889
1506 1828
514 587
828 2000
424 1237
1198 1207
851 1291
218 1410
682 753
1102 1489
189 1321
718 741
553 1313
177 531
446 930
1644 1860
1299 1359
1180 1932
227 1051
21 166
518 744
47 724
1233 1851
1150 1356
180 1545
1063 1163
80 1209
1106 1192
141 1978
1075 1623
836 1502
207 1952
564 1863
1259 1374
190 1258
267 533
575 968
569 1282
81 1243
1175 1988
937 1244
639 1710
522 725
671 1079
38 822
212 764
926 1941
229 1359
262 1811
606 1726
841 923
802 1478
1024 1515
1526 1622
1434 1462
1103 1883
625 1747
805 1697
1118 1785
678 1354
610 1293
1324 1602
220 1351
1068 1871
966 1207
1027 1334
1120 1448
194 595
155 1226
942 1055
95 1604
351 1624
1279 1986
474 1880
593 1844
139 1029
528 1755
647 1045
789 1824
220 602
1034 1988
23 956
505 645
1390 1972
524 1742
134 1340
164 1179
105 1500
703 1150
546 1970
368 399
895 1327
1217 1678
720 1402
928 1294
1032 1493
1281 1414
396 937
402 1677
91 1363
383 1105
807 1723
404 479
1145 1581
1002 1111
823 1533
1651 1915
25 1121
322 1491
902 1389
88 1185
217 247
580 1154
377 1781
1324 1597
308 1326
1591 1880
1685 1870
543 1896
379 1553
1070 1905
754 1430
386 535
219 1399
1055 1219
7 1005
1386 1439
29 1714
419 530
982 1159
759 1122
510 967
279 377
1496 1565
440 611
68 1201
1592 1816
29 329
1091 1119
411 601
1058 1527
156 1242
1215 1232
227 890
442 1111
783 1083
560 1480
654 879
737 869
451 1253
978 1866
1177 1660
183 1071
7 592
317 1230
142 390
30 1685
268 374
258 1646
245 966
284 405
1134 1245
905 1081
1155 1251
539 1232
743 1205
1251 1331
443 1347
484 1972
525 1377
1383 1878
544 1919
984 1075
334 1373
1284 1982
244 916
663 1252
977 1593
444 445
1011 1869
151 1424
185 480
682 1728
394 1927
666 779
1131 1857
1586 1853
1059 1982
100 476
1375 1601
323 898
167 1538
998 1046
1401 1612
636 1164
575 983
46 1095
1337 1727
701 1228
338 1307
71 705
1589 1882
693 1574
1230 1583
430 664
996 1827
1210 1248
631 825
172 496
538 755
702 1769
899 1633
358 987
297 1149
415 1870
1899 1987
574 840
69 216
897 1813
1294 1491
454 1323
121 236
821 1977
859 1567
514 1301
98 1040
1718 1962
950 1926
1384 1919
1455 1989
96 371
1722 1811
957 1758
452 1679
639 1740
832 1960
429 1858
1853 1887
501 838
199 1183
1625 1884
1119 1366
973 1971
1203 1821
162 1039
310 796
33 628
18 809
314 669
502 1403
105 1085
1083 1126
304 1267
556 750
542 1423
180 955
28 647
33 1182
1483 1863
469 707
226 1162
1525 1805
230 389
701 1691
60 759
186 1675
1222 1745
478 1947
638 1917
1200 1519
204 610
444 1745
849 1865
224 973
338 1018
926 1861
204 412
375 899
786 1881
684 1840
412 789
352 1584
1593 1689
127 780
700 1041
384 1254
1196 1214
1084 1100
1658 1761
675 1639
60 462
460 1114
746 1346
1061 1666
41 1756
1446 1768
731 916
126 632
349 918
714 1663
1361 1612
122 946
380 943
1234 1600
1422 1627
288 1858
1164 1893
1026 1582
14 1609
289 950
715 1798
894 1155
68 191
1175 1723
195 1188
1663 1707
250 808
97 257
1122 1939
722 883
205 1357
1306 1553
213 1123
135 678
48 942
734 952
1114 1276
54 270
123 1785
945 1319
1499 1518
1613 1659
564 1848
1000 1066
1350 1699
1412 1724
34 718
479 1089
51 1362
266 710
587 1645
733 1202
864 1078
548 1262
21 1727
132 874
341 1435
511 925
197 631
801 1573
1092 1849
1161 1291
116 1352
720 1072
391 651
1534 1602
125 1696
372 1068
118 477
1124 1409
1109 1129
171 1826
148 1640
1881 1952
1549 1577
1110 1803
1351 1976
1450 1642
330 511
690 723
1752 1819
693 1444
519 850
964 1510
9 201
1209 1310
499 1789
73 425
764 1343
1282 1677
235 1532
1433 1665
57 1300
704 1509
832 1886
349 1125
520 1791
839 1079
32 509
570 1231
482 709
421 1702
468 634
1847 1996
642 665
221 680
1429 1878
911 1852
917 1144
1290 1718
727 1492
243 1546
305 784
157 1544
388 390
565 1292
201 1049
171 1364
613 1449
325 1017
1168 1754
484 1462
1701 1786
85 482
77 594
1438 1955
704 1540
1023 1820
485 1997
46 404
586 940
803 892
928 1728
765 1947
547 1325
1818 1940
355 1698
89 529
23 433
725 1139
576 1954
270 558
578 1218
413 1937
255 1135
1655 1902
322 1588
1489 1964
222 237
657 752
1062 1394
1740 1966
1016 1475
698 749
1190 1908
590 1261
1265 1610
331 835
1030 1214
811 1109
225 1465
955 1792
453 1985
802 906
205 1468
232 1049
1806 1903
421 1557
379 776
35 1256
311 496
222 1621
672 1133
719 753
147 1211
1097 1152
92 1784
1229 1549
830 1513
1411 1771
1398 1517
353 913
438 1860
293 716
276 1443
348 1537
769 1580
763 1862
1045 1266
963 1895
263 1077
1021 1636
156 717
182 816
398 1581
35 1091
360 1483
1312 1659
367 1789
529 1753
1345 1567
984 1537
590 786
1062 1371
1018 1159
506 880
250 778
915 1762
910 980
1007 1834
258 585
981 1087
542 1852
847 1144
251 313
347 1475
264 1560
127 366
1709 1992
193 599
1447 1967
292 503
747 945
423 1715
672 1963
794 1669
1317 1467
970 1578
178 695
1071 1999
1793 1936
981 1234
1142 1892
1476 1760
997 1309
200 378
65 1434
1288 1328
768 1948
501 1042
730 1802
651 1522
868 999
56 1563
345 1618
650 845
1269 1312
617 660
1344 1668
1289 1671
489 1303
627 1180
1416 1981
1529 1950
1181 1316
150 736
687 1265
340 493
495 949
711 1638
216 516
852 1292
10 791
855 1555
478 652
1215 1735
59 508
552 1688
628 901
169 315
549 1127
823 1039
560 827
739 1090
791 1768
714 1568
762 1264
1381 1831
1208 1730
708 1391
1057 1760
358 1738
1244 1454
285 1329
933 958
2 44
140 454
432 1163
124 237
614 1200
319 1505
246 870
217 1373
670 1295
328 1028
692 1653
626 1355
554 1380
158 1664
752 1920
395 1617
320 1399
52 1158
1178 1330
1137 1788
369 691
144 1165
675 1797
355 1044
523 1308
1418 1577
826 961
808 1061
947 1684
299 593
1731 1861
416 1713
534 1339
634 1808
314 1856
1616 1693
13 102
20 1611
924 1797
862 1847
1088 1873
1914 1963
1423 1691
1357 1656
620 1515
440 1682
1867 1962
296 813
135 1616
830 1891
876 1806
37 110
491 1715
588 1674
196 1469
1734 1846
27 976
120 844
437 461
1371 1661
605 729
1368 1460
909 1216
667 1286
1125 1780
948 1246
430 1277
972 1397
567 1743
55 1898
422 548
1099 1275
719 1332
773 1971
192 977
927 1393
1333 1512
589 1259
1110 1765
504 1402
291 1149
316 1328
1088 1305
1284 1909
766 1123
405 1640
673 1012
107 1733
696 1831
659 1278
318 938
453 1137
1047 1826
370 761
799 1626
1366 1498
337 344
103 954
1224 1455
829 1926
54 1746
571 1644
400 1898
1894 1996
146 1115
78 515
280 1089
1236 1579
889 891
373 410
986 1840
561 1864
601 785
1673 1686
1869 1914
1145 1692
223 788
1358 1824
187 456
12 1420
646 1151
339 790
253 891
1158 1986
521 1173
869 1235
1464 1748
255 1288
547 1589
1033 1127
152 329
1281 1514
1532 1885
645 1009
1216 1511
417 1991
1531 1606
172 1833
828 1415
1187 1603
1521 1594
455 1744
1459 1635
534 1013
513 730
842 1303
844 1542
871 1047
688 1201
1742 1843
596 1080
990 1539
526 1203
929 1967
89 155
1001 1807
1551 1594
66 1383
1428 1607
327 1946
1814 1921
480 700
