63 1953
24 25
30 53
16 28
20 36
34 51
33 52
3 11
9 35
28 52
52 54
22 51
33 46
2 45
35 43
4 48
4 35
2 7
26 59
21 35
21 43
9 58
37 63
7 26
17 32
7 11
34 56
6 54
18 62
33 44
15 52
50 53
17 46
12 42
9 31
9 11
35 47
1 13
21 42
26 43
2 24
27 35
5 39
6 9
1 51
16 46
6 62
18 34
59 63
22 62
22 53
14 39
49 55
25 44
35 56
7 21
23 36
19 61
1 5
23 47
32 34
21 53
25 28
18 45
30 42
41 59
1 58
9 36
5 59
5 51
8 57
9 37
5 23
8 35
31 58
5 7
31 45
30 34
1 63
10 30
38 40
16 59
12 16
11 23
41 42
25 57
13 45
23 59
51 56
9 19
15 30
22 50
13 44
12 56
52 60
37 45
25 54
51 52
5 58
46 61
13 40
33 35
12 47
31 56
34 57
35 44
2 46
24 54
32 36
11 26
19 48
5 50
43 60
8 24
50 54
30 38
1 7
26 50
58 63
17 27
25 27
4 61
11 47
16 32
13 41
25 48
11 42
31 52
7 12
43 53
12 50
5 12
14 45
40 49
29 44
24 39
14 63
31 51
11 18
2 44
6 51
25 51
4 21
16 57
37 56
45 57
9 17
33 58
14 46
1 41
6 47
8 50
9 59
27 58
27 50
37 38
13 39
7 50
10 60
17 54
3 61
7 63
11 51
4 54
38 60
40 44
29 48
43 55
10 48
13 14
21 37
40 45
44 47
46 59
17 41
27 51
16 48
33 38
34 49
18 53
3 18
49 58
6 59
9 44
8 38
12 28
39 56
29 63
3 60
20 40
14 59
15 33
16 42
54 59
18 38
52 58
25 45
20 46
16 56
26 49
24 46
32 47
7 8
35 46
27 32
18 24
24 59
41 57
30 54
57 62
12 38
27 33
16 49
40 59
22 61
3 5
9 16
4 49
7 58
2 62
28 47
10 63
29 38
46 62
29 58
20 35
11 55
49 53
1 31
27 34
27 44
13 51
21 40
42 43
14 21
41 63
8 55
21 22
4 39
6 20
31 34
10 22
11 17
17 36
27 62
29 46
43 61
15 60
29 36
14 53
21 44
33 40
28 44
9 55
30 45
19 31
11 57
8 54
1 37
10 18
24 41
17 44
17 57
45 48
51 61
29 56
55 57
26 42
32 49
23 38
10 28
54 56
1 49
6 15
45 55
49 60
23 53
3 12
28 40
31 32
8 61
19 41
25 47
10 14
38 61
43 63
8 37
15 43
2 12
15 24
29 45
8 28
16 35
18 57
4 41
10 26
55 63
11 50
53 59
53 56
4 14
36 57
48 63
34 53
3 16
29 39
5 43
3 54
3 15
32 40
8 41
12 52
8 48
2 28
4 26
33 51
22 34
16 23
11 44
26 45
7 45
6 61
28 60
13 24
9 20
31 59
42 45
33 62
9 48
30 57
11 30
10 39
43 54
1 43
16 25
2 11
57 59
23 37
16 38
4 57
18 52
27 59
22 41
45 47
15 16
25 32
49 63
11 61
12 43
12 18
20 34
1 62
37 39
33 57
7 37
39 62
13 19
51 59
24 28
40 43
2 49
6 25
38 62
1 15
9 14
25 42
44 51
7 61
8 43
55 56
34 43
22 48
28 48
8 22
16 54
50 60
7 10
4 60
15 34
16 51
14 27
3 28
13 63
11 27
12 32
13 26
11 32
14 40
3 37
46 57
19 29
21 39
49 57
37 43
7 62
53 63
14 37
33 45
46 56
3 55
38 39
23 26
39 60
6 18
19 50
37 44
4 46
45 62
3 10
5 8
32 62
6 32
11 29
21 30
15 38
24 37
2 29
11 37
37 61
42 55
42 61
53 57
13 49
7 34
28 31
15 40
30 58
7 57
12 37
11 36
20 61
3 23
48 53
14 35
14 48
17 51
48 50
15 48
20 31
41 58
44 49
42 53
11 41
17 18
2 41
43 44
16 58
46 53
34 63
29 41
5 9
29 62
19 52
31 35
43 56
17 60
28 45
37 62
36 44
3 51
7 22
17 38
7 27
47 53
17 47
16 17
10 16
40 47
33 55
5 26
9 43
16 20
11 53
32 46
25 56
5 30
35 50
31 38
4 58
37 54
20 25
19 47
9 12
50 62
14 62
5 45
50 57
14 31
21 46
13 61
32 63
15 53
13 62
1 44
25 49
44 55
6 41
31 63
15 41
15 23
16 26
17 43
18 36
30 62
15 32
5 47
6 36
43 52
43 58
51 57
2 36
6 55
36 59
21 57
21 52
6 11
52 57
4 12
11 25
11 13
40 50
36 42
21 49
2 22
5 33
11 59
43 62
2 20
49 62
12 19
15 55
13 38
18 35
6 40
21 27
49 52
29 53
41 55
1 48
6 44
9 33
20 43
20 37
19 37
10 59
9 18
19 30
51 60
3 39
53 62
26 57
47 50
22 38
40 53
44 61
21 45
3 62
1 11
41 45
32 60
6 45
18 42
12 29
35 57
34 40
11 33
34 48
33 37
3 48
17 48
17 25
7 49
21 31
12 58
32 56
22 46
53 54
7 56
31 49
38 54
4 47
26 56
11 48
15 56
15 54
9 42
21 23
26 55
13 25
38 44
5 15
5 21
25 38
44 46
18 25
25 41
8 36
9 23
1 40
23 57
47 60
24 36
2 51
11 54
7 36
44 63
18 39
14 47
15 17
3 57
13 46
5 10
16 60
38 51
20 59
4 27
15 31
54 62
9 54
4 22
43 51
14 41
18 47
15 18
13 53
5 19
3 32
12 51
5 40
42 46
3 41
38 47
26 39
18 63
33 36
20 32
7 47
31 44
31 40
12 26
25 29
2 5
12 48
20 49
22 54
19 54
3 44
21 24
16 30
20 24
1 10
33 34
5 56
33 39
35 53
40 42
4 15
17 28
17 50
28 43
19 28
42 56
12 39
24 55
30 36
3 63
23 32
8 31
14 29
27 54
12 35
56 62
35 63
13 31
13 33
7 19
42 59
10 37
27 41
9 34
24 61
21 55
16 41
42 60
15 29
2 14
2 25
23 51
5 41
8 11
14 23
6 30
8 23
4 13
44 60
46 55
24 30
39 45
35 41
8 60
12 24
25 63
41 49
36 58
7 25
19 24
19 63
15 27
20 38
37 40
27 36
11 63
18 54
6 56
12 55
28 33
10 23
3 56
16 50
35 42
4 18
18 32
62 63
14 34
1 14
45 58
29 49
25 26
27 46
11 35
4 38
18 20
12 14
24 34
28 34
56 57
20 51
48 55
31 41
3 38
21 41
26 58
36 45
36 54
7 54
34 37
31 48
37 60
36 56
42 54
23 52
5 54
33 53
18 59
12 21
12 46
23 54
14 56
32 53
7 17
32 57
17 42
6 27
46 63
39 42
22 23
11 16
13 17
1 27
31 50
60 62
7 31
1 53
52 56
4 24
18 55
14 24
17 33
39 48
14 51
5 18
32 37
15 42
15 46
22 59
10 15
7 43
16 31
49 51
8 17
7 44
48 56
43 50
5 35
14 17
20 30
6 37
30 35
36 51
29 61
1 28
20 60
11 19
31 57
3 25
6 52
28 61
18 43
16 24
22 25
48 60
34 38
18 58
53 60
19 46
35 58
14 58
23 56
7 33
20 23
13 57
31 33
16 22
17 35
36 48
7 38
29 42
30 50
10 34
39 61
33 61
20 27
9 45
40 57
1 9
56 63
39 46
2 61
11 34
1 24
36 47
26 34
8 53
55 59
38 46
22 39
31 43
46 60
29 31
17 59
13 16
8 34
9 26
9 25
3 58
3 8
8 46
34 55
41 51
30 56
9 46
23 41
9 47
28 39
30 46
4 45
27 37
35 49
3 53
22 49
11 22
35 61
20 41
16 33
47 56
2 19
6 38
44 54
24 58
7 42
16 40
8 49
56 60
53 55
10 25
12 31
30 48
22 33
9 53
10 19
15 39
4 42
24 56
2 21
12 41
35 45
9 52
21 34
28 49
2 54
23 34
22 63
47 54
19 59
25 30
21 33
31 62
7 18
9 41
1 6
17 61
14 18
9 50
4 19
37 42
26 30
29 30
23 42
30 52
10 24
5 46
16 53
45 60
51 62
10 57
15 61
9 51
12 44
1 12
26 37
13 32
28 46
17 52
5 38
17 30
32 55
2 53
22 24
20 62
23 27
6 46
23 63
21 50
6 35
32 54
6 8
12 49
50 55
22 44
31 61
11 49
5 32
16 52
13 47
11 52
5 20
28 41
45 59
34 59
38 58
10 41
29 40
3 7
2 56
38 63
49 54
18 29
18 37
2 38
34 61
39 41
51 53
10 42
14 32
31 47
10 45
10 31
27 48
19 35
40 48
1 42
36 53
49 59
32 45
15 58
5 49
35 52
13 36
36 55
36 37
5 60
12 34
2 42
36 46
41 54
17 56
18 61
13 59
28 30
4 28
8 62
38 55
19 38
5 14
2 55
14 61
42 50
16 36
24 42
25 35
8 63
32 51
41 56
10 21
1 61
39 59
15 19
6 53
23 60
38 50
16 55
30 60
23 24
11 62
38 45
12 57
7 29
3 4
5 57
5 61
5 22
48 59
4 53
39 54
48 49
38 43
3 22
39 51
12 27
5 34
23 62
34 36
34 35
41 44
6 43
12 53
46 47
44 48
57 60
22 37
2 48
39 40
39 50
29 59
9 63
22 42
28 36
2 18
27 45
24 63
7 13
31 37
41 53
24 47
40 41
17 53
38 56
3 29
50 56
9 10
3 52
45 51
27 60
32 33
18 50
15 22
7 46
21 28
15 28
31 42
39 57
5 11
21 51
37 58
1 29
30 63
17 37
22 26
54 57
1 39
12 25
33 47
48 54
35 36
25 59
42 48
26 40
5 37
34 41
7 14
27 63
7 23
13 35
12 61
47 52
20 57
14 44
2 59
28 54
17 63
58 60
52 63
3 6
10 12
40 58
13 29
2 39
26 38
3 42
18 51
14 52
17 29
18 28
2 31
1 25
33 54
10 13
4 56
1 18
14 36
9 60
57 63
57 61
46 51
35 37
24 53
19 25
31 36
11 15
9 40
19 23
50 52
2 26
30 41
35 48
26 51
8 30
19 32
6 13
39 53
44 50
10 46
23 25
3 59
18 46
17 34
42 44
39 58
29 35
61 63
26 54
11 21
8 32
32 52
29 37
22 32
19 51
8 25
34 42
34 60
22 55
6 21
6 48
41 46
9 29
26 41
9 22
33 42
26 29
15 25
36 40
33 50
11 38
42 62
6 29
25 62
3 47
22 28
4 62
1 46
28 35
8 59
3 33
45 54
15 44
13 20
5 25
22 47
29 34
18 40
27 57
47 48
38 59
10 27
1 34
1 19
11 56
37 48
1 23
23 55
20 26
19 43
30 37
40 54
24 49
25 37
23 61
34 58
20 42
16 45
8 52
15 59
48 57
5 31
2 34
8 20
33 48
18 30
8 27
18 21
37 59
4 44
33 60
29 54
12 15
41 61
44 56
27 39
20 54
3 31
8 58
15 49
33 56
40 63
45 50
24 33
5 42
35 55
35 62
4 52
17 22
39 44
35 38
37 50
4 8
9 15
3 40
6 12
15 20
16 34
26 63
8 33
38 48
14 20
30 39
52 59
16 21
25 36
24 52
7 30
23 43
6 39
7 39
19 20
10 47
39 55
16 47
2 47
46 50
43 48
48 52
38 41
34 45
30 49
26 46
32 48
5 6
42 49
22 35
17 21
14 16
3 9
1 4
10 54
11 40
1 17
9 57
25 50
7 60
28 50
34 39
4 16
22 60
33 63
19 34
25 58
15 26
9 62
15 21
11 12
26 36
23 39
32 50
24 51
13 42
24 31
11 45
36 41
5 17
32 59
25 31
47 62
4 63
5 24
24 44
21 60
9 27
15 35
33 41
49 50
24 38
51 54
42 47
25 40
47 57
12 63
18 31
19 60
10 58
22 36
13 21
44 57
60 61
28 62
26 48
1 8
15 37
32 43
44 58
37 51
13 60
40 61
3 50
10 32
1 38
20 29
18 33
55 58
38 52
20 53
4 51
11 43
18 26
2 6
25 55
26 28
1 56
5 28
28 56
37 52
41 47
8 44
2 50
9 13
17 45
5 27
10 35
27 47
47 59
4 17
6 28
13 54
10 52
22 30
16 62
25 46
1 50
8 18
48 51
43 57
13 34
56 61
8 47
10 49
1 2
11 39
8 9
6 58
2 57
52 61
41 48
5 62
59 60
20 55
30 44
32 58
6 50
32 42
10 38
27 53
50 58
5 13
51 55
12 40
6 31
7 15
6 23
8 16
2 16
31 60
23 50
1 59
30 59
22 45
42 52
2 13
14 50
25 60
12 17
13 37
14 33
2 32
1 60
16 19
13 43
54 58
51 58
8 21
46 58
30 31
10 17
1 35
5 16
23 35
44 53
1 21
5 63
23 46
40 51
3 34
24 43
17 19
30 61
8 14
21 25
37 55
12 62
7 53
7 41
17 62
16 39
40 60
42 57
31 55
34 54
37 53
9 56
37 57
11 28
42 63
52 55
7 55
6 19
14 54
23 30
38 49
24 57
37 49
40 46
4 23
15 36
15 50
11 20
1 32
11 24
35 51
21 47
2 37
28 32
50 59
22 40
17 24
9 49
20 44
1 16
21 29
34 44
23 33
16 43
19 57
29 32
3 14
19 56
10 11
49 56
41 43
8 19
36 50
7 40
10 61
20 63
20 56
2 17
8 10
4 29
20 58
10 44
48 61
55 60
10 33
28 42
10 62
44 52
30 33
7 48
23 40
1 52
34 62
2 30
35 54
3 46
13 22
29 55
13 30
45 46
3 19
18 49
42 51
20 48
6 22
32 35
25 61
29 33
2 58
18 22
23 58
48 58
21 38
30 55
23 28
16 18
36 62
4 37
29 57
19 27
29 52
16 37
17 55
1 45
17 26
46 48
14 43
21 61
27 49
5 53
21 48
26 62
14 49
6 7
38 42
46 49
18 56
1 54
45 61
24 62
53 58
4 9
21 36
27 38
24 60
45 56
54 55
58 59
33 59
5 36
8 40
18 60
21 62
23 29
15 47
1 26
12 33
33 43
35 39
4 25
26 61
52 53
1 20
11 46
59 61
41 62
4 34
53 61
4 40
54 61
3 27
19 62
8 39
22 29
19 22
47 61
32 38
13 50
34 52
21 59
13 48
1 33
6 49
30 32
26 31
8 26
14 28
54 63
21 58
12 60
9 61
31 46
6 42
6 16
13 23
20 50
46 54
3 36
42 58
6 63
22 31
18 48
14 30
26 35
1 47
19 58
1 55
20 52
36 61
29 47
35 60
15 45
19 42
4 6
28 38
45 49
6 34
36 43
2 43
3 43
1 22
18 44
27 30
31 54
31 39
15 63
28 51
7 59
47 49
3 35
28 57
2 15
22 52
24 29
16 44
13 56
18 19
32 41
3 13
24 35
5 48
14 25
13 55
29 43
13 27
22 27
1 3
58 62
25 33
36 49
12 36
23 31
43 46
7 20
2 52
28 55
21 26
8 45
20 47
30 51
38 57
8 56
23 49
55 62
8 12
34 50
7 28
25 34
27 31
12 54
12 22
6 14
20 39
39 43
27 28
24 48
9 24
28 53
14 38
1 36
11 14
29 60
19 26
39 52
8 13
12 45
3 30
51 63
5 29
14 15
26 53
10 43
19 45
41 50
3 26
2 63
2 33
13 58
3 17
17 20
2 60
6 24
30 40
27 56
36 60
22 43
19 40
43 59
20 22
19 55
14 55
17 31
9 39
21 63
20 21
2 23
32 44
23 45
19 39
60 63
15 62
11 31
17 58
1 30
33 49
15 57
21 54
4 31
12 30
58 61
22 58
28 59
7 51
19 21
5 55
24 32
24 26
10 51
10 50
19 36
10 53
14 26
16 63
26 60
17 23
56 59
37 41
27 43
19 44
4 43
4 20
9 28
7 32
37 47
40 52
17 40
26 44
44 62
28 58
2 3
25 39
40 55
23 44
13 15
35 59
20 33
32 61
55 61
7 24
8 51
50 51
20 28
46 52
36 38
34 46
24 27
2 27
36 63
22 56
4 33
10 55
44 45
50 61
24 40
10 40
3 20
14 57
25 52
19 53
48 62
43 47
10 20
13 18
11 60
22 57
2 4
4 50
9 21
26 27
41 60
10 56
13 28
25 53
47 58
19 33
18 27
29 50
21 56
1 57
44 59
10 29
31 53
4 59
45 52
4 5
52 62
19 49
17 39
47 55
4 32
35 40
56 58
6 57
3 24
4 11
6 26
23 48
18 41
15 51
3 45
21 32
29 51
39 47
30 47
25 43
57 58
28 29
6 10
43 49
61 62
14 42
40 56
26 52
26 32
27 40
3 21
18 23
10 36
39 49
59 62
7 16
26 47
11 58
3 49
4 55
37 46
28 63
2 8
4 7
39 63
27 29
6 17
4 36
2 40
2 9
2 10
45 63
5 52
13 52
14 60
30 43
12 13
38 53
28 37
41 52
16 61
6 60
14 19
27 61
6 33
32 39
26 33
8 42
17 49
7 35
16 27
12 23
24 45
47 63
4 30
49 61
14 22
54 60
16 29
7 9
27 55
50 63
43 45
8 29
9 30
12 59
2 35
8 15
45 53
4 10
47 51
5 44
27 52
34 47
12 20
9 38
24 50
27 42
9 32
36 39
7 52
40 62
20 45
36 52
