743 1798
235 488
105 586
91 424
100 313
270 447
15 683
21 552
65 634
296 561
642 722
49 140
125 380
125 433
410 545
469 521
151 264
49 672
301 393
12 118
253 446
468 603
86 296
322 568
115 589
420 540
379 426
516 700
96 332
86 334
440 597
497 669
247 686
486 492
157 461
153 485
688 711
418 726
39 476
295 469
208 384
144 485
287 665
376 706
111 474
425 692
8 203
464 694
323 396
119 623
6 695
5 12
249 281
51 121
478 628
382 672
242 382
294 548
193 738
542 575
369 615
251 386
334 515
229 438
607 640
421 432
158 349
357 441
114 530
254 738
8 293
331 664
582 614
241 585
299 689
6 317
474 533
297 407
460 618
95 336
360 729
89 228
228 367
154 256
143 592
19 244
407 475
120 458
179 304
369 463
429 572
153 431
351 562
65 591
22 647
469 712
65 311
576 614
24 599
10 577
196 641
405 574
142 443
680 683
201 507
538 541
552 593
100 573
83 550
51 202
101 640
108 617
116 562
110 707
395 469
143 468
52 524
551 711
3 425
254 650
143 311
535 726
332 637
108 149
627 634
436 470
304 521
518 617
51 653
99 570
347 501
353 530
84 140
138 545
216 550
320 442
120 182
322 342
319 487
62 683
300 356
182 513
464 573
401 474
403 721
704 743
301 621
354 359
169 186
96 692
463 639
501 604
231 311
673 698
51 488
102 247
52 579
369 529
211 676
163 619
565 709
156 321
25 543
260 573
518 543
401 410
694 716
143 188
322 687
225 310
403 684
385 455
399 553
167 656
126 269
272 430
121 348
142 182
595 625
119 243
76 726
353 674
53 638
204 621
19 325
393 552
354 480
63 81
534 672
167 276
356 664
93 407
54 491
90 244
434 623
216 414
56 376
622 635
81 137
25 27
105 525
388 615
188 658
383 436
121 640
316 655
63 436
159 189
439 473
168 484
17 99
152 538
128 589
214 465
180 413
22 87
85 320
435 535
153 552
472 532
473 735
76 365
458 606
210 303
9 658
24 339
414 434
424 436
133 144
315 542
23 229
328 718
146 260
124 725
305 479
63 219
248 741
84 376
68 485
257 312
411 573
80 119
567 648
165 353
141 478
218 232
140 367
152 443
443 709
547 588
77 197
293 529
397 636
150 587
562 623
134 662
70 130
306 699
209 734
377 704
185 619
80 159
43 203
43 253
278 724
73 547
300 355
245 526
308 661
618 633
28 375
577 672
57 527
16 158
401 539
726 730
584 672
354 533
620 727
48 589
70 713
515 660
282 462
294 641
296 630
439 648
502 671
237 730
220 733
492 741
69 562
29 670
134 286
453 591
38 355
384 420
478 482
30 604
303 581
653 657
173 628
307 438
101 574
501 552
41 152
114 469
311 370
366 513
518 579
118 289
435 555
282 468
32 165
421 449
267 659
402 724
606 632
9 600
48 420
334 419
670 714
92 482
367 470
669 713
200 680
137 195
258 688
452 468
225 332
59 408
112 516
198 351
88 563
707 718
277 514
38 227
44 603
45 431
485 728
214 555
65 401
497 556
648 662
396 512
87 225
551 659
28 222
8 300
144 677
469 708
305 356
413 545
585 706
694 719
50 647
82 153
292 691
152 243
14 92
123 200
324 628
48 273
550 568
351 420
276 601
30 425
103 590
216 511
580 591
134 573
258 657
158 726
8 639
406 587
233 723
63 614
375 496
490 573
361 640
144 529
396 467
89 290
141 144
368 716
52 361
132 569
384 500
248 301
316 701
276 460
278 695
585 690
291 361
449 685
480 500
116 530
107 691
72 128
369 648
271 704
47 235
195 530
515 543
258 647
449 508
307 597
366 559
83 641
241 415
355 427
203 539
214 528
431 524
166 179
266 393
584 615
336 445
352 586
152 322
594 633
166 590
193 623
83 591
29 577
514 683
181 411
499 522
349 391
322 573
5 322
14 582
120 286
92 259
51 548
655 718
293 555
433 663
79 365
106 496
99 152
38 170
40 257
314 563
277 434
480 611
8 719
121 387
37 719
289 326
254 585
60 493
533 671
71 530
75 126
198 328
567 660
92 539
254 668
266 695
581 609
306 389
116 137
644 732
443 647
181 685
51 369
119 625
52 141
170 350
402 583
73 587
276 558
181 252
405 490
49 407
325 463
106 262
48 733
515 647
381 554
60 491
213 420
407 650
625 629
327 683
414 614
161 527
275 368
106 303
411 674
635 666
596 663
249 268
342 475
39 700
42 624
97 630
244 635
200 401
300 604
191 477
48 680
103 743
4 716
172 685
153 743
386 726
271 392
194 295
581 733
293 601
466 662
463 594
348 454
253 537
310 548
290 542
139 309
60 601
580 639
152 622
411 463
381 407
55 253
114 713
173 356
12 224
30 254
250 409
351 502
135 370
256 319
61 629
198 501
549 678
102 124
240 311
225 345
44 136
366 423
510 553
34 187
444 593
308 412
94 430
32 502
211 356
17 632
336 498
78 530
309 717
185 419
134 175
12 702
4 443
58 248
347 426
408 463
145 301
239 317
549 733
135 203
168 599
223 624
195 498
220 488
76 602
265 360
34 653
524 699
688 737
162 302
396 702
33 424
236 688
56 623
291 371
261 698
424 538
210 616
450 715
467 718
308 665
217 367
140 441
424 475
605 613
87 438
290 334
569 714
191 663
473 734
60 565
211 249
169 727
230 694
206 488
161 437
311 565
164 513
328 614
100 376
507 520
50 628
257 418
443 460
215 740
102 550
526 570
388 686
432 715
50 215
1 95
187 558
222 428
206 624
317 496
312 442
617 700
210 503
193 232
250 447
52 432
160 473
39 586
172 421
86 695
198 430
148 211
21 270
56 460
311 454
475 484
465 614
55 77
266 738
597 736
91 134
251 510
339 524
3 128
408 487
349 535
354 646
45 483
198 220
508 707
51 228
308 330
225 542
239 653
474 640
1 674
97 287
285 355
8 492
607 617
80 239
290 419
287 537
78 190
446 581
47 588
569 734
151 158
528 723
666 725
322 526
5 629
86 408
482 646
466 606
58 617
4 580
404 702
293 738
451 514
553 660
49 662
20 703
340 557
195 667
75 417
423 516
178 443
480 689
82 663
237 406
269 426
181 725
457 580
609 698
341 435
435 589
268 629
387 659
36 563
24 437
366 736
308 481
121 163
474 671
608 633
197 430
13 676
232 455
121 693
239 719
150 442
65 406
148 569
191 476
102 634
231 485
237 604
198 691
252 566
649 681
41 219
58 106
500 534
266 605
125 630
641 646
580 712
414 544
593 635
36 131
309 496
6 506
94 391
80 222
190 310
16 685
358 672
50 385
231 662
50 654
574 682
185 464
12 243
212 413
46 106
45 300
73 518
1 247
161 297
639 667
268 383
386 570
58 553
173 642
348 379
502 665
346 525
451 587
143 617
219 619
101 444
336 645
537 611
478 623
177 399
68 445
174 208
371 451
258 491
369 689
594 630
200 598
517 630
32 589
96 509
45 316
441 529
559 636
274 329
313 363
111 172
422 710
393 396
265 378
159 452
71 252
290 386
416 525
321 362
159 727
572 741
16 239
198 678
362 717
99 301
569 642
24 107
23 635
117 472
134 235
318 605
437 503
324 603
403 604
39 713
21 367
32 582
169 282
264 436
384 466
15 276
146 301
163 607
393 463
362 591
18 338
117 368
141 581
429 600
401 614
326 526
209 723
123 509
48 686
223 252
9 461
6 574
295 718
211 455
267 620
276 574
125 710
526 712
292 445
219 236
347 632
72 361
29 221
217 721
14 642
354 575
222 502
227 545
314 740
486 733
320 518
64 208
281 470
375 647
102 690
94 657
20 242
433 636
539 742
93 223
288 714
331 626
115 155
454 548
163 555
167 610
141 288
449 505
146 240
33 243
404 731
96 664
450 453
66 148
208 463
298 432
265 566
62 451
74 160
323 675
102 604
10 641
54 526
114 686
456 458
189 289
110 631
113 443
391 625
72 165
190 623
456 465
30 65
260 395
67 730
140 458
402 406
235 260
283 741
612 635
52 236
339 568
240 458
561 566
244 311
361 626
39 184
394 514
626 700
2 38
135 534
556 603
345 608
98 448
536 673
10 521
371 436
181 469
462 704
297 689
190 625
312 592
595 680
4 85
210 509
453 695
162 330
312 691
278 666
361 740
47 488
237 681
278 305
26 88
275 672
195 219
481 604
95 508
345 411
176 741
181 237
448 603
12 91
6 110
308 490
376 629
116 661
143 344
199 739
350 478
280 345
80 403
270 362
73 474
73 144
79 487
168 738
541 617
289 735
45 615
357 463
98 158
301 634
115 305
289 564
500 655
26 593
256 574
488 531
302 710
558 572
82 740
408 625
56 641
585 685
351 463
82 102
357 557
6 36
147 649
38 348
143 314
159 187
44 313
661 727
286 408
46 517
441 453
477 568
481 529
412 726
117 409
442 496
321 604
171 227
388 529
7 494
276 658
3 341
90 281
37 494
99 728
460 512
85 157
93 697
624 696
164 462
305 717
353 548
375 657
285 561
438 574
178 435
144 692
357 563
184 347
376 467
160 354
158 382
196 389
715 716
174 400
261 401
103 466
212 421
14 646
506 591
124 605
211 533
57 194
335 657
3 562
351 435
419 656
278 570
59 189
336 558
293 471
226 623
484 731
9 533
57 650
104 518
123 241
276 550
201 733
311 410
488 557
98 657
40 71
23 686
34 648
32 640
466 666
91 457
307 571
304 569
39 285
375 495
436 549
392 427
539 622
39 693
55 294
23 174
113 402
701 721
382 726
128 195
169 288
239 326
45 516
389 587
33 625
175 467
390 577
146 364
95 560
331 467
504 615
415 536
313 636
206 608
117 166
443 573
295 599
620 730
194 522
87 740
208 667
45 366
37 339
5 421
47 305
10 614
390 582
391 581
604 614
190 221
221 284
104 245
15 18
2 346
410 482
129 515
227 445
238 627
317 334
56 626
421 551
459 535
43 615
81 719
441 451
86 718
182 414
531 547
276 738
49 250
382 678
523 628
303 413
50 632
244 618
348 716
261 509
293 607
253 582
211 237
257 294
69 664
121 438
132 212
72 194
520 627
204 575
669 692
419 634
62 246
357 638
15 653
337 579
348 480
5 564
207 614
120 729
72 538
354 676
367 493
495 695
69 386
354 522
339 608
139 147
167 434
162 623
248 452
39 558
311 731
426 519
116 408
34 706
640 668
108 579
491 660
28 686
148 414
116 522
209 230
317 574
662 679
106 666
111 636
113 550
44 327
322 552
588 660
583 707
452 633
267 298
300 430
222 348
345 687
315 602
66 576
457 662
405 598
546 717
106 672
27 111
99 199
12 605
165 706
519 710
20 660
85 675
408 610
302 625
231 463
392 632
656 706
15 722
156 487
227 335
637 711
236 553
30 612
300 549
426 481
372 617
626 726
475 616
120 208
458 683
179 210
53 230
248 378
480 502
377 457
200 435
61 355
281 478
473 742
244 306
413 624
185 200
501 640
11 385
380 737
421 664
592 649
499 640
184 715
671 709
320 662
487 525
229 339
282 466
70 731
524 638
372 613
92 283
106 502
130 390
55 136
198 339
18 388
87 377
391 461
163 431
602 647
80 303
392 659
450 502
102 447
259 436
257 376
596 613
566 670
200 685
282 304
185 614
55 476
580 667
229 292
109 494
241 734
302 699
374 733
250 307
371 581
322 657
285 439
244 273
6 493
136 337
251 662
181 450
159 626
210 741
72 234
71 588
538 683
431 606
100 671
123 354
437 585
576 627
7 449
57 228
413 424
331 680
74 633
599 674
28 318
217 722
239 705
422 660
24 45
493 687
184 650
84 324
134 648
298 311
363 528
360 722
302 649
163 489
19 572
204 693
440 684
46 294
100 440
150 602
393 414
81 534
232 246
284 580
107 270
198 451
496 592
23 654
251 727
60 350
124 624
164 545
41 125
242 303
391 694
4 379
183 244
175 435
289 569
92 588
476 563
253 711
205 423
176 649
183 600
374 492
340 679
117 561
222 684
42 438
434 583
578 668
77 293
439 679
541 648
165 389
341 585
314 681
283 335
226 651
35 526
256 670
151 458
252 489
376 655
678 723
180 447
207 477
269 540
10 741
48 685
387 467
145 246
296 566
333 395
91 155
243 570
387 595
267 658
356 697
305 364
212 645
169 328
648 703
211 429
234 464
190 319
121 433
97 586
374 692
179 630
366 397
97 261
192 414
65 493
46 365
599 677
248 565
275 671
216 324
607 686
261 268
64 117
182 632
160 324
175 544
133 519
324 456
38 363
154 288
163 666
277 675
288 353
407 512
27 330
180 599
52 237
63 575
452 607
103 386
161 422
222 683
476 621
31 150
403 480
235 505
498 636
335 554
349 588
207 372
93 409
55 506
67 173
350 661
87 187
354 370
172 204
154 170
166 507
435 645
293 300
105 669
37 633
491 601
10 637
315 691
118 398
595 714
571 662
29 246
412 472
36 140
499 735
348 389
330 675
706 708
210 687
578 588
14 652
57 617
635 684
41 538
67 153
593 631
52 281
92 202
108 357
213 659
36 512
25 299
307 357
580 657
491 701
373 475
237 297
173 208
23 455
441 634
289 636
281 694
241 617
42 442
426 458
375 605
708 729
541 737
414 692
11 97
629 677
147 517
205 592
369 652
421 658
152 499
246 294
178 697
154 497
348 534
284 316
68 214
460 560
410 481
172 193
88 321
73 187
404 580
299 663
496 582
20 666
61 334
387 520
3 188
175 226
142 632
111 246
225 260
8 243
66 234
570 719
36 540
247 576
376 514
179 288
20 145
461 707
393 645
431 576
231 320
214 512
606 662
117 533
480 594
196 615
23 557
264 530
283 509
274 435
148 454
268 303
665 689
196 288
147 320
184 293
428 526
97 651
52 672
489 588
95 275
509 574
24 617
344 420
227 491
434 518
63 323
277 357
11 558
232 679
240 257
424 733
149 336
391 413
88 254
217 661
208 239
467 567
301 715
254 532
291 570
426 665
60 675
584 728
48 181
26 237
126 545
32 79
137 283
223 494
71 104
95 246
103 289
180 534
419 488
13 406
228 312
439 529
107 710
575 596
212 228
478 577
269 362
516 726
387 606
245 341
548 551
189 476
176 657
540 655
354 455
95 221
201 271
37 482
358 369
118 659
497 673
278 533
74 611
573 619
36 743
336 394
63 606
103 278
464 476
190 684
58 94
241 532
15 143
240 732
86 528
200 641
286 480
294 415
138 341
388 730
47 441
3 525
101 599
162 560
35 71
216 502
287 388
558 575
218 311
103 624
244 689
30 679
73 452
371 491
146 246
364 678
12 519
281 501
166 552
161 571
444 602
43 590
578 734
382 449
52 591
3 169
235 451
143 701
352 502
339 453
283 308
526 528
5 391
525 689
231 552
14 530
303 572
510 682
24 738
92 303
624 737
264 355
84 492
147 169
383 574
267 475
504 606
575 590
185 698
2 511
590 591
557 597
141 455
28 390
49 268
219 409
236 676
185 634
528 667
402 617
473 627
133 680
229 672
8 716
592 642
251 615
58 497
388 631
598 641
468 612
70 216
262 386
10 444
67 458
175 725
173 274
360 525
185 707
228 649
141 708
501 566
455 469
291 663
558 581
71 612
50 391
497 631
258 371
60 403
7 98
117 504
77 330
120 411
344 370
80 276
271 398
297 630
210 615
87 331
11 662
8 395
137 507
27 282
387 513
76 230
517 710
318 364
269 686
124 637
360 572
301 548
75 122
181 225
155 281
80 191
148 525
107 547
476 584
75 350
379 671
417 718
149 639
600 719
308 705
258 530
199 691
421 615
259 274
192 558
166 330
94 218
505 559
79 236
121 362
197 723
247 429
182 389
435 685
289 737
593 608
200 690
425 466
170 177
359 432
254 611
140 257
249 505
429 440
203 391
73 74
344 612
186 442
158 283
416 572
327 713
284 589
34 97
657 738
318 631
7 58
290 507
534 670
52 230
290 564
332 403
251 626
79 291
291 381
472 742
600 651
49 161
51 115
35 233
419 485
42 583
248 434
180 322
363 671
222 609
44 396
121 540
621 635
463 740
136 649
72 430
32 94
403 463
706 718
460 556
