230 246
13 198
31 100
54 181
10 211
210 218
151 178
175 228
66 164
15 81
156 214
36 200
154 228
73 84
57 210
127 144
81 167
131 154
40 143
86 157
48 58
208 230
164 230
4 132
22 159
67 138
63 78
171 184
69 121
51 209
9 38
111 167
65 75
18 217
120 146
35 186
165 204
119 225
163 223
143 144
76 80
95 148
155 170
91 151
45 96
41 107
61 116
112 161
144 189
25 65
23 53
99 200
3 52
41 68
28 166
103 155
155 160
156 205
203 212
106 167
39 74
128 135
156 161
22 58
123 216
11 16
3 100
123 184
33 159
179 227
52 189
30 183
36 224
14 209
29 223
12 80
56 178
46 192
126 187
58 75
44 102
183 188
134 160
32 205
112 225
55 221
109 222
106 165
127 142
7 187
22 145
110 176
118 129
21 149
128 192
24 124
21 29
156 163
126 146
17 190
132 158
74 80
27 126
42 59
14 73
17 33
71 214
157 191
13 26
8 158
12 206
121 215
154 170
34 193
20 56
87 184
70 82
1 209
76 148
72 146
18 64
122 179
31 184
92 115
105 152
101 114
34 188
90 191
114 150
66 68
42 147
30 92
182 212
9 173
171 195
79 202
49 93
47 196
2 176
38 60
51 162
48 181
47 89
57 229
22 115
59 69
94 120
177 195
97 201
97 104
85 145
85 95
124 169
37 102
77 119
25 35
49 174
197 207
155 185
122 182
46 220
89 125
5 203
1 224
70 229
129 205
62 197
43 140
62 117
144 201
150 227
184 207
10 96
43 146
27 78
141 211
84 118
82 219
116 193
91 138
28 204
6 172
55 184
53 54
110 221
40 177
71 83
5 215
6 218
2 178
7 108
20 137
135 144
168 216
67 136
175 198
152 153
60 144
72 190
23 184
93 222
24 153
64 108
22 169
8 185
117 131
99 205
50 113
61 206
144 186
26 184
37 66
98 213
111 219
39 208
104 196
19 90
16 32
88 126
44 140
113 134
83 213
94 107
142 168
154 220
4 106
88 226
106 194
133 172
45 69
87 173
77 167
109 202
69 149
98 182
103 166
69 133
15 147
141 167
63 162
19 58
11 226
50 194
136 154
86 144
137 174
79 125
