2000 1999
1552 1932
553 1152
1006 1967
606 1381
1549 1775
1283 1992
994 1000
367 1864
1047 1989
475 1284
1033 1688
827 1786
746 1018
651 756
73 1178
307 539
114 1924
653 667
693 1087
222 1656
241 1841
165 1725
433 476
66 1099
169 1490
609 1257
506 1108
691 1513
1111 1683
1044 1811
1107 1885
839 886
487 837
678 747
237 433
287 977
957 1171
1226 1309
487 1865
924 1257
290 340
1032 1108
1124 1251
275 967
1838 1975
697 1916
1258 1757
341 408
460 624
865 1502
467 986
1744 1873
1160 1798
309 1794
1110 1415
1132 1961
226 715
476 1454
305 1569
73 458
921 1258
821 1546
240 1420
552 655
1141 1681
98 1554
262 910
1419 1883
677 1948
814 1841
903 1233
89 1014
701 1162
894 949
1644 1845
112 460
222 1762
392 1828
112 1805
790 1298
892 1205
805 1896
499 913
55 683
647 793
153 659
1300 1698
718 885
420 1851
791 867
915 1414
1068 1495
482 1466
155 707
652 1779
1018 1220
537 1859
387 794
1292 1348
450 548
236 520
1623 1899
1553 1792
1280 1547
17 290
194 1625
677 1542
1221 1971
1846 1941
8 1601
304 1148
148 209
52 1302
738 1501
526 1129
42 1309
526 779
239 1970
67 306
599 1224
592 1598
1130 1500
1592 1716
146 472
617 1316
152 767
1206 1845
1660 1872
422 1545
1211 1654
1597 1974
1541 1688
361 1357
1471 1976
537 1584
905 1513
1065 1107
606 1059
1267 1886
1179 1615
413 1079
325 1339
10 1357
595 1271
182 735
503 1299
528 1331
1094 1189
98 1816
411 812
230 1853
95 1719
180 1015
833 1396
1222 1483
750 1530
294 1985
496 1835
1052 1593
1337 1960
1 758
175 1386
851 1026
326 1951
1296 1463
1168 1843
1271 1531
724 806
190 440
916 1363
370 745
1190 1628
111 920
213 340
471 863
465 1430
638 776
996 1657
955 1507
407 1529
725 1896
295 486
775 1805
7 1560
919 1770
805 811
191 834
790 803
792 1700
140 712
455 1034
847 957
260 1016
387 1053
240 1732
1019 1230
1317 1574
339 1422
625 1934
1232 1542
796 1713
496 1092
1499 1950
981 1611
485 538
221 1743
74 1996
1066 1904
1163 1848
55 103
434 596
242 1016
128 1826
1408 1604
349 996
248 641
6 30
357 676
964 1236
1545 1752
304 353
555 1100
1297 1343
1711 1889
1711 1852
644 787
140 1124
199 1863
1816 1835
603 1692
263 1549
424 871
1811 1949
269 1262
753 1667
1637 1990
390 1624
1227 1574
549 1095
158 860
673 922
1361 1738
221 1200
981 1553
79 1975
257 868
782 1690
1162 1174
280 1600
120 697
500 1373
150 292
9 1538
300 1930
85 1347
928 1709
505 1320
1618 1745
1651 1729
547 987
206 1726
37 1258
532 1877
1237 1349
1264 1847
302 800
52 601
26 691
1134 1643
646 1686
687 1116
1177 1955
953 1503
1367 1688
787 1076
334 1084
773 1768
271 1933
109 1813
1389 1418
102 104
258 932
542 1707
1609 1857
435 1931
954 1428
156 1276
636 1312
950 1122
1804 1946
962 1791
145 543
477 1793
828 1377
1218 1650
1494 1529
1631 1948
1353 1379
1358 1899
751 1655
19 1279
1637 1814
342 1780
662 1315
507 1695
581 1465
626 1571
1747 1969
1859 1922
76 1224
78 1563
427 698
211 1161
200 1740
82 256
348 590
237 1918
170 1576
431 1652
813 1277
717 1289
903 944
861 1621
245 1458
175 1524
1326 1634
307 1519
1274 1446
1578 1616
983 1902
46 888
1304 1751
334 1587
1066 1388
471 1245
646 1944
960 1082
343 1583
280 1364
432 1332
434 1955
29 1061
800 1764
54 570
324 903
619 1060
94 555
769 1174
1443 1660
857 1504
228 959
672 864
1164 1643
446 832
10 231
773 1114
580 1755
243 555
305 1420
355 1284
826 1718
232 1272
573 1971
1315 1548
68 405
1470 1487
503 1041
267 529
1589 1596
279 1268
965 1832
313 1344
633 836
58 949
374 982
750 1992
183 596
286 759
129 1871
551 1309
805 1169
162 509
95 451
296 1544
399 550
1464 1541
69 726
1179 1290
978 1042
291 1278
1133 1723
848 1661
111 689
767 1424
281 1399
797 1456
728 1356
178 1213
1626 1834
1115 1645
1009 1936
278 1433
1389 1953
1636 1917
1079 1694
459 1082
341 418
635 1659
28 564
1487 1677
1474 1508
1041 1473
310 700
320 1481
160 1426
509 1150
1136 1313
1096 1575
313 314
1136 1573
452 1261
25 525
371 770
216 553
54 1759
65 1415
169 1190
1155 1391
527 1872
656 1579
1071 1471
1235 1776
547 858
667 1508
989 1854
1291 1993
1090 1519
783 1422
1238 1634
40 1102
19 1783
972 1758
1334 1672
642 1586
1030 1760
803 1197
16 844
58 77
999 1991
997 1220
421 1808
788 986
609 1077
931 1284
179 1670
585 1435
98 321
101 1923
645 1409
93 760
887 1650
468 1359
699 1565
1519 1664
211 394
621 714
1234 1887
264 333
304 1883
753 827
279 754
134 1854
346 1238
793 1083
325 1908
1527 1836
737 1516
7 865
566 588
906 1042
134 1488
1526 1635
519 1505
877 1346
466 673
345 391
5 1803
650 1602
253 1638
664 1710
1222 1561
926 973
1132 1142
567 659
696 1179
1062 1693
85 1744
253 617
434 1451
48 1363
393 1600
583 1568
425 1214
1716 1871
556 1493
3 998
355 1113
78 1354
579 1073
1532 1774
1667 1977
445 1026
97 608
1125 1552
827 1964
431 784
68 108
830 1534
938 1440
809 1726
386 717
215 671
499 1500
1588 1849
458 1116
144 388
65 1824
860 1368
1313 1829
1265 1808
306 1754
1493 1748
1045 1430
860 879
1496 1854
780 1303
293 1944
406 1077
298 1976
850 1591
1648 1714
318 1529
658 1949
489 1564
623 1999
266 1875
576 1950
741 1118
254 1120
1501 1840
1395 1810
220 1881
115 956
86 1359
123 733
1401 1929
935 1050
835 1185
1342 1754
198 383
1204 1590
83 888
55 1044
326 859
891 1250
1289 1654
139 751
47 1163
336 424
163 1900
592 1741
1186 1766
1 435
440 928
781 1080
1115 1240
1365 1761
719 916
11 562
518 1244
1329 1605
1237 1731
823 1588
1603 1665
491 1907
27 800
1105 1877
1004 1397
1444 1691
283 1221
561 1050
1793 1994
807 1171
122 457
114 493
563 1846
1166 1212
1006 1065
10 464
1020 1174
437 1235
410 435
20 196
518 931
453 1911
83 403
496 1445
156 1600
122 1831
1329 1476
1463 1497
926 1876
1328 1574
1046 1559
1343 1972
1207 1671
1713 1742
1123 1642
398 1279
618 1966
154 462
189 1580
36 681
170 1689
791 1286
688 765
181 631
339 720
102 238
1255 1717
343 1266
1435 1540
33 786
378 1199
288 1649
363 1725
268 1385
784 1467
659 991
1547 1862
302 523
321 595
457 1411
1013 1605
853 1909
352 1151
93 925
1551 1693
72 1005
430 901
594 1527
491 1099
263 500
577 1940
1530 1649
911 1399
1029 1326
105 1082
176 1070
682 1468
278 1733
495 1676
540 1780
821 963
1175 1740
325 1031
20 1550
1235 1333
1203 1701
283 1391
1185 1763
597 1937
1606 1701
1365 1833
469 1636
1002 1069
820 1779
334 1411
841 1609
733 1628
1145 1639
117 1831
219 721
356 1226
408 1337
266 855
1008 1341
258 478
1377 1981
537 1285
680 1665
1320 1747
34 346
144 1278
1936 1985
277 1195
737 1014
625 1617
624 1686
719 1489
857 1505
135 1995
913 1856
651 1983
1613 1831
624 1369
34 202
928 1771
1243 1733
31 828
558 1402
323 444
942 1274
762 1090
399 1295
808 1436
50 1850
512 1987
832 1669
602 1719
414 544
438 1291
554 1472
1017 1620
416 1864
6 1136
227 1510
206 1458
1321 1535
1356 1405
99 1063
730 1749
849 1758
124 1799
873 1699
345 1546
118 1149
201 1742
445 575
979 1457
149 1922
405 657
137 648
937 1765
1734 1820
1007 1461
266 1036
1708 1802
875 1675
1024 1720
848 1436
333 1281
718 1283
1612 1618
171 1352
1277 1925
10 818
767 1905
118 575
403 472
571 1734
69 1161
99 1679
358 1914
1125 1392
588 1819
1211 1350
540 1787
388 497
1375 1491
597 676
798 1224
599 1852
745 770
584 1599
505 685
1348 1656
693 1782
301 349
55 1595
861 917
14 533
17 288
915 1842
1194 1364
57 1832
580 1653
1558 1773
937 1461
1455 1622
167 1113
265 836
319 1253
67 1200
582 1327
1371 1659
107 1148
772 1483
571 892
351 377
299 1143
71 110
1138 1160
448 894
191 651
11 244
1146 1156
1191 1604
863 1233
117 687
412 651
940 1114
109 1746
368 379
628 1735
27 49
854 1325
689 1265
350 640
312 792
947 1276
1389 1637
1182 1291
63 1377
1286 1963
511 1483
930 1622
669 1589
250 1237
639 1950
698 1219
201 1891
690 1335
568 659
1655 1778
524 1853
195 338
1057 1672
971 1289
663 1941
3 454
467 1886
192 1678
1393 1556
846 929
619 1408
583 1703
572 1412
365 1624
47 1577
590 1119
674 785
884 1970
656 1767
185 467
530 878
75 109
382 1912
1311 1804
270 476
973 1437
252 1474
1380 1540
373 549
742 1371
1022 1389
675 1266
1717 1781
1880 1997
685 1085
157 467
130 1311
372 1755
926 1646
170 849
116 387
61 1736
897 1862
572 1025
714 1898
902 1809
593 957
795 1807
1827 1938
1441 1967
3 1968
79 1229
1351 1952
269 335
546 1960
247 1403
72 1135
372 1802
303 768
404 704
985 1694
1629 1784
595 1687
178 922
845 1986
91 187
703 1154
891 1962
184 979
1565 1788
126 228
1001 1270
1152 1208
1415 1421
25 1869
1282 1868
115 1690
755 989
1454 1624
1718 1943
166 1898
1472 1492
174 326
613 634
874 1021
729 1145
71 1840
133 1718
35 1274
761 1996
173 1009
1264 1959
12 1305
126 1416
27 771
870 1783
345 1879
1132 1378
1141 1651
523 1695
1131 1679
468 653
29 974
213 952
199 400
267 1765
1522 1892
1736 1957
782 1914
257 907
1716 1727
136 557
767 1995
542 1017
1109 1511
138 1226
417 1162
1387 1984
1353 1836
1005 1423
598 1045
842 1248
816 1526
272 812
1038 1552
41 617
285 1639
701 1696
292 1319
639 1272
227 1270
1478 1922
1204 1370
380 1782
695 1799
33 396
581 1477
1743 1916
705 1722
1593 1942
226 1273
1557 1608
4 1825
242 533
498 1003
97 1394
1088 1133
179 198
309 1184
1216 1668
1237 1910
32 867
608 1452
707 1633
843 912
375 1777
1344 1365
565 1671
908 1897
1312 1684
939 1137
420 1941
924 1104
332 1277
1560 1821
239 251
548 1243
195 672
1479 1911
51 534
580 1796
386 1939
724 1850
74 1674
135 1122
970 1912
308 561
1882 1937
605 967
690 1340
1039 1658
1055 1853
197 852
1295 1630
346 1928
303 461
59 1933
766 1400
918 1417
1064 1068
106 741
75 1456
1228 1779
649 1106
780 975
36 1705
694 870
791 1126
57 1373
155 257
202 449
1027 1720
439 886
38 301
541 654
738 1086
190 284
1311 1390
1890 1894
528 1409
510 1722
1403 1790
204 1415
15 1863
110 972
1408 1818
1566 1675
214 392
113 1308
311 1425
502 1966
160 248
80 1421
788 1982
799 1962
1167 1689
54 1316
242 1921
39 1808
21 1240
275 480
823 1474
787 1259
1075 1559
1671 1772
939 1487
22 1935
193 742
837 1133
531 1598
231 1327
29 1292
1135 1829
707 1502
1057 1314
360 941
950 1558
452 1252
494 1149
1310 1618
145 1139
722 1738
850 993
1250 1938
883 1191
137 1594
192 1525
442 1485
912 1260
398 1092
1448 1568
1282 1680
44 875
1213 1287
18 739
338 895
2 795
491 1456
1234 1246
1002 1394
260 1924
207 955
722 1794
497 1570
871 1181
593 1223
207 559
384 1300
1423 1740
1720 1878
311 1571
1440 1969
123 1845
220 1736
696 1797
1134 1606
992 1959
324 1984
1202 1887
459 1862
469 480
89 1495
1336 1750
186 945
300 539
15 1366
661 998
776 1903
423 1188
84 643
977 1647
846 1741
647 1672
104 330
165 1880
859 1659
860 1186
1489 1683
601 792
1414 1532
709 1723
163 1822
788 1567
335 923
808 1032
396 1140
536 1471
603 789
1722 1823
1086 1372
845 1098
1475 1733
379 1778
151 1785
478 1569
1043 1519
38 777
249 610
362 1209
838 1657
661 1256
1579 1947
319 1412
61 829
666 884
1426 1622
259 956
1249 1480
751 896
1012 1075
329 482
1685 1878
265 522
780 1616
347 1177
845 1217
143 1128
708 1986
410 970
1379 1919
197 1886
608 1685
584 636
482 1167
236 1745
708 1575
654 841
51 645
1182 1183
655 734
131 1550
1023 1067
1119 1947
483 1577
426 1270
18 1735
913 1455
1054 1096
1360 1801
666 700
802 1070
566 858
853 1568
312 1517
727 1489
203 1276
591 1364
1000 1002
621 1880
855 866
604 1740
60 1805
364 841
382 1581
602 1347
665 1804
194 1807
331 1883
490 1170
1555 1768
1442 1556
899 949
230 1837
218 1437
522 1465
396 1056
1885 1989
615 905
1571 1909
261 1877
250 1269
509 1710
698 1681
166 535
1321 1945
101 495
940 1260
1127 1820
152 545
383 640
497 1901
705 1708
4 1140
725 887
967 1696
406 857
731 1798
1413 1536
686 1219
245 327
404 729
77 1617
751 1476
322 1748
1447 1574
348 1590
217 1662
1040 1410
1121 1641
1017 1975
379 422
274 1501
648 1626
1239 1951
757 1712
371 1182
175 1157
1 1365
286 1596
6 674
1001 1246
320 1861
12 735
190 1763
148 1431
638 1958
385 1707
1187 1298
969 1810
828 975
535 1307
619 1101
893 1051
126 1999
746 1022
282 707
212 968
127 764
121 298
415 660
196 642
1008 1538
317 1548
779 1225
873 1724
1541 1663
142 854
614 1944
186 1594
22 1410
297 1978
254 1096
150 1591
594 1356
188 1163
612 1204
271 484
93 1351
205 775
22 1035
365 1627
711 1426
401 1545
1098 1870
235 1534
765 995
88 1860
1397 1510
463 1103
46 1382
1086 1237
47 1089
363 1577
320 1030
551 1058
1289 1920
607 1080
224 1857
620 1472
1777 1893
430 1966
1091 1556
239 1075
272 1730
322 1492
979 1799
525 951
861 1640
1462 1479
161 237
1801 1892
471 736
628 1845
541 658
486 900
683 1153
70 1610
566 1528
465 1281
611 1235
200 1241
32 1844
328 1605
474 1189
177 921
327 366
883 1819
1319 1400
493 1713
164 470
48 1635
187 1306
143 1180
1457 1769
44 1996
229 1313
1225 1467
618 681
1009 1382
498 504
671 1127
366 881
492 1914
297 1895
762 1352
415 1262
1254 1296
361 842
325 463
289 609
1308 1767
1383 1446
421 902
13 700
632 1561
54 850
308 316
1660 1728
1756 1985
125 731
992 1940
439 1956
545 568
893 1772
141 1307
176 893
716 1893
985 1821
740 1696
564 1800
1341 1866
171 1792
934 1710
882 1443
1245 1770
677 1795
728 900
481 1526
1325 1565
1737 1938
997 1052
223 362
485 629
1441 1793
765 1900
909 1874
167 1641
357 1888
168 660
613 1091
1256 1673
277 462
609 710
562 814
210 421
1253 1435
29 1074
970 1855
809 1582
50 521
337 690
521 1757
125 1254
250 1342
112 569
404 662
413 1073
989 1766
64 138
999 1029
955 1484
650 1826
732 1631
908 1994
1775 1828
770 1998
1164 1450
874 1123
66 1952
189 819
1047 1653
414 582
309 1522
720 1413
254 461
789 1877
848 1286
381 889
1678 1789
549 1882
94 824
764 1865
265 1028
120 584
1668 1714
1037 1203
181 556
884 1275
1399 1964
1247 1630
26 1035
91 1565
423 724
1282 1338
291 347
380 1979
429 1401
59 679
377 1360
90 1307
151 589
370 1490
1572 1724
153 752
323 1419
2 694
1746 1750
1027 1261
714 862
877 1156
1035 1147
798 1444
1062 1380
1081 1736
40 1884
921 1396
1019 1564
1300 1822
490 1388
262 462
105 1427
936 1402
225 1742
1076 1943
162 437
299 1165
8 1138
484 702
1240 1693
43 389
516 1917
552 600
350 1597
988 1398
116 456
470 1800
524 1868
544 1769
1026 1428
100 1432
1178 1557
64 1308
525 1125
1112 1229
1602 1785
441 1015
106 530
1305 1603
630 1426
615 1837
703 976
1080 1459
1500 1531
925 1404
1623 1874
1324 1873
3 1273
781 855
485 1535
1268 1864
914 1899
637 1358
212 1753
933 972
1121 1961
984 1173
369 1276
104 1516
810 1142
24 1144
965 1124
1197 1987
1723 1844
629 1646
455 670
1581 1804
491 869
984 1978
548 1506
881 885
923 1869
679 1790
377 1629
82 643
1429 1894
16 1791
1533 1880
876 1213
385 872
1401 1860
1201 1785
473 1087
1485 1980
13 1760
246 926
1586 1648
189 1355
1068 1884
207 1662
1293 1913
1097 1374
883 1460
1346 1570
507 1299
1210 1987
136 1083
799 1306
27 1974
336 1647
255 1996
1173 1398
28 180
1157 1812
1094 1434
432 1956
182 287
517 582
207 1697
1011 1874
968 1307
346 1482
775 1323
953 1417
1242 1837
606 1867
1333 1918
587 1596
764 1170
1345 1350
1434 1712
216 1671
1350 1642
801 1945
927 1841
631 1151
1131 1330
776 831
193 1668
429 829
402 636
45 1476
84 1699
1539 1830
354 1842
425 1149
1104 1705
680 927
1374 1444
405 1559
1112 1317
314 516
1011 1944
904 1032
450 1199
400 1421
1048 1428
825 1940
1319 1512
1021 1621
679 1176
768 835
18 1567
53 226
1181 1364
187 397
1172 1402
1340 1361
183 898
817 1400
1152 1375
774 1535
549 1977
649 732
527 1169
1739 1830
222 1093
343 786
1214 1904
982 1232
447 1478
947 1314
134 670
840 1660
907 1791
443 754
389 610
395 1706
1509 1545
192 1562
315 1115
386 1965
1499 1564
175 1830
1266 1752
188 766
1078 1878
168 838
530 1906
1431 1903
1857 1942
488 1618
1108 1827
442 942
1058 1168
352 378
1608 1897
461 1614
415 1362
360 1230
456 1787
1449 1919
276 703
164 449
757 882
249 1925
23 105
148 1578
344 1337
1109 1732
1892 1988
943 1438
833 1774
685 1515
794 1934
1067 1518
880 1464
540 1010
723 1760
1366 1390
107 620
303 743
1084 1236
1806 1945
839 1000
68 560
655 952
763 784
834 1789
119 1377
638 1227
1117 1649
411 716
574 1774
688 1592
550 1477
1139 1923
419 1295
1272 1919
197 1439
1191 1322
1189 1547
1071 1247
96 968
258 1980
441 652
586 1128
1572 1669
943 1525
482 1809
720 1721
285 1611
296 918
573 759
1566 1987
56 1212
52 1381
466 1212
24 211
1168 1413
208 1197
407 1556
1463 1706
876 1858
607 748
1332 1960
389 1073
92 1964
772 929
16 520
513 1422
395 1729
473 744
549 1198
65 1825
748 978
323 1927
385 928
74 1751
194 649
53 1881
842 1195
634 706
23 1983
95 1537
555 1404
712 802
726 1256
167 1406
205 268
152 778
186 238
1255 1830
333 1750
212 999
436 660
531 1422
938 1993
62 1233
557 747
1584 1870
132 1995
1480 1972
906 1437
1293 1638
299 876
68 1154
508 1261
82 172
1236 1999
44 1196
1097 1990
172 1040
247 391
431 1619
1263 1359
147 742
179 318
70 341
1425 1871
1318 1717
276 988
650 1453
297 1507
1212 1926
447 856
40 1894
1192 1913
683 1294
316 641
966 1327
1503 1658
545 684
343 948
28 87
1520 1883
273 467
95 392
234 1341
171 668
730 1985
1093 1223
142 912
969 1867
941 1343
1003 1605
362 1632
956 1385
416 747
1205 1891
510 1698
514 1891
486 682
431 983
1192 1368
528 744
1137 1318
804 1168
1563 1846
1256 1521
822 1623
452 1715
4 1973
233 1849
820 1004
853 1469
1399 1851
20 1288
742 1498
443 963
961 1503
1252 1304
1310 1387
416 515
702 1518
81 1437
1290 1582
1241 1462
1579 1815
1544 1930
552 889
299 1666
894 1218
359 1022
1061 1799
730 1376
616 1233
86 1129
1049 1214
958 1409
1045 1259
65 749
852 1817
1188 1911
290 1514
910 1487
409 555
1209 1555
982 1680
14 920
133 1473
946 1434
990 1775
1301 1684
787 1384
121 1632
943 1354
1037 1172
627 1171
1450 1927
1101 1358
1166 1979
146 898
1571 2000
632 1906
24 1684
413 980
235 455
824 1558
819 1428
832 1461
366 1215
1118 1676
1159 1870
1355 1645
1656 1702
1548 1601
428 476
189 815
430 1391
830 1847
1180 1703
1158 1534
669 1894
233 1666
358 1610
5 852
479 1019
119 1067
889 1432
518 519
266 1383
1063 1193
1370 1887
343 1954
696 1662
890 1665
1018 1486
934 1103
532 1940
1446 1839
9 1033
1017 1543
354 1376
633 1585
481 1468
721 987
713 1493
244 864
589 1111
685 1193
769 1491
1627 1951
1407 1944
486 1915
919 1902
1373 1607
586 1109
627 785
622 782
145 936
5 1860
813 1888
349 1523
1464 1932
1072 1489
1327 1704
692 750
376 1789
572 1550
634 1131
1146 1324
752 1626
1810 1812
1682 1800
810 1249
959 1153
159 1101
386 529
578 1778
100 935
504 721
342 1629
777 861
1692 1861
156 1231
633 671
338 1335
1339 1889
312 686
1658 1777
447 1187
51 128
278 1945
234 1730
