1820 1872
677 1254
114 163
1751 1815
532 1640
290 380
253 1429
174 1163
1005 1431
521 1324
37 1553
369 1764
658 1170
1456 1574
224 663
752 1460
128 441
831 1013
730 1583
500 983
374 1274
1394 1478
422 1223
1310 1632
1133 1508
914 1258
151 907
221 233
549 1374
342 895
1591 1699
1041 1273
231 747
1419 1701
123 1045
259 984
28 585
1103 1357
923 1673
253 1673
372 704
702 1131
386 532
1247 1556
1407 1560
823 1643
250 1054
540 1174
1052 1325
861 1199
564 712
1380 1449
876 1519
563 644
1574 1683
1112 1539
99 1708
649 1701
1057 1338
65 375
520 1221
573 1549
1161 1476
474 1470
1070 1442
155 328
355 979
555 626
1134 1693
930 1083
757 1722
815 960
1017 1315
1650 1789
325 759
222 903
158 1439
1082 1654
72 869
122 231
1495 1674
73 134
815 988
129 583
478 1470
185 913
768 1227
438 1410
106 141
901 1290
211 379
181 1392
1088 1629
758 1411
147 1211
270 1596
200 1351
4 1304
54 639
571 929
15 1179
275 492
742 1150
518 1323
771 1538
780 1046
17 229
600 733
407 1701
1020 1459
1656 1775
148 549
1056 1161
821 1580
366 1176
579 1319
790 1529
494 1518
717 1153
799 945
384 452
786 1218
20 1342
1215 1698
267 1049
807 873
694 1559
1059 1661
420 1649
1421 1509
284 560
95 1708
602 1521
223 666
724 770
1626 1807
604 1480
856 1633
901 1031
27 1149
339 718
121 467
210 1488
259 1182
52 1189
1006 1637
367 1820
143 1196
1085 1201
177 996
86 206
261 861
1002 1591
379 787
637 1216
915 1208
66 953
346 874
16 1093
736 1586
145 660
274 1413
1124 1337
88 732
632 1438
169 530
223 762
748 1106
440 1225
1379 1791
455 1383
100 878
762 1132
1512 1782
452 987
1326 1774
1141 1739
292 577
712 1001
235 444
902 932
428 1289
83 1701
1080 1607
742 1505
431 1181
293 790
62 1090
928 982
198 1121
423 639
1293 1492
398 604
207 1258
443 1391
421 1220
404 715
835 908
822 895
103 460
1170 1614
65 1801
172 640
1115 1444
264 356
553 823
796 846
700 1245
508 1431
9 867
502 1563
179 1809
488 945
876 1686
840 1687
25 1446
666 693
164 1670
1099 1371
68 530
296 1306
1459 1775
389 1430
661 826
1360 1692
1206 1816
261 741
79 491
53 478
277 651
1573 1604
112 755
498 1122
802 965
210 1034
399 1518
127 596
538 1722
839 1486
297 759
1194 1364
958 1080
105 183
1316 1355
889 1396
471 1191
912 1772
146 1044
1134 1143
627 1484
307 447
242 888
194 805
514 892
1193 1661
241 331
536 1672
401 1771
978 1213
21 458
61 328
602 1326
1185 1816
1246 1692
610 1435
45 1780
80 303
555 883
104 1673
350 1630
543 868
1082 1127
1248 1688
566 763
53 527
832 1564
694 886
628 1314
469 1147
327 518
900 1804
272 1417
559 573
836 1073
670 1272
849 1373
365 368
913 1451
978 1732
1270 1728
1608 1618
411 1310
877 1811
386 1714
415 1743
280 975
935 1543
776 1644
89 1625
11 141
309 1429
204 797
501 1060
241 719
173 1371
522 756
751 1748
24 1631
695 1499
131 1605
172 257
623 1155
601 1784
935 1399
642 1747
927 1740
575 1008
926 1236
193 709
157 1281
588 885
866 999
411 1394
572 587
434 1532
1241 1296
1038 1045
882 1187
1162 1531
89 176
161 1712
238 253
99 714
585 1782
226 954
1126 1544
260 288
1043 1664
340 1523
107 1124
457 1681
175 1398
1111 1626
523 1549
1115 1755
325 1151
976 1033
726 1270
232 252
855 1037
1050 1192
273 939
251 1333
11 207
430 1276
451 1543
743 959
237 1230
872 1541
341 1306
1012 1384
1185 1539
1545 1778
1367 1424
67 1278
253 1690
1320 1613
8 1423
390 534
698 1524
615 1792
11 1075
1247 1790
518 1094
198 456
725 1466
326 804
1113 1181
682 726
389 1493
1393 1681
879 1481
457 1154
190 430
1396 1533
562 701
547 1649
1472 1645
74 371
1042 1226
552 1197
857 1243
674 1620
596 1590
889 1489
1116 1293
487 1461
31 570
177 1733
1120 1339
268 1050
291 1458
1634 1678
907 1720
1598 1641
94 890
1140 1401
232 848
165 1437
462 1494
740 1761
763 1110
414 482
621 1557
1390 1745
122 653
162 1299
840 1743
321 541
714 1158
821 1658
744 1120
663 1000
322 1401
758 884
967 1766
1123 1422
578 1815
805 855
292 810
391 1234
299 1540
354 420
11 156
869 1407
722 1551
1043 1706
323 376
168 1344
1032 1544
872 1267
826 1635
785 1616
253 1738
1225 1632
5 821
46 1770
258 912
888 1065
132 1802
55 698
466 934
957 1368
38 167
846 903
813 1343
330 1095
1350 1797
617 772
390 952
298 916
985 1296
29 1550
566 597
246 1347
330 810
1200 1540
847 1324
414 933
152 1609
1044 1509
1495 1599
243 1072
253 862
609 1633
349 1302
944 1461
1283 1694
1098 1451
777 1447
352 667
237 586
1575 1677
928 1349
613 1128
641 786
581 1432
504 1809
794 1180
461 1381
723 1622
646 1480
1528 1796
628 828
152 1508
15 583
1137 1705
654 1400
220 536
111 1601
83 509
347 1457
428 565
339 1386
899 1207
98 381
1002 1479
181 1681
1021 1803
1135 1604
620 1601
820 1776
492 647
347 1121
838 1357
228 593
1046 1175
32 1568
645 1094
499 1144
214 276
550 741
257 1698
149 1514
47 456
124 1264
496 801
1420 1667
1215 1387
611 1612
1172 1195
350 1397
49 1716
730 1558
1277 1624
782 1256
66 724
361 971
1392 1469
678 1188
1623 1757
535 1039
745 1731
1109 1256
801 880
726 727
160 1517
966 1799
1149 1244
1100 1314
611 949
1288 1308
295 946
853 1668
483 1595
1165 1381
510 1795
426 1079
63 702
104 1099
315 419
64 649
408 695
615 1064
57 1730
170 1364
26 139
512 576
568 910
1670 1817
489 1442
582 1634
537 968
830 1472
605 660
633 662
835 977
605 1436
756 811
931 1041
858 1346
294 454
656 1132
131 1500
1171 1322
529 1579
1289 1477
76 1724
1449 1569
501 568
1174 1700
4 1191
1103 1745
58 1761
1006 1662
55 1690
392 1300
1169 1804
774 973
937 1008
169 842
165 1598
226 544
262 453
495 1136
551 1671
498 952
512 1261
531 1153
275 1666
1074 1301
70 234
717 734
490 1083
524 1754
466 1399
681 1100
44 1395
808 1658
866 1378
449 1168
441 1024
552 1086
1156 1758
439 1627
1503 1724
738 1717
1405 1732
303 426
41 814
213 1735
351 1369
1168 1184
719 807
12 1283
767 1228
342 1118
951 1434
1183 1818
551 1721
1106 1656
554 1327
1271 1274
96 262
1351 1759
14 519
745 1532
192 955
33 1593
1037 1259
107 1521
78 1112
724 1309
409 1513
1175 1525
690 1780
403 1490
43 73
208 1629
105 1620
319 854
1047 1108
49 289
474 1653
518 918
1067 1557
726 942
643 1065
582 1224
477 1619
86 798
120 778
735 738
246 1210
1412 1525
47 771
809 1000
1177 1592
321 998
133 827
72 367
1022 1081
612 1638
827 882
711 868
1221 1287
348 472
263 695
67 1257
334 1584
289 528
950 1255
77 140
825 847
672 916
285 1252
692 1462
783 967
1248 1370
230 601
374 1414
410 994
432 1679
713 1111
1127 1648
119 196
333 1645
278 1159
302 956
624 1550
306 1448
81 1248
164 1720
366 915
1222 1810
1277 1415
124 1242
121 632
1229 1425
215 1248
558 789
74 794
1191 1631
185 1014
127 651
778 905
1186 1367
557 1354
473 622
359 410
1406 1753
781 1406
1416 1448
310 335
667 1129
187 476
1020 1334
178 1125
956 1354
1059 1777
1015 1340
147 909
405 475
753 1530
1182 1567
1319 1385
369 442
765 1002
476 911
545 1415
413 1660
244 1016
155 863
110 1685
364 436
852 1076
1040 1061
288 1750
68 489
50 630
598 1485
39 1502
946 1353
917 1768
408 1460
1464 1651
1365 1764
479 1445
75 429
1423 1664
518 720
1092 1356
399 782
173 1595
896 1024
924 1335
332 1675
9 18
1203 1691
70 932
118 205
1188 1637
175 432
209 1376
109 338
1353 1512
1087 1144
619 1747
948 1726
1186 1454
267 1284
443 970
1220 1731
115 710
393 1496
1578 1687
989 1289
130 1538
614 671
961 1206
182 624
513 1802
685 1040
1057 1400
969 1527
914 1138
606 1425
318 1328
256 938
159 1096
804 1808
340 532
184 1003
85 779
135 939
375 703
1062 1814
338 626
1337 1646
649 917
202 1659
619 981
204 305
446 828
1085 1530
157 1265
217 278
116 484
514 636
43 1205
69 1374
30 591
287 1712
634 1363
360 614
79 1318
284 726
1086 1260
1279 1795
170 293
1017 1311
417 1305
450 675
388 1160
3 1116
1051 1172
400 485
817 1675
314 1609
75 76
434 920
1007 1047
955 1729
1432 1520
546 1773
16 792
283 770
333 902
898 1338
586 1095
1301 1464
980 1510
88 1597
671 1063
402 1227
100 1767
912 1290
608 881
1158 1727
947 1165
1013 1603
154 1582
378 1358
561 1554
87 216
1648 1671
271 1078
254 1677
488 1555
378 938
163 1625
48 174
190 1466
1077 1749
581 1313
516 668
818 1577
154 1325
314 542
468 1471
285 1668
1376 1602
418 1759
680 793
304 574
569 1011
38 1196
225 1343
3 962
112 282
1061 1603
981 1570
106 1587
547 1091
845 1027
1177 1237
728 986
1021 1696
463 1565
616 1058
166 629
896 1650
296 1746
247 1706
500 860
20 449
1375 1796
775 1631
158 1125
993 1373
117 540
705 1260
865 1452
151 1348
575 1813
1191 1806
84 865
776 1430
519 972
851 1308
1263 1786
345 1341
171 1657
20 1093
44 435
680 697
1053 1562
298 1239
272 618
511 1269
343 926
729 969
355 1321
424 1481
34 701
1551 1685
997 1794
35 556
17 1336
311 1066
189 1359
385 424
1032 1554
919 1101
228 709
29 1589
455 1011
327 1164
1490 1803
1482 1796
22 1814
859 1049
78 849
365 370
577 1575
513 725
769 1339
1273 1627
472 570
783 1402
230 493
751 829
1069 1097
249 480
137 529
407 1145
137 749
31 599
6 1735
612 760
677 1684
11 383
199 1241
711 906
1119 1275
894 977
323 1288
1302 1506
1051 1231
716 787
6 656
11 1216
493 678
299 1249
250 1578
1060 1266
875 1566
216 1571
335 1721
657 1004
130 427
837 1765
413 1269
1365 1602
156 668
437 1420
891 1344
1473 1715
101 1244
610 707
736 1162
287 1644
482 1478
1262 1369
484 1058
1028 1071
685 1455
640 1636
631 816
82 1484
1307 1561
503 1259
439 1576
310 812
202 1379
448 800
406 1552
506 554
497 1393
652 1219
661 1333
1311 1600
189 254
687 1233
825 1494
41 1689
1035 1243
670 750
1605 1662
1160 1223
144 462
370 623
1122 1728
1278 1536
1517 1565
968 1621
706 1785
1148 1793
997 1500
1009 1646
1599 1631
636 716
558 1736
523 1271
1063 1797
382 1474
97 1383
352 1312
590 948
263 537
14 255
995 1570
60 951
269 814
218 984
592 775
922 1527
180 795
1072 1372
1294 1710
358 912
833 1198
425 707
576 864
114 645
490 1317
929 1427
1349 1402
634 696
348 373
64 774
19 1475
995 1693
120 894
1294 1504
1087 1492
564 799
136 465
515 871
13 1067
247 316
753 1114
168 1489
982 994
572 1320
1107 1713
800 1198
541 1118
887 1029
279 447
329 603
1140 1817
58 1110
25 1329
255 1169
35 1209
1053 1552
203 1714
486 1793
781 1556
517 649
1232 1610
239 344
200 937
688 1358
402 708
1482 1756
1436 1569
676 1491
1485 1744
203 1218
622 1473
211 1341
10 1056
567 1334
862 1272
279 1681
691 1010
423 1453
396 690
188 1370
197 1686
143 318
617 1772
383 856
235 1055
1576 1689
218 1606
964 1197
625 1368
595 1386
791 817
281 705
973 1488
696 1617
535 1300
208 264
11 1537
294 989
460 729
398 1426
243 1741
1352 1468
1287 1405
142 1676
341 1788
281 1564
49 94
136 953
421 647
1018 1332
837 1725
597 1264
792 1695
990 1619
448 1647
1289 1501
1092 1496
8 1694
859 1238
1035 1819
245 1781
329 1794
1018 1441
224 681
510 1501
526 918
944 1669
471 1214
1234 1547
1588 1737
32 1770
845 1734
445 1167
193 1282
1252 1524
947 1398
784 1447
990 1642
980 1114
532 1192
887 965
543 673
793 979
1317 1618
592 767
194 248
48 750
684 1089
976 1652
331 1487
5 1638
273 1131
1157 1695
1081 1810
159 598
23 734
1295 1682
387 440
138 545
7 161
453 749
818 1800
900 1156
265 1048
1199 1443
625 1433
819 1589
579 963
1361 1676
437 591
269 1165
61 192
222 1450
1428 1435
427 1304
802 906
211 1737
404 1039
539 1226
842 1454
841 1515
710 1696
34 1165
1230 1705
1104 1653
1233 1767
13 971
150 1309
470 1483
470 1076
109 1725
85 806
940 1702
884 1203
153 962
1723 1756
69 1580
240 1395
361 1295
1285 1631
469 933
153 209
898 1146
560 594
436 746
199 1768
1250 1624
1113 1600
843 1384
852 1582
546 1757
464 1075
362 683
1098 1479
664 1042
1062 1779
217 1235
51 959
659 1610
948 1562
506 1388
188 1548
892 1457
425 1639
316 695
609 949
59 561
463 715
54 695
608 1505
1688 1784
631 766
533 1026
723 909
20 1787
101 682
1440 1623
487 1254
95 1141
56 446
1 1385
320 1593
757 1410
239 1522
258 1807
650 812
821 1765
1164 1812
517 1135
504 1427
363 1163
669 1416
737 1166
1418 1785
941 1029
858 1709
36 1251
505 1077
1030 1240
90 992
91 268
559 1315
1276 1733
595 821
354 499
117 1136
1323 1555
553 627
650 1681
780 1498
236 1592
664 1718
747 1760
1397 1474
953 1147
796 1173
853 1019
291 1585
382 779
458 1229
589 723
1219 1639
376 890
260 1195
179 480
282 473
1104 1292
688 953
201 1469
7 695
704 1709
986 1542
870 1214
435 1183
832 904
23 1628
422 1073
266 450
102 1089
743 1202
1210 1267
90 548
1342 1577
2 544
167 438
429 1666
186 1002
373 1657
721 1389
315 784
180 599
791 893
669 1734
748 1800
126 1253
1413 1707
531 1533
960 1280
220 1796
761 1651
358 1187
638 1581
1434 1791
205 1071
721 1779
1217 1289
769 1184
377 1208
113 1366
96 289
313 515
334 1727
1193 1749
126 479
1190 1414
282 394
508 1547
1004 1529
1355 1704
1117 1591
692 1818
277 761
1426 1453
301 860
433 877
495 1801
754 1331
403 1227
84 214
1178 1742
12 1647
940 1584
1350 1680
302 1250
1403 1774
642 1028
1711 1739
184 385
732 1152
740 1227
1659 1665
148 1204
1572 1744
1560 1587
723 1155
1180 1335
81 1253
563 919
765 1424
40 1778
133 1483
295 1003
764 1382
251 1154
343 1467
1548 1752
910 1291
27 1717
1245 1388
1202 1691
20 140
368 1391
212 324
56 280
1372 1507
637 1102
405 1573
353 1409
1298 1444
364 1487
417 816
10 415
831 1374
135 1361
675 936
319 1566
985 1074
974 980
821 1275
773 1268
483 1628
511 1034
195 1559
922 1159
525 1730
844 886
1486 1672
644 706
129 957
345 728
39 1419
571 1535
991 1819
1023 1030
353 1374
1476 1723
686 718
1084 1790
1064 1146
1189 1536
216 265
28 942
567 1336
1025 1468
996 1502
324 505
359 1052
674 1652
108 236
672 1019
372 785
974 1356
286 1171
379 1450
481 1606
387 1286
308 1545
249 311
1108 1726
150 286
839 920
283 777
360 526
212 673
1157 1748
57 533
1143 1412
1465 1798
1105 1129
1042 1586
119 1701
444 532
1002 1452
528 1261
110 1455
844 1526
1680 1813
697 834
300 1445
606 1090
649 1421
1418 1679
874 961
739 1684
580 881
1409 1783
60 1194
1 950
313 1345
142 676
461 904
138 1408
1280 1523
931 943
726 1437
848 1165
1145 1303
655 833
689 1463
1519 1798
921 1237
1069 1404
396 773
1300 1788
1292 1640
1233 1456
925 1537
419 525
744 1522
593 1417
739 1227
395 713
118 229
274 332
309 1236
861 1611
1130 1654
1016 1165
225 1611
171 1366
312 481
893 1117
630 1755
731 857
33 1033
317 803
1546 1740
21 1138
851 1281
1318 1340
1375 1441
308 1607
1594 1616
238 1769
699 1327
362 958
46 1542
326 1285
766 1123
991 1736
123 1359
1344 1713
854 891
336 486
206 1439
1005 1528
305 1268
45 607
970 1663
507 607
1284 1428
128 1014
393 754
40 808
1009 1499
1291 1437
1346 1571
391 1742
635 1643
534 733
635 1703
63 1783
562 587
521 1176
344 1613
1126 1583
875 1298
735 1137
584 1266
503 1332
1561 1660
548 1812
752 1711
459 1274
395 943
233 1152
1403 1678
768 966
144 764
557 1437
412 1248
371 475
871 1437
880 1531
132 1204
2 691
539 1535
234 1641
397 1054
62 1246
52 1262
454 1360
252 1630
388 445
843 1190
1224 1588
197 1068
788 1820
271 1520
1594 1669
934 1248
312 1313
406 1697
1347 1752
1636 1799
103 1682
911 1806
820 1655
1212 1746
356 1048
665 1330
1025 1763
227 822
1150 1173
665 1719
186 1498
409 992
213 1579
518 1209
297 988
829 834
160 1493
51 1811
1390 1716
300 983
1031 1563
613 1663
652 963
42 394
653 1257
381 1387
24 242
97 1510
178 1541
442 600
497 1700
507 589
1249 1513
594 1463
509 1760
1142 1233
1007 1321
113 162
649 1167
270 1068
102 219
379 975
349 720
1101 1766
491 921
1102 1282
377 1477
850 1307
22 1581
87 1330
125 1683
1312 1328
253 320
145 182
92 864
191 1655
240 304
1597 1612
134 526
75 746
125 1066
1331 1440
380 870
1015 1771
1362 1763
412 1777
1263 1558
306 1345
1389 1719
401 687
115 384
485 1010
1105 1622
737 1568
416 467
655 1255
289 795
699 1213
146 1239
18 1242
30 392
346 577
496 1422
703 1377
468 1070
1071 1475
824 1119
841 1534
464 1615
36 191
1079 1786
82 322
620 912
679 873
219 803
351 357
195 788
71 629
1036 1697
1211 1299
139 1443
524 1179
256 789
798 887
972 1232
924 1504
1096 1707
431 1614
301 584
290 580
641 1704
244 1078
867 1228
850 1279
93 1621
149 683
1465 1699
1567 1787
317 556
26 433
722 1012
527 1507
679 1635
166 684
402 954
830 838
183 1729
923 930
187 809
37 1617
797 927
502 1789
532 863
71 337
266 1091
621 1506
59 693
1240 1516
1055 1776
196 658
588 1433
42 418
516 616
1715 1762
565 1710
477 1027
811 1148
459 648
772 1758
522 998
336 1701
1596 1608
1205 1438
92 1128
282 1781
1363 1667
1107 1572
885 1796
397 465
879 1097
1217 1590
922 1352
941 1642
686 1130
1084 1378
357 1139
400 416
363 1251
98 643
760 1377
878 1305
1615 1741
590 1702
80 813
1036 1166
1703 1762
108 550
1526 1738
897 1514
91 221
50 908
700 708
1348 1462
1207 1212
111 1471
337 1235
1546 1718
657 925
538 1233
883 1178
116 1151
689 993
227 648
451 1408
276 964
724 1404
731 1751
578 821
1754 1805
245 574
569 1534
1038 1515
633 1674
215 542
1303 1491
1133 1265
646 899
618 1467
19 659
201 1805
638 662
1227 1753
1446 1808
520 755
49 603
1142 1411
999 1088
1026 1201
806 1022
494 1023
1382 1769
77 1222
1001 1380
836 1316
987 1329
897 1503
1516 1792
307 1458
1042 1550
93 1553
176 1750
248 1585
824 1286
1200 1362
819 1231
727 936
1322 1773
