1696 1712
406 413
472 712
380 971
1559 1647
42 1687
673 1416
583 1061
1169 1369
1232 1570
1069 1649
947 1138
1163 1301
71 74
923 1195
699 1276
1183 1519
268 663
779 1210
232 581
240 636
703 997
599 1139
275 399
834 1094
365 434
57 803
539 1431
500 936
807 1209
415 1343
222 666
1068 1428
985 1053
579 1567
548 1048
725 1031
966 1562
1366 1499
778 781
643 1092
152 464
215 1153
740 1118
338 910
723 1082
1069 1159
52 609
103 1683
376 1023
667 779
150 821
480 786
309 1395
863 982
48 1324
974 975
1301 1553
843 1601
315 1027
51 729
224 1417
1529 1685
457 1044
751 984
180 706
90 1425
1391 1599
61 891
684 780
346 1268
133 159
135 1236
1178 1410
412 876
288 395
819 1409
401 1097
26 892
1339 1421
1206 1396
1339 1577
1645 1659
360 1588
91 1435
203 1407
885 1354
364 646
734 1608
197 791
459 898
274 656
450 901
30 1374
178 495
762 785
616 1347
473 571
598 1178
910 1229
174 700
703 1471
519 995
155 1604
1571 1585
1277 1671
58 1595
489 1141
1014 1351
630 817
593 1612
198 1531
120 1276
255 606
24 1607
355 1341
513 786
142 1080
731 1174
326 1397
998 1551
1104 1643
1001 1101
113 1136
365 1359
440 825
403 1456
1420 1678
1097 1415
893 1434
1079 1683
816 1204
305 1286
333 1538
595 1235
861 962
652 1340
520 809
591 648
682 1575
674 763
491 567
213 1012
818 1629
175 1358
892 1185
640 828
664 1485
782 1542
945 1657
854 1071
1089 1508
1248 1381
209 1624
662 1676
221 671
617 654
1017 1130
109 1381
250 1663
1658 1692
1403 1582
542 1416
629 1376
306 812
1400 1610
844 1348
99 1166
205 771
929 1173
124 369
1 632
220 1000
79 897
205 1465
327 525
181 871
1058 1271
59 1293
264 299
436 1092
1296 1443
591 932
358 445
537 1061
344 1029
263 720
839 1688
195 1354
934 1598
862 1460
425 1114
658 1094
798 1028
304 1606
499 604
192 595
811 1447
893 1454
720 1313
622 1566
206 1667
1427 1574
36 1542
498 741
280 1362
239 763
474 1502
314 874
420 1408
33 253
248 1007
45 1425
154 1198
1113 1495
518 697
908 1623
1086 1308
482 1561
93 1430
1409 1579
44 1550
226 388
802 1403
290 1401
232 854
1382 1455
580 681
678 1639
289 301
9 685
292 967
69 1133
1105 1329
267 774
866 1211
76 442
129 624
1069 1529
889 1313
488 1281
249 1297
902 1463
496 1627
173 332
1270 1412
229 269
174 1583
824 1426
915 1101
1249 1277
354 1274
295 1564
697 742
145 886
686 973
916 1580
139 147
96 1439
377 1089
75 820
54 127
709 753
842 1243
124 1236
690 850
167 292
570 1176
237 1337
211 1644
465 644
36 743
6 485
410 1189
980 1333
293 603
137 806
502 844
168 356
265 549
1029 1611
128 1319
392 845
357 1251
49 1402
144 1042
319 1303
1271 1492
84 238
139 451
565 1296
41 422
344 467
928 1196
274 345
1297 1415
316 1281
1372 1584
535 1047
635 1229
701 1533
39 692
63 328
428 1207
1291 1475
74 542
417 1662
289 1006
446 1066
1047 1168
165 967
1153 1219
649 830
260 1040
149 1493
317 1177
529 1616
167 1419
438 612
4 1603
46 1669
1214 1464
798 1192
138 877
195 845
423 1516
758 902
667 1000
1318 1696
463 1522
40 56
353 748
733 1186
555 1549
455 1467
162 1525
73 1022
444 578
1125 1151
1329 1653
2 281
947 992
775 1484
248 880
713 1654
391 434
416 871
389 742
478 1191
657 1413
400 613
566 1152
239 1501
1147 1199
35 1485
157 766
577 911
119 511
677 1087
259 1555
523 884
520 1486
164 404
843 1314
934 1527
3 702
1198 1488
794 858
203 485
243 370
29 1049
991 1652
102 321
995 1550
963 974
888 1481
394 1435
497 1561
100 1654
492 1315
169 262
184 429
484 723
1469 1514
402 818
177 933
84 605
165 572
461 522
266 882
383 679
1065 1337
86 814
129 768
979 1135
864 1202
255 1482
154 1596
614 1151
89 425
1120 1580
92 1242
545 1622
999 1368
199 678
1066 1178
1075 1662
373 1002
8 716
835 849
163 951
47 162
726 1126
320 1457
189 1068
480 1266
894 1179
721 881
1088 1255
18 97
391 906
1212 1437
733 953
417 1233
701 1318
592 1665
378 436
521 745
116 698
745 756
804 1275
640 1129
273 1304
808 1332
1040 1463
509 1199
1408 1687
1298 1340
576 1106
12 284
619 1383
68 705
227 1325
340 826
875 1280
260 735
523 890
563 967
739 1241
101 1212
895 1526
1155 1393
160 1102
928 1105
679 805
370 822
374 1125
118 1646
809 1046
386 1365
335 1413
764 1114
127 1074
1147 1317
128 428
398 1391
346 1311
160 1149
883 1474
409 909
1107 1680
708 1565
225 1076
633 1552
169 913
354 609
24 387
486 837
381 1567
221 1467
549 1350
10 1024
638 1622
682 1438
507 1615
252 1479
986 1164
8 267
126 1044
571 1342
231 1532
899 1243
385 564
95 544
126 790
801 1364
17 1144
1557 1568
119 1357
275 880
27 857
176 958
530 1291
176 768
14 228
98 1079
186 1635
201 240
925 1460
1251 1561
190 993
272 1681
594 760
547 1013
1078 1171
323 1160
1162 1464
1084 1400
215 865
60 101
235 387
89 1445
302 1327
791 1150
978 1263
604 1335
427 1657
1375 1390
349 1265
9 840
74 283
157 355
146 1323
58 196
372 847
770 1406
202 253
297 728
393 1267
112 1625
30 1568
105 118
1320 1493
143 339
121 1345
724 1510
1052 1088
612 1166
366 1620
1032 1634
350 1536
561 981
77 1473
282 881
1496 1532
851 1467
531 1638
513 1254
261 478
301 1331
1158 1488
752 1290
660 1195
458 538
546 1465
53 1064
65 551
540 1043
293 977
981 1545
787 850
304 1511
217 1043
930 1588
179 647
1589 1601
1309 1619
915 1210
339 1477
509 1164
832 1694
556 1682
916 1545
783 1344
552 620
266 580
722 1674
1075 1128
32 1111
1392 1661
309 1519
234 803
1009 1531
1220 1258
1231 1602
223 1561
1150 1289
1187 1190
694 1137
87 1322
1405 1652
241 1187
273 294
107 1534
867 1064
1015 1664
1014 1430
1036 1121
314 924
494 1543
792 1182
1232 1517
935 1594
433 1330
752 796
443 1269
398 692
125 695
565 927
796 885
686 838
325 1605
586 1284
75 810
339 1553
287 905
600 1642
688 1369
421 965
122 1273
541 1421
618 1384
980 1371
668 1306
372 1300
1569 1669
662 901
62 149
960 1666
964 1471
182 1223
142 773
552 1414
342 1293
1304 1579
37 1007
714 761
1326 1537
1048 1490
704 900
14 324
754 1453
1134 1149
364 1116
907 1508
184 456
675 1571
442 1140
271 722
1073 1104
804 1483
237 512
22 64
432 1357
1374 1640
134 860
577 1008
85 524
1033 1600
1360 1534
558 1584
74 356
1284 1355
719 734
137 969
403 1513
572 1158
704 1395
950 1317
1222 1521
43 895
868 977
62 1204
1218 1667
623 1444
1321 1366
554 998
337 652
264 1600
1524 1628
44 1679
343 1453
739 1328
342 396
1154 1305
585 1636
873 1426
621 1398
807 1202
186 805
1062 1692
525 1346
553 1314
477 801
1152 1387
649 856
725 773
357 717
1238 1272
51 1253
1323 1367
557 1040
684 760
65 529
179 1226
377 1288
291 511
80 88
557 1303
841 1648
103 508
966 1592
375 835
698 1178
853 1448
23 1625
1632 1646
822 1124
602 1300
484 953
382 1279
731 1171
508 1677
50 1380
941 942
521 772
710 1546
1054 1497
80 868
1365 1386
283 772
1069 1077
332 1181
431 1241
189 680
849 1538
67 979
439 1429
413 820
673 1327
29 396
672 1071
1209 1363
109 190
539 827
955 1445
712 830
853 1025
506 704
534 583
501 1523
156 1410
414 1500
15 825
964 1418
60 594
838 1433
92 1472
337 534
379 1379
666 691
650 668
257 1216
531 1234
637 1541
359 419
217 308
777 1115
829 1127
72 1373
744 987
10 438
48 1184
310 1278
402 1123
71 616
172 921
1383 1514
250 757
816 1509
747 1688
5 676
211 642
288 1482
829 1146
204 1438
946 1620
191 212
464 1181
965 1130
576 1076
1119 1316
918 1054
1110 1511
1006 1334
1260 1505
655 1480
43 333
451 550
206 1333
352 1566
200 1626
183 1350
1056 1135
544 708
373 466
20 247
245 1548
368 1052
920 1249
1422 1557
406 948
83 258
297 1077
424 1640
298 811
923 1492
194 233
426 562
412 1169
665 1619
20 1189
575 908
865 878
1115 1487
138 564
1038 1133
220 1475
242 1389
1261 1295
123 230
683 855
271 362
358 1384
945 1062
639 1583
25 570
334 1539
780 1539
696 1325
782 1474
1270 1639
246 1252
952 958
4 123
285 1285
793 1563
1046 1349
459 1367
558 1398
876 1458
647 1060
311 415
311 1004
161 1180
608 1108
1162 1483
224 1380
971 1479
724 803
336 625
1121 1489
96 833
67 468
904 1132
23 1441
39 589
352 837
626 948
502 621
390 1253
778 1257
1205 1578
384 1082
467 1227
17 1131
826 836
832 1156
287 448
741 1020
900 1496
252 1644
130 405
202 661
653 1127
299 706
759 1222
330 1353
914 1521
1026 1307
28 158
426 1039
156 543
918 1469
136 1095
1527 1679
188 1420
207 1570
430 611
851 1439
1587 1675
180 1254
883 1246
1156 1244
480 1397
1093 1142
196 870
674 1018
298 898
505 711
1072 1347
347 917
861 1320
64 193
230 973
296 960
785 1225
748 1116
797 1675
1259 1526
806 1292
916 1256
1048 1547
7 615
233 1362
1142 1505
757 1614
341 758
1248 1597
107 1388
1207 1503
602 1120
574 1446
730 1368
310 1090
348 1221
27 1643
244 291
329 641
610 871
192 771
282 1419
246 1016
131 561
813 1328
363 1057
455 596
1237 1581
313 821
1537 1677
37 1506
600 1522
407 422
654 1618
261 470
479 1645
1363 1593
1540 1651
503 606
208 300
1376 1663
538 599
140 1378
862 1504
749 1194
537 922
908 1144
52 152
400 635
4 1315
132 1051
624 1342
632 1259
1107 1324
832 1305
823 1023
7 66
875 1491
77 1609
877 1279
568 1085
750 1302
598 970
815 972
533 747
452 931
536 1476
112 1309
1005 1498
516 587
19 831
493 1188
336 1021
40 409
732 784
393 1117
952 1385
1196 1217
733 1480
687 718
433 656
31 1418
421 1594
994 1179
1099 1541
707 1686
466 886
1113 1668
954 1599
779 1458
709 1174
73 1282
1019 1373
728 766
1285 1572
173 802
940 1245
334 962
996 1579
1394 1411
38 882
1203 1505
492 1208
262 1057
867 1528
1308 1399
1213 1604
430 475
566 1155
1122 1647
462 710
183 1011
1143 1349
81 526
302 637
532 1218
1472 1502
75 726
241 714
968 1576
954 1623
674 1512
1513 1547
31 514
290 1443
677 1067
115 1290
319 1224
582 899
34 912
1143 1455
153 1098
3 113
431 1621
461 1157
675 1199
21 212
166 380
341 1316
1637 1670
454 783
717 812
1244 1549
1188 1526
28 218
256 738
490 935
322 688
751 1260
227 976
405 1165
63 587
342 762
32 1084
338 1341
325 1470
535 863
1146 1217
78 1695
1025 1163
944 1614
690 1128
148 1027
94 1255
1269 1499
79 441
368 909
819 1610
147 1238
996 1247
651 827
460 963
1012 1452
151 988
643 1002
512 869
214 792
1287 1684
859 1026
476 687
1055 1394
120 1072
1010 1626
1204 1462
856 956
1106 1572
435 719
607 1585
324 1031
848 1096
1365 1668
42 1641
219 1603
268 985
187 1282
1310 1375
47 761
1535 1582
456 1560
653 1694
46 1500
857 1595
384 711
366 815
658 795
424 1627
15 1424
181 1294
614 1034
1361 1422
388 1684
225 272
1145 1686
541 1406
619 1123
797 1115
874 1338
1235 1265
983 1093
1067 1429
82 522
562 817
153 746
664 1446
12 663
367 1434
477 550
110 704
303 727
588 1267
574 1186
970 1263
330 1161
560 810
97 373
1205 1554
243 1441
488 1459
278 1346
1617 1671
449 1691
636 1132
718 779
161 774
518 808
397 1431
921 961
982 1389
872 1083
1003 1673
486 1512
623 1370
926 1334
386 1613
1032 1312
1021 1573
376 1310
1543 1634
613 1154
573 1633
579 1050
187 1193
296 1298
236 1035
320 1345
1213 1226
567 1102
903 1651
163 371
1197 1552
1451 1489
277 1518
500 1466
555 860
469 738
451 1299
784 836
379 597
1509 1682
276 1574
361 852
141 490
226 855
547 1558
428 1361
244 651
286 1650
878 1224
1414 1593
435 911
56 1371
611 1660
839 1168
11 988
57 1440
270 1653
5 1589
1003 1632
331 1486
1219 1628
279 1558
942 1442
423 631
1122 1176
777 846
737 1491
104 1586
879 1083
1001 1642
1148 1617
133 596
78 1138
699 1136
597 1042
114 628
95 1436
193 1490
21 216
578 1534
143 1051
111 873
286 607
907 1621
1019 1577
504 735
1170 1343
994 1412
446 1494
136 593
87 1536
1204 1689
382 1377
85 448
351 1225
1478 1689
381 1018
38 326
642 1676
269 946
70 715
645 993
495 1081
53 1160
864 1468
610 1517
323 1272
81 1059
519 1540
990 1227
232 371
989 1424
335 1139
251 1137
931 1556
469 793
447 530
858 933
465 919
249 315
1009 1477
989 1661
590 1650
449 1180
1161 1473
1450 1693
987 1197
182 1016
908 1112
200 1591
16 50
316 720
1386 1672
131 568
526 622
1390 1590
800 1533
389 1454
696 1548
1081 1372
926 1258
125 489
814 1080
343 1605
1065 1468
373 501
285 1440
655 1678
122 543
913 1495
665 1266
645 1063
278 1510
170 390
11 110
378 1185
108 1312
244 1637
140 216
307 1503
790 872
494 1245
581 1635
443 891
94 1360
432 689
106 1470
1049 1528
408 1402
55 1379
6 676
342 1039
528 1359
194 1423
482 917
476 618
533 1535
280 305
950 1242
111 1167
35 185
620 1606
1175 1191
869 1396
245 475
440 1141
1099 1516
1024 1655
1393 1629
231 1352
1090 1205
49 1660
957 1030
716 938
659 1148
198 1091
487 884
992 1208
208 453
214 1633
328 1356
976 1095
753 1348
347 840
592 1247
951 1382
223 1287
418 1233
510 563
385 776
317 1037
308 1330
150 242
13 1530
247 582
201 1427
769 1655
693 1690
281 1200
236 759
806 1274
920 937
26 1288
1437 1450
83 86
504 627
978 1321
340 351
155 277
279 514
669 1674
116 1214
693 1034
949 1560
468 788
852 1250
1037 1319
318 457
158 1246
54 141
263 1569
1262 1336
170 601
932 1015
503 1165
969 1630
937 1462
560 1447
420 1240
919 1038
991 1200
744 1436
159 1370
134 1656
439 1299
1108 1444
615 671
1615 1624
1228 1670
318 705
451 949
754 1119
1063 1578
1030 1387
841 1261
61 767
659 1452
55 1010
515 866
416 1612
752 990
924 1129
559 944
397 1335
516 750
515 956
369 1183
657 1457
1280 1428
105 1392
108 419
997 1283
254 938
2 453
939 1215
589 1262
249 584
251 603
1230 1613
1283 1497
98 1055
41 1041
254 1559
936 959
527 1565
1096 1388
1 1086
1073 1487
727 1656
300 833
367 1103
471 1378
66 1631
437 1059
394 639
1074 1520
700 1332
799 889
601 1331
399 532
672 767
270 1432
1060 1648
1020 1461
228 736
1404 1449
462 1407
185 1515
16 1525
473 1523
483 729
670 732
584 1211
1190 1294
986 1449
474 694
897 941
34 736
219 418
1157 1658
88 770
1008 1215
1358 1587
641 1013
813 1385
1322 1608
1432 1685
353 1170
1194 1514
1515 1596
715 1035
1100 1630
573 1649
235 1586
627 1575
588 1058
1551 1696
49 1417
905 1579
348 605
943 1087
695 846
117 1257
1193 1478
429 1070
517 903
103 527
1118 1544
99 633
764 1159
437 626
608 1252
789 1456
441 1665
307 1172
551 1466
218 967
166 546
222 890
130 669
590 1481
1498 1611
828 1405
1056 1518
507 1631
411 1177
312 721
168 634
144 799
104 1250
454 1616
685 1264
331 1494
517 638
82 518
1203 1353
100 848
257 481
755 955
404 556
1011 1098
1220 1607
114 1673
452 730
755 975
746 1399
213 1618
207 781
1273 1636
628 870
209 1239
661 1576
769 1268
524 670
972 1306
1448 1555
25 1336
479 559
349 1459
407 1126
414 450
569 1172
70 115
405 629
69 831
45 1184
229 1356
313 1100
585 775
93 164
106 493
1103 1556
321 1433
472 756
540 634
707 1041
586 691
1504 1524
925 1526
502 1286
408 1216
178 445
135 1609
497 1401
258 914
968 1411
91 842
447 1045
470 1311
145 795
22 458
363 1666
794 1237
765 1681
322 1078
19 1112
410 999
361 789
359 1602
146 1050
823 1110
569 1053
204 375
259 683
1231 1240
648 984
362 553
1175 1326
148 345
294 1173
171 1641
879 1451
498 575
210 1590
102 943
13 295
171 1085
234 1295
210 1289
1256 1344
1546 1659
256 788
1201 1695
483 896
151 1562
1559 1581
740 930
117 1109
496 646
506 894
1592 1664
1307 1351
630 1442
1045 1423
188 743
383 1484
303 1182
329 957
1292 1476
906 1022
72 1404
276 1230
1239 1338
887 1591
1573 1597
327 1563
510 1134
1131 1544
1234 1501
617 1437
471 737
939 1278
929 1377
713 1506
191 1690
90 834
1070 1201
499 1302
1221 1264
1017 1124
787 1364
199 1140
871 1028
674 1117
59 776
904 922
491 505
68 1554
350 1036
306 824
481 1109
681 1520
847 940
172 545
392 912
444 487
212 1598
528 1693
177 644
132 238
859 1507
1241 1680
1461 1691
401 631
284 1004
927 1530
1145 1638
680 961
76 983
800 1228
548 896
650 689
197 1396
1091 1167
