561 572
290 330
81 158
158 166
501 548
387 482
54 121
521 535
106 397
263 466
230 520
332 400
55 374
182 209
138 219
154 506
494 510
45 346
190 421
290 383
56 361
123 157
380 538
345 525
225 318
82 356
40 340
245 451
420 520
470 556
279 347
95 102
333 378
71 76
12 513
19 109
260 325
93 277
19 353
407 514
88 325
80 413
7 59
280 523
372 441
8 95
50 429
223 373
240 474
30 403
42 84
49 302
442 443
88 532
98 469
13 246
64 125
111 531
132 155
72 254
174 229
53 540
196 206
300 465
59 524
222 406
389 496
116 541
14 135
253 360
151 508
97 510
75 257
122 376
125 297
51 313
167 337
148 519
173 175
21 458
414 473
143 326
265 328
195 207
425 437
156 368
61 129
240 261
126 200
494 517
197 533
59 212
167 285
143 359
28 493
363 373
316 326
310 381
266 348
264 377
10 208
246 471
251 560
349 461
232 268
197 375
4 145
194 487
43 383
80 294
153 366
89 111
286 391
191 412
234 322
295 309
379 438
414 490
142 202
141 415
325 534
243 478
217 471
292 529
216 437
296 370
15 28
71 530
24 500
83 220
427 476
84 257
7 369
245 364
433 484
382 559
199 274
320 343
85 231
245 506
276 462
255 292
109 555
399 496
124 227
340 432
91 281
148 210
101 278
282 412
26 488
16 41
395 471
288 299
26 89
130 248
453 489
135 440
205 370
93 218
507 509
40 119
243 517
78 149
405 553
91 107
23 327
209 325
248 455
64 525
119 322
258 329
81 289
24 161
132 213
219 356
200 256
2 344
351 402
309 544
137 543
39 285
138 170
338 358
362 391
9 335
57 289
116 147
58 128
96 313
73 505
97 502
475 538
312 512
163 488
331 490
428 484
185 535
271 458
48 73
114 460
16 242
239 371
112 222
108 395
6 66
5 252
453 556
191 408
376 472
275 502
131 165
139 446
118 259
226 554
18 181
85 140
131 457
9 86
319 552
452 508
319 361
305 338
179 531
247 286
102 407
150 421
170 307
229 546
58 429
236 308
53 388
25 169
459 561
22 280
262 430
294 342
67 276
34 267
216 411
439 561
411 485
63 298
137 363
127 241
129 497
207 412
321 393
310 442
379 495
17 402
3 467
113 208
473 539
419 527
304 536
20 192
48 469
74 339
130 558
164 550
265 398
398 418
106 404
46 92
32 86
15 159
345 479
498 543
130 315
267 539
163 536
35 392
349 420
114 183
79 436
117 551
512 550
155 238
146 357
205 352
31 297
68 233
226 415
242 323
293 350
22 485
27 77
167 561
99 203
60 293
37 133
62 409
214 560
12 31
515 541
47 172
24 417
341 555
105 330
249 546
77 460
113 557
165 314
41 350
188 335
149 168
427 511
467 482
141 179
223 394
328 336
70 112
305 348
201 274
359 430
139 492
277 289
365 400
101 537
11 103
287 298
69 332
311 510
154 194
72 278
281 329
178 549
54 108
308 358
171 390
410 559
121 371
36 235
198 352
438 498
176 385
29 509
409 425
410 468
10 357
52 394
3 99
331 532
160 211
58 100
225 299
250 483
195 530
199 244
130 259
272 428
156 448
354 365
103 317
399 483
268 528
232 374
174 461
445 446
147 316
37 152
92 311
59 177
456 516
172 283
392 401
198 263
157 465
178 514
90 424
33 466
214 558
34 515
164 181
180 360
124 193
318 405
87 354
230 327
107 307
65 454
192 551
38 339
275 396
235 237
336 540
238 420
188 449
454 501
187 212
412 504
270 451
21 524
127 436
117 435
373 522
464 547
162 215
233 471
373 511
273 480
193 445
177 450
202 362
63 128
185 561
239 456
87 449
142 196
323 380
70 486
6 288
11 476
256 450
175 343
39 518
60 144
115 426
227 440
55 513
4 533
304 306
183 554
291 342
201 282
228 413
266 487
65 448
401 495
20 516
237 239
18 434
25 422
46 497
271 381
382 464
162 542
43 241
150 478
1 302
320 510
105 459
33 224
408 499
279 289
79 270
66 190
51 552
123 423
522 527
351 475
146 294
159 423
301 518
388 470
120 333
187 424
30 253
136 184
147 211
455 528
42 452
57 341
432 462
68 542
8 346
166 481
384 472
283 435
218 441
5 47
384 387
217 224
58 500
507 523
67 144
32 549
50 231
90 547
296 426
344 375
173 189
147 499
2 210
367 390
29 334
244 314
75 422
443 452
334 377
426 480
262 269
457 521
133 134
190 220
118 444
213 553
82 548
260 303
254 444
258 364
23 386
168 536
14 273
44 98
96 486
100 182
161 221
27 312
228 315
393 431
378 417
419 431
44 369
160 321
180 234
78 418
55 252
36 491
69 301
38 372
35 433
447 537
136 355
76 306
1 481
236 504
317 353
93 492
49 215
264 284
151 404
110 385
45 82
255 287
401 544
406 491
397 529
434 489
272 557
140 503
261 366
152 337
245 505
61 503
206 324
396 403
386 452
322 519
303 468
52 447
74 300
110 114
203 295
176 439
355 367
347 534
17 120
249 284
115 247
62 83
13 171
134 368
145 221
122 153
324 493
169 189
184 251
291 389
56 479
126 269
250 474
