1932 1989
390 911
1384 1761
679 791
931 1855
315 1346
201 331
167 1560
72 1206
255 1838
1777 1854
693 1869
1225 1343
588 825
904 1120
413 773
853 1521
884 924
628 638
370 1080
1004 1821
342 817
1315 1448
289 352
1389 1730
921 1602
880 1307
164 263
284 1624
500 1928
130 260
1177 1583
1871 1915
1248 1870
1675 1892
444 1147
1274 1654
470 1287
595 742
860 1567
434 1085
1066 1606
324 738
61 283
1174 1901
28 1832
29 1680
438 1717
77 1645
887 1158
519 1137
573 1051
173 1192
889 1410
1108 1901
682 1050
694 1453
581 923
274 1139
349 963
805 1570
48 392
954 1495
589 1248
1021 1534
590 1490
788 1672
330 868
243 1898
684 1268
1127 1586
112 875
602 1590
256 280
1470 1873
221 1002
882 1738
123 266
182 1755
38 751
1271 1422
176 1106
338 659
1337 1387
146 1659
22 135
962 1392
157 1026
312 1065
650 1839
1157 1450
225 1729
845 1907
911 1584
166 272
1006 1826
364 367
255 929
542 958
370 1599
174 1288
312 1913
1401 1720
905 1107
303 327
1443 1617
15 1012
632 1370
712 1818
1703 1904
1254 1348
1345 1350
508 529
151 402
503 585
365 1166
791 998
543 1056
114 549
1000 1553
1356 1409
720 1193
482 690
416 526
640 672
606 1311
803 1922
1074 1890
462 938
624 672
363 635
25 1033
501 1293
111 191
351 892
1518 1671
369 463
61 1370
1507 1896
196 1552
1118 1709
77 90
1210 1344
685 987
152 1352
299 941
1557 1900
959 1695
932 1869
433 1660
1854 1895
756 1603
1047 1354
668 1272
145 175
993 1366
114 1756
5 1598
1088 1275
1785 1787
1616 1708
877 919
184 1204
983 1212
1429 1599
381 1397
683 917
127 1786
269 589
782 1512
671 1089
79 1269
597 1096
31 1007
249 1756
158 1022
14 1187
548 1471
68 835
81 343
410 714
184 1286
952 1230
371 1339
150 246
86 795
746 1314
497 1147
1053 1884
32 598
291 1235
1096 1577
342 1298
381 547
1574 1721
857 1086
462 1414
525 912
232 819
97 1873
825 997
270 281
151 700
227 971
537 1726
273 398
529 600
1105 1519
368 1242
328 1520
372 719
770 924
580 996
1501 1729
430 687
619 1745
1498 1806
27 1125
386 1771
473 628
1285 1309
1643 1926
344 1289
39 1046
417 945
1205 1410
566 1474
437 1745
1161 1473
237 297
340 622
430 936
1759 1782
1421 1716
1115 1813
1492 1588
754 868
908 1805
491 1436
1015 1525
671 1196
214 1489
159 1887
1651 1781
1472 1711
1092 1734
286 1700
1435 1574
149 349
1247 1844
1294 1351
185 1303
426 1556
1025 1362
228 692
1604 1830
1582 1737
273 548
1737 1766
19 1772
275 1255
922 1267
632 1186
83 1340
205 1232
212 229
778 1532
552 975
262 1325
1483 1791
179 564
1482 1504
30 658
100 173
561 1414
171 800
220 1456
203 1727
58 1510
2 1507
1258 1584
869 1026
1296 1539
1281 1594
256 943
502 1493
59 129
120 869
1690 1800
124 796
565 830
1255 1616
438 1814
287 796
347 400
1317 1760
155 318
432 1758
586 1057
1009 1897
215 1024
307 512
1042 1290
1367 1739
206 1013
1163 1232
122 1592
346 1309
1195 1445
588 1597
353 1300
180 409
161 367
766 1245
836 1886
327 461
205 1166
468 646
41 897
954 1394
849 1534
657 729
980 1202
230 1891
681 1932
165 1380
1082 1619
1015 1051
1395 1420
1503 1654
423 1038
1388 1917
45 517
746 842
122 139
587 854
376 723
66 660
831 1195
1576 1795
1649 1883
586 859
1413 1419
1244 1356
121 1879
285 1001
1519 1930
386 1576
522 1802
126 1685
522 1714
1059 1680
59 1167
1009 1441
1032 1067
178 1310
243 1121
991 1560
809 1585
722 1462
217 1251
1741 1752
419 706
1156 1831
1053 1879
93 841
1342 1750
607 1822
518 1426
648 1637
784 1019
387 654
1003 1109
147 1543
87 1769
226 276
169 1801
630 916
689 1162
7 108
674 1564
1316 1508
1497 1615
184 1431
1037 1808
1000 1586
538 1239
1472 1602
1041 1402
817 1608
989 1328
67 534
513 1545
877 1914
53 1629
691 1904
614 1736
225 536
686 1663
1415 1509
889 1912
955 1307
154 605
1198 1927
1483 1593
104 1695
907 1885
498 1402
1271 1540
236 1104
1278 1835
562 659
1486 1753
1033 1209
328 798
758 1057
113 634
629 855
417 1766
957 1231
833 1151
320 1637
1070 1573
610 1103
1365 1477
167 1379
15 78
263 952
278 585
770 1561
1313 1818
511 1494
404 685
1126 1155
457 1198
373 399
1143 1256
348 442
168 1646
1123 1767
530 1037
1116 1186
882 1347
57 1430
488 1708
265 915
643 1442
1151 1467
1035 1546
890 1605
723 781
1021 1885
119 160
215 1770
995 1511
974 1842
1386 1914
972 1280
847 1741
485 905
832 1710
532 1914
533 1715
573 1142
396 1091
101 1046
979 1846
786 1613
299 560
820 1078
1780 1801
609 740
711 1646
429 1011
96 1697
392 856
298 475
643 1218
577 993
409 1625
330 1424
143 515
230 818
616 1899
1423 1587
68 1119
789 1230
1583 1627
18 1164
503 1700
371 906
563 684
1069 1170
104 1591
565 1484
294 900
105 1825
163 1372
1084 1711
874 1322
37 403
498 1257
651 846
582 1491
445 1417
642 878
938 1393
1459 1640
472 1146
446 626
826 1207
1635 1783
971 1488
571 950
816 1448
667 734
967 1768
17 1446
623 1626
1530 1722
647 1633
822 1806
224 231
10 534
356 473
1030 1773
282 1253
1212 1281
574 1284
1067 1333
787 1018
496 1251
571 728
84 1357
268 1504
1141 1585
1326 1903
475 642
18 1541
449 667
379 1636
866 1165
366 535
1423 1865
1019 1270
192 317
258 429
583 1382
606 840
859 1916
1189 1746
545 1762
117 264
74 861
999 1445
950 1537
193 888
73 1403
1083 1674
204 1385
1093 1656
291 828
850 1464
893 1682
220 515
377 1098
234 1359
669 879
385 986
46 1176
760 1804
1437 1611
239 755
88 1785
365 1110
109 1473
1196 1724
897 1670
1219 1798
374 1628
4 1268
172 1034
620 1626
1078 1872
1533 1769
24 499
1598 1738
840 1306
864 1605
757 1277
946 1624
108 1332
156 1087
1085 1153
496 985
728 1140
176 333
448 775
261 1372
6 1764
324 1077
1558 1562
1064 1818
1101 1774
1014 1533
251 636
1283 1841
1294 1625
36 886
951 1696
726 1655
752 1588
335 1687
363 765
819 1621
982 1206
458 895
347 1549
441 823
1658 1670
2 546
1501 1918
936 1432
1027 1324
1100 1397
347 1542
69 1836
719 857
43 1073
1301 1858
280 1297
254 1716
201 1731
1223 1327
814 1187
1 699
148 190
677 1143
462 1201
1337 1915
466 1659
302 981
449 1390
170 914
244 1735
1044 1648
1287 1523
3 894
463 1495
395 1075
361 1233
655 1691
42 621
245 308
776 1023
485 1612
222 1391
703 1398
1355 1828
29 530
351 1912
1376 1809
531 1200
533 549
572 849
192 208
818 1241
944 1907
323 714
1497 1817
136 751
990 1522
711 766
801 1136
594 764
296 1852
103 618
1270 1840
60 459
188 1329
451 1381
1516 1877
45 1744
75 1134
539 569
768 1589
895 1859
1647 1666
778 1384
443 1707
51 612
898 1696
527 958
682 1459
1181 1272
6 1728
331 752
1243 1674
1060 1403
813 1079
552 1094
747 1246
1298 1694
102 810
450 872
946 1360
680 704
505 926
199 1466
863 1781
758 1518
168 697
142 716
998 1614
161 1389
252 822
1061 1233
801 1650
279 401
531 1240
547 597
195 710
460 1071
481 1398
735 1089
622 1394
102 797
499 1565
909 1266
366 1060
422 1527
412 590
1153 1279
1305 1326
12 555
359 1152
35 1153
523 888
368 1115
166 1551
224 1221
592 1178
335 405
116 424
329 1871
338 1927
961 1643
382 772
640 743
223 1803
92 140
1114 1301
691 739
637 1279
512 1262
82 702
320 1470
277 1862
1383 1688
874 1920
633 1675
115 527
596 1263
177 749
378 1190
54 1730
1428 1909
99 755
245 1374
39 1412
1457 1810
582 768
918 1630
113 731
813 1357
708 1475
1111 1329
1278 1571
446 871
812 1876
433 1180
431 1747
80 1396
686 740
1236 1427
43 464
524 1790
13 1754
610 935
466 1056
1288 1845
277 414
1331 1530
414 729
53 359
8 1221
1463 1813
783 1859
123 1341
94 1291
480 844
340 556
149 1776
1149 1315
858 1644
980 996
1146 1910
976 1330
995 1276
290 1589
345 720
32 608
1148 1682
540 1408
40 1559
319 1149
391 861
977 1373
105 399
127 140
651 762
1161 1812
117 1008
792 1698
482 603
800 1160
1701 1921
833 1868
1667 1678
238 334
1170 1237
744 843
439 703
180 290
411 1377
1475 1905
1115 1661
915 1911
716 1421
375 605
294 1253
891 955
85 679
1526 1705
196 1246
550 1494
293 1227
415 1517
709 1789
95 1736
198 1130
345 489
631 1635
1641 1677
416 1452
162 652
83 1322
350 1706
1796 1867
725 799
323 1045
862 1848
72 1639
107 431
696 994
185 773
1118 1126
46 237
1258 1824
1042 1667
41 424
794 1486
730 1493
618 806
406 1349
759 782
540 1236
60 163
1094 1920
379 721
501 1407
646 1341
1017 1362
1007 1109
725 1453
492 788
701 1358
1425 1513
357 1747
1363 1471
718 1250
1420 1426
656 681
1117 1212
110 666
1438 1717
1157 1692
310 1181
896 1684
570 935
300 629
1367 1803
695 1075
246 1883
815 1893
1511 1864
615 821
1623 1842
1705 1923
305 870
354 956
541 731
1199 1767
736 1400
1137 1358
708 1036
358 1457
883 1131
143 1794
1215 1512
1350 1601
1259 1900
1136 1575
1128 1889
1032 1213
726 1264
169 426
1068 1824
1378 1660
579 1261
649 668
1072 1152
388 1144
624 1173
183 884
566 1809
909 1413
722 724
304 601
967 1835
1630 1763
1719 1723
34 1891
12 518
604 1614
732 1095
1135 1878
70 526
94 204
1135 1771
824 1158
448 1822
362 1467
1202 1424
892 1541
744 1731
584 880
517 852
576 1807
244 1054
85 948
1254 1568
1045 1061
408 942
238 1213
1058 1185
1580 1925
304 1772
1439 1779
1481 1765
1647 1777
248 1055
1195 1770
1265 1701
56 865
1277 1895
750 761
614 1595
880 937
960 1355
5 315
1171 1762
1028 1107
835 1463
382 1816
625 1458
619 710
16 318
1144 1662
126 689
211 1349
423 1525
903 1554
1112 1556
1535 1665
390 772
611 1035
611 1125
745 1175
420 769
933 1062
286 1641
160 510
434 648
920 1833
1122 1710
1603 1837
1223 1418
23 1200
432 949
283 1636
216 524
216 775
661 1753
966 1062
233 1124
377 1795
750 1145
271 576
1076 1133
1455 1751
33 1728
78 644
8 1651
208 599
692 1506
1323 1344
886 1122
798 1929
157 1054
481 1292
1068 1227
1116 1686
677 1550
717 1723
436 1860
478 1295
98 724
633 844
1113 1856
28 1016
1549 1811
467 1433
1807 1861
1347 1924
1154 1177
300 1405
749 1521
532 620
698 1276
793 966
913 1685
765 904
393 1845
537 1106
1562 1792
207 1641
279 1568
1720 1906
520 665
1610 1689
193 703
1524 1799
480 1416
191 823
156 1132
1028 1619
360 1041
718 1823
442 528
990 1065
653 1784
656 785
1496 1704
1191 1536
14 124
676 1446
513 604
975 1129
321 428
1014 1678
452 1091
748 1215
553 855
538 1776
307 1127
1273 1750
1707 1844
361 1327
487 1240
1545 1775
591 739
1683 1787
403 1820
38 1888
1406 1896
1048 1308
568 636
1485 1691
75 439
486 1239
321 353
36 1517
1320 1378
217 250
772 1834
1439 1919
697 1851
374 1229
418 506
1197 1241
490 721
1522 1868
479 1330
1449 1668
597 1500
862 901
1079 1921
733 1201
322 495
688 757
65 1360
1043 1916
28 1435
150 1531
948 1259
348 1505
525 1006
30 1425
1449 1715
607 1724
1100 1898
155 1029
917 1702
405 834
171 325
17 1182
1304 1387
999 1209
704 1582
1817 1827
634 1250
189 200
970 1528
418 1717
559 705
435 1596
896 1002
265 1430
134 1792
1477 1932
175 688
854 1634
1579 1778
741 875
198 1059
890 1452
413 1260
1837 1874
425 829
1610 1671
1642 1872
1114 1229
847 1193
478 1713
111 1040
87 146
245 1894
1218 1348
200 637
20 1749
1252 1612
444 1735
239 1318
181 1758
14 465
1008 1689
1102 1648
1411 1843
1291 1671
66 387
241 1676
407 1644
902 1012
1038 1386
596 1478
278 1124
1359 1783
247 535
314 1224
50 317
753 1458
162 742
984 1676
178 435
443 539
23 37
1544 1791
76 641
1303 1725
1104 1902
384 1427
116 707
554 831
48 82
851 1693
394 1388
594 1672
1155 1657
259 1922
172 1324
780 838
965 1441
489 567
218 301
34 743
1532 1782
906 1618
428 1391
808 1279
25 1456
693 1888
212 1409
1698 1847
1083 1102
1466 1665
257 1108
683 1101
1325 1553
234 471
100 1509
1194 1366
1396 1447
235 1535
520 1754
986 1913
891 1462
635 1850
903 1596
1099 1178
276 1570
802 1516
917 1826
587 839
93 115
545 1889
62 1761
306 1022
332 1693
26 1070
1108 1924
251 1040
1063 1757
421 1740
58 1361
125 264
941 1805
735 1794
1010 1639
1797 1825
804 881
1514 1755
92 287
1081 1404
554 1628
159 1703
1256 1459
1433 1787
661 1204
1399 1485
375 953
942 1092
734 940
209 1339
454 1663
1469 1529
541 925
850 1332
1282 1524
241 325
1353 1880
492 1283
19 1039
272 543
706 745
991 1455
523 730
555 842
47 982
737 1748
660 1884
141 639
908 1836
1049 1163
659 937
329 972
1090 1740
240 713
50 1852
1207 1406
507 988
870 1018
1461 1822
947 1162
1048 1419
989 1428
132 306
1368 1905
457 1800
617 1321
1098 1174
1074 1364
153 1623
803 1853
562 764
1069 1261
413 1515
572 1526
334 1318
785 1005
165 231
337 407
1734 1881
469 1629
410 930
303 1132
504 1683
862 1269
981 1897
1539 1694
336 830
1097 1217
91 344
678 1721
9 483
65 427
109 1665
575 1590
189 298
560 1139
763 1490
450 1765
154 1443
74 182
828 1853
398 912
302 1839
1313 1902
781 1749
1465 1819
206 1208
1573 1622
1190 1228
319 1320
320 1376
1031 1210
887 1432
544 812
655 1081
128 1338
783 797
128 593
876 1571
613 1474
1020 1142
1084 1316
1451 1778
372 1793
441 1401
1073 1351
1282 1860
1264 1816
158 1328
1468 1918
899 1025
663 1706
779 1219
578 1604
774 1290
832 1790
223 1093
282 474
1444 1638
1129 1310
138 1030
1499 1751
1136 1631
248 1515
106 267
1228 1484
394 1679
142 670
119 546
295 1390
343 821
767 1335
13 1105
1536 1850
978 1593
490 1405
221 1052
227 1718
469 494
766 1179
1191 1775
1295 1382
194 1697
929 1361
878 965
269 630
664 1923
943 1546
638 1214
477 926
296 615
687 898
1412 1815
352 454
827 1875
748 1262
756 1103
1502 1910
293 1155
570 930
956 1642
479 1225
356 1863
75 1138
669 1882
1148 1380
558 1460
415 567
121 1377
332 1336
295 1681
1492 1499
807 1182
174 255
76 316
380 1748
397 1450
1461 1847
1564 1828
242 1476
868 1434
455 1919
284 1235
396 464
1757 1820
1567 1867
1656 1849
670 1631
1077 1242
521 787
814 900
21 1580
787 1788
400 1503
1050 1451
910 1130
170 1214
1231 1247
627 1742
557 1479
242 715
31 331
1047 1442
625 1346
1323 1429
420 1874
867 1658
389 675
11 969
595 1664
1203 1581
64 1434
309 1194
1145 1559
266 1226
44 1111
477 1652
474 907
378 1565
795 1123
1179 1561
1121 1827
493 1001
1013 1929
106 1811
118 1606
581 927
197 1577
756 827
551 1034
249 1266
89 336
55 1275
1302 1903
304 1297
500 1134
310 1333
569 1417
1664 1849
213 486
1171 1797
1159 1786
713 1760
98 810
673 1165
1506 1657
388 1465
297 1609
934 1886
491 591
262 807
187 447
894 1587
288 811
564 1172
834 1866
47 364
1063 1690
339 1407
455 1550
236 732
617 1861
1237 1865
981 1311
181 1661
20 1399
209 1908
848 1547
391 1572
902 1650
914 1566
771 841
35 1864
1086 1353
521 974
983 1220
49 577
436 1073
187 1601
921 1164
843 1440
186 1412
1027 1538
164 985
568 1579
57 863
291 574
49 1557
144 1375
190 1699
56 631
270 1833
612 662
1138 1502
51 617
355 1881
988 1732
483 1496
1411 1677
316 453
430 1894
1385 1746
383 1043
134 550
588 1168
580 1547
103 395
1491 1508
1371 1852
252 399
599 1640
1821 1858
157 1906
1418 1709
647 839
656 1487
1688 1727
928 1400
514 802
865 1257
385 1659
311 826
1005 1544
495 761
631 1197
1422 1834
1444 1576
1175 1744
406 1238
1031 1856
1684 1875
218 626
421 1563
1080 1188
1469 1653
837 1666
923 1003
64 1454
55 609
311 544
388 928
790 1382
488 1044
214 754
346 1808
290 1375
913 1611
872 1692
1154 1293
793 1527
120 437
472 1199
1302 1908
95 211
1016 1364
528 1597
412 864
1600 1686
451 815
664 1634
1047 1368
650 1829
408 583
519 1423
1669 1830
96 551
1036 1319
91 1150
11 361
314 945
1169 1764
369 1479
195 1286
553 992
1216 1804
440 1343
491 1020
210 1460
1062 1581
52 1500
326 1156
7 506
1097 1336
52 1181
202 1393
961 1440
341 1169
1160 1893
393 593
623 717
968 1312
152 1285
820 1732
137 957
147 1300
829 1759
376 530
222 760
186 1342
137 271
484 1273
219 851
973 1673
461 1284
292 1404
112 274
84 1090
653 790
1548 1774
1058 1392
976 1578
285 1814
1519 1617
1447 1607
1217 1886
350 774
780 839
1558 1633
440 505
611 1679
879 1841
1722 1743
514 1712
144 709
125 1687
893 1566
676 1931
508 811
789 971
808 1531
305 860
81 99
665 767
777 1299
509 1369
389 1331
183 657
680 774
194 470
322 858
309 1932
1245 1857
452 987
824 1173
384 769
747 1176
80 1812
447 1150
460 1615
339 816
71 707
456 476
1234 1244
1454 1464
90 992
784 1702
101 1613
197 484
848 1780
804 1697
487 1614
26 1704
702 1321
1505 1712
44 1335
89 736
139 1243
1306 1673
132 1725
1594 1726
542 1226
133 1733
261 294
613 939
1049 1882
846 1352
133 509
145 425
963 1087
70 1838
662 1029
1238 1489
836 1609
600 705
86 357
1520 1926
673 1095
1183 1569
1188 1354
644 1543
575 1140
964 1222
934 953
759 1911
207 1011
675 676
654 1345
741 1662
885 1581
40 962
871 1488
1234 1513
253 1739
88 1540
1319 1843
1252 1798
362 422
179 1330
130 1563
493 1632
1064 1416
666 1523
639 1076
288 1117
1855 1870
456 1840
964 1552
776 1622
603 1004
616 1203
557 944
1551 1555
1055 1431
561 932
69 1482
62 1338
458 1365
1379 1649
946 1575
786 1773
468 1312
397 970
226 959
404 578
136 1892
1314 1848
674 1537
737 1110
468 762
494 969
54 925
459 1331
601 1796
177 337
916 1167
9 465
876 1555
380 1120
1395 1733
720 1133
621 1788
202 1408
301 364
873 1039
1159 1487
1468 1681
510 979
504 867
1208 1367
250 838
145 696
881 1810
977 1887
253 1591
809 947
427 1185
360 1917
602 733
641 1699
12 856
27 1180
1317 1851
4 22
1592 1866
507 1510
558 1525
837 1296
24 199
419 701
118 1777
663 923
33 845
165 1184
1371 1876
1600 1928
1621 1718
10 1669
511 1184
354 1793
160 1383
658 1119
471 960
131 1789
281 1222
1131 1636
699 1381
257 700
949 1770
1024 1112
627 1267
313 738
918 1890
254 1752
712 931
1224 1538
79 536
1743 1863
1066 1141
590 997
885 1831
694 1607
1498 1645
645 984
313 373
42 695
110 973
727 1880
883 1632
1249 1912
910 1274
608 919
308 1554
753 1334
467 1088
188 1662
401 1363
275 1211
556 799
203 1784
213 1658
187 1263
497 649
901 1211
1572 1930
1815 1857
563 940
21 1010
1220 1668
210 411
968 1768
502 1866
831 922
1280 1652
1140 1340
1292 1529
1620 1713
267 1334
715 1719
258 1855
129 1052
1528 1829
153 1578
148 806
260 1216
645 1569
247 1192
67 1436
232 1023
292 1878
579 1627
63 899
16 782
1099 1514
1082 1655
584 1823
598 1017
259 476
1742 1804
131 1763
295 1305
355 1480
141 690
107 777
792 1595
1172 1802
325 402
401 779
592 794
1308 1832
920 1026
866 1374
383 1369
763 1437
240 333
1618 1653
289 1548
678 1862
341 1819
3 727
983 1205
1415 1931
268 1260
1476 1542
326 771
358 933
453 857
951 1154
229 1438
366 516
1071 1846
1249 1373
927 1481
1299 1762
138 1480
939 1877
559 1620
852 873
97 1608
219 1779
994 1714
805 1168
407 1265
63 1183
978 1925
652 698
71 853
445 516
235 1909
73 1189
820 1304
228 1113
1289 1799
135 1128
233 1072
1 1478
1638 1899
