1892 1911
869 1615
130 1349
19 1685
498 727
53 1693
936 1797
74 1442
640 1235
87 1751
1010 1579
1047 1282
1547 1659
253 993
200 376
267 1411
237 1465
268 845
289 1381
350 1566
1192 1646
981 1199
550 861
820 1197
456 1005
299 1488
331 388
1054 1323
367 1802
641 1279
322 1320
1499 1546
1394 1872
148 408
734 1071
216 1011
1426 1509
494 1517
227 1064
447 810
681 907
964 1369
1068 1826
282 1144
726 1181
452 659
1015 1102
1691 1860
173 1247
328 844
525 1787
1233 1274
655 1629
358 984
605 1045
75 1474
929 1609
694 1816
197 771
493 1350
283 946
239 1643
218 785
28 1077
791 920
1289 1672
769 980
490 781
1037 1114
259 698
192 931
659 1418
745 1258
131 1285
405 1853
90 857
1034 1775
908 1240
694 825
1007 1523
82 1623
706 1042
301 402
1110 1165
493 923
729 1634
885 1798
382 1205
1398 1648
786 1794
96 1781
1019 1757
1004 1583
873 880
298 359
1169 1374
513 894
634 1076
335 1761
34 822
955 1589
713 1703
783 930
8 1414
1034 1223
820 1804
766 1466
272 1824
462 1045
93 820
975 1673
885 1566
440 1327
1385 1846
668 1755
484 1055
1089 1780
91 1674
933 1656
172 712
166 1315
112 1234
327 854
663 1751
1227 1402
622 775
931 1650
910 1532
527 1597
624 1273
949 1555
781 1880
211 1638
180 576
1081 1473
325 1531
1073 1666
533 1141
1285 1682
1221 1550
1146 1750
1677 1826
243 1103
704 1286
826 916
498 953
976 1178
460 725
829 1053
820 1697
520 718
409 580
338 1095
947 1486
653 1046
21 778
801 1021
879 1688
267 396
1603 1759
809 1805
776 1299
449 1367
338 1546
1071 1880
244 1094
724 1223
779 1392
808 1173
368 1737
245 1513
1050 1434
1253 1595
1158 1653
678 1275
3 1127
816 1066
37 186
264 1503
193 356
72 1678
1498 1768
1413 1850
1406 1686
159 1007
561 924
557 700
128 900
1373 1432
327 450
446 1746
142 609
481 1890
327 1263
1089 1768
1641 1658
856 891
24 1869
507 1523
400 1819
436 596
749 1524
252 1692
361 1211
528 1792
1121 1622
627 788
146 320
1190 1198
606 842
177 1498
510 872
324 1413
911 1082
151 1842
591 1531
541 1637
580 1121
1132 1675
875 1699
40 860
161 209
980 1540
846 1360
538 1763
10 877
701 1779
266 327
73 1665
148 324
1384 1432
1814 1837
363 477
33 1702
1395 1845
750 1287
83 1687
372 474
686 1033
595 1577
740 1183
238 1434
377 779
48 536
302 1354
178 1237
1526 1748
1621 1643
682 805
23 252
1117 1743
1301 1599
857 1827
135 772
646 1209
486 837
55 285
1111 1732
829 1858
7 1342
894 1150
571 584
1619 1735
867 878
1270 1427
375 1416
652 1036
407 1060
589 1114
768 1350
1179 1472
497 1282
637 1482
756 1573
117 388
245 1450
25 1843
355 1863
594 1453
64 1344
1080 1436
213 1663
555 702
1085 1417
793 1343
690 1267
688 1419
782 820
954 1390
635 1126
351 1591
35 186
599 1762
190 384
237 327
71 1169
901 1480
5 762
648 1177
62 1674
228 1601
180 1224
940 1753
491 973
924 1736
789 1543
624 1709
302 397
796 1814
642 707
410 1756
323 925
531 915
291 1438
328 1761
386 1501
852 1861
1155 1505
113 1321
837 1234
471 547
380 1405
446 1883
326 1637
307 1590
1866 1875
615 1852
992 1830
974 1769
277 948
100 1777
921 1397
676 1260
161 1466
542 675
588 961
832 1410
187 1648
89 1507
134 272
45 175
506 1483
1075 1766
876 1289
304 1193
1547 1548
720 1883
1025 1706
221 600
1497 1801
96 1633
1306 1442
717 966
278 1741
107 1813
656 1250
86 471
644 1490
422 1635
1003 1752
300 1597
478 1262
320 613
435 503
1 1446
143 525
484 1480
348 424
1241 1763
1245 1698
1091 1731
868 1279
789 1545
996 1604
80 1065
135 1108
29 800
597 741
812 912
693 1733
473 1664
1249 1667
240 1848
125 537
364 1433
299 1264
876 1862
233 454
765 1452
858 1187
210 763
162 500
236 851
258 1006
822 1703
392 731
457 952
9 512
665 845
534 1100
591 1889
270 1149
730 834
987 1776
595 990
1475 1710
703 1307
353 1177
108 833
106 579
844 1232
480 734
101 206
674 1219
702 1370
58 169
246 314
1090 1747
182 612
893 1668
1152 1719
363 773
461 1512
287 1160
500 830
705 867
1129 1576
1144 1197
79 563
666 1254
933 1571
1017 1110
1195 1714
217 1855
511 1093
30 118
234 1588
1326 1876
442 820
327 592
664 758
902 1077
333 1727
42 1732
1141 1616
1622 1740
342 1468
334 891
672 874
46 258
983 1522
928 1614
1029 1514
415 1288
105 1280
260 1705
1239 1740
568 626
1055 1843
1284 1632
1164 1660
1528 1806
1574 1745
684 1613
1016 1484
32 604
76 415
811 1718
1431 1512
639 1859
220 1233
623 1290
296 610
1004 1800
1291 1601
1125 1313
67 851
569 1211
162 466
1525 1640
152 677
1312 1489
394 1890
422 1759
464 522
2 393
108 1683
432 579
439 1199
1756 1885
974 1833
128 209
628 979
989 1831
121 427
583 1382
1381 1476
727 1444
1156 1221
70 1508
88 1016
785 1849
673 1782
196 361
80 903
929 1569
379 1203
16 475
826 941
1385 1700
313 445
898 1215
934 1724
88 1822
1186 1284
453 1847
1145 1476
183 1671
227 1715
315 1456
1335 1458
777 886
357 932
176 594
231 794
327 1582
256 1568
715 1173
621 1376
1220 1536
495 820
566 1365
575 916
1080 1564
846 1048
939 1630
807 963
273 653
544 1849
971 1540
391 959
469 1519
760 865
38 1794
418 477
558 1346
739 1651
35 73
226 1072
105 1059
141 1586
1006 1340
690 1427
434 1380
914 1451
438 717
735 1148
266 1535
225 353
804 1242
1268 1544
614 1634
1527 1743
204 1873
1079 1684
127 1375
1232 1305
553 1781
470 1785
307 1657
189 560
559 1838
369 823
1091 1126
540 1396
1522 1620
277 1149
906 1783
807 1009
172 756
242 1828
166 1631
7 203
631 1361
398 1593
1262 1429
75 224
16 1676
569 1200
1001 1387
137 994
1527 1725
581 1202
1352 1760
145 409
67 1086
1596 1812
167 1117
341 1305
1801 1847
416 997
426 1115
226 970
150 586
459 598
411 889
890 913
177 1032
419 1213
429 1871
352 936
1330 1387
554 1207
1002 1019
1175 1726
157 530
1729 1770
1730 1888
514 1464
102 1426
860 905
433 1671
503 692
553 1773
1770 1799
1182 1598
136 602
519 1461
296 399
457 1866
1112 1556
523 1178
412 1415
322 502
295 1437
586 1128
279 1647
473 712
1248 1618
802 1773
691 1878
412 1835
896 970
1064 1143
1400 1679
1721 1836
928 1606
43 1359
120 1436
160 912
1511 1747
1022 1274
276 985
760 1192
104 1070
831 1642
455 1072
882 1644
208 870
1348 1857
153 1800
1510 1795
801 956
1170 1696
211 443
732 862
1503 1884
535 1539
383 839
614 1698
295 1352
154 483
384 899
1206 1316
1355 1640
1188 1780
178 1099
545 1810
813 1644
546 1579
1062 1518
1113 1460
535 761
560 635
887 1722
9 201
378 1276
414 1537
1208 1443
1018 1131
848 1499
784 1769
797 1718
95 818
167 999
360 1694
6 1288
538 1092
312 1808
575 1027
332 836
716 790
930 1161
389 1357
518 1135
436 1720
281 1452
1308 1886
445 870
33 1696
444 481
920 1565
311 1370
1222 1791
654 1214
558 634
1662 1737
239 1060
246 1372
230 1772
1463 1834
607 1813
590 1707
805 1803
743 1559
114 1363
515 898
882 1059
865 1424
1295 1877
195 1308
327 1514
1194 1868
787 1044
709 1353
1030 1532
374 1280
403 961
236 863
616 782
691 1143
214 1152
1329 1702
170 820
496 686
419 1712
817 1530
1073 1314
1047 1334
287 1716
55 1570
327 1334
11 1771
184 1191
709 830
972 1186
62 1545
56 1457
1358 1620
754 1594
454 1829
827 1854
1222 1469
372 1490
219 1851
441 993
798 1084
508 1511
1206 1728
262 1024
309 1477
111 147
366 1408
152 340
274 327
390 1471
85 271
567 1389
158 1421
565 1818
721 1613
156 648
64 327
284 286
853 1363
401 981
183 552
193 1661
585 1805
69 1505
70 1315
539 1467
639 1793
139 1538
4 434
583 1541
181 301
1407 1510
466 951
1278 1496
955 1397
552 1018
651 654
262 1401
523 1435
123 1142
380 871
520 864
825 922
796 1832
746 1189
260 379
1595 1728
748 1392
529 1187
1625 1695
644 1767
645 1486
314 1848
421 1837
142 820
706 1153
531 617
1137 1598
518 1404
700 1251
28 913
216 711
165 973
1043 1678
476 1201
132 714
1249 1739
568 824
283 1035
661 1554
116 390
349 1422
39 511
311 1820
1681 1705
53 98
1359 1757
1706 1830
316 708
810 941
468 1398
921 1412
460 1013
440 1133
1184 1627
896 1335
737 1156
14 677
1423 1479
212 1082
107 241
165 1371
908 1056
762 1600
273 1735
97 486
1086 1535
804 1162
570 840
130 607
721 909
259 1874
330 1229
386 1577
751 1022
1067 1580
817 1660
1103 1298
121 1441
943 1749
1084 1783
482 965
223 1656
337 1313
962 1171
714 1377
991 1038
99 695
168 1494
513 828
188 948
582 1709
451 747
918 1841
1029 1448
65 593
1275 1884
11 1139
1049 1610
404 501
413 495
427 612
1283 1717
1191 1727
411 693
866 1615
940 1379
68 682
355 729
123 251
65 231
345 732
94 1320
555 1322
777 1493
184 838
317 1026
1218 1429
30 758
191 407
389 1052
1287 1607
145 159
996 1261
819 1067
58 1875
6 1032
1500 1582
468 557
197 492
284 621
431 1053
1478 1673
279 1420
27 1744
41 247
699 1439
1516 1846
978 1425
327 1075
747 1123
199 1395
979 1809
506 1526
2 327
1444 1853
337 1775
54 1256
911 1003
78 1083
496 1102
622 1859
362 1265
1403 1686
336 1243
174 1881
1230 1817
508 1509
662 1453
1068 1345
191 766
663 1258
1292 1667
738 1792
551 1704
317 574
719 997
347 684
1621 1840
1118 1758
1255 1731
505 1028
683 840
1322 1766
1323 1803
759 1180
492 776
917 1297
49 1738
1338 1553
104 755
815 1078
1074 1450
1158 1815
731 820
343 1057
56 308
92 743
1065 1327
917 1393
84 1201
988 1237
816 1808
1317 1419
420 1742
650 892
1296 1733
613 1204
723 757
365 521
753 1046
1252 1478
1533 1576
1328 1784
138 820
344 960
577 903
1066 1433
1008 1063
1190 1788
1318 1445
548 1539
293 1012
501 545
290 562
425 705
225 494
818 820
972 1105
112 864
630 1725
331 1311
194 590
1000 1541
918 1196
1340 1508
540 1854
528 800
74 144
1388 1790
59 611
780 1132
1088 1710
696 1745
1293 1506
1021 1650
934 1175
1212 1767
1292 1386
692 1388
458 1339
1172 1641
1291 1479
811 1302
1309 1379
1317 1529
305 1368
164 263
675 1562
564 1051
194 900
22 1821
944 1069
1017 1487
76 1124
401 1882
1528 1602
750 1437
598 1301
275 323
286 584
269 1445
39 1356
1404 1477
207 642
1061 1870
601 1464
988 1248
137 1257
126 1255
102 814
122 603
1454 1689
441 1618
150 1099
1331 1812
198 679
1297 1764
983 1787
417 1563
678 1174
66 181
1214 1380
176 681
248 608
565 625
537 1762
362 425
85 665
325 1236
1558 1754
788 1353
268 544
350 919
835 1112
1341 1580
606 1052
327 1266
578 1888
464 1010
602 1828
620 1041
125 1438
945 1375
455 1031
214 448
516 1027
910 1163
1276 1729
868 1736
428 1645
1361 1752
1549 1653
707 794
25 1014
1614 1666
1125 1619
1107 1378
633 1054
168 265
207 1856
1257 1630
715 1116
1552 1568
43 767
1028 1421
1226 1892
472 1049
679 833
203 1093
8 1025
859 1408
26 482
205 938
344 1328
748 1148
728 1409
200 1700
127 956
775 850
735 1871
313 1865
798 1685
710 1624
1256 1829
235 1668
357 820
646 1000
952 1225
820 1176
1260 1448
1295 1654
1346 1758
1273 1790
1465 1470
248 417
300 1357
41 1035
218 1851
1096 1481
354 461
1155 1879
264 1037
1473 1557
81 1852
915 1312
235 1670
1085 1281
256 1170
5 699
175 1342
124 959
1462 1520
341 676
849 1519
327 827
110 1825
304 618
527 737
571 1684
626 1031
791 995
319 1551
255 1704
509 1371
206 1475
288 1500
18 1333
115 1195
1471 1554
1562 1831
1205 1857
831 1088
697 1760
499 582
1092 1226
326 1011
241 1753
377 1182
321 1842
31 1585
600 1176
1014 1405
888 1304
1250 1536
821 1886
282 984
420 629
529 1443
806 1701
17 90
1553 1713
769 1013
217 364
222 1242
736 914
488 1772
60 1823
113 945
1488 1611
373 680
1676 1816
406 588
263 1208
1184 1818
749 774
726 1391
51 1358
437 1538
1106 1561
554 1154
862 881
841 987
1039 1203
485 1365
196 660
619 1349
476 759
524 1791
253 316
1590 1850
297 1196
991 1839
147 1551
909 976
174 189
1277 1602
92 763
1414 1584
858 958
504 813
163 1591
1209 1612
895 977
926 1642
1163 1628
129 1268
1521 1610
169 1502
866 1708
463 1447
638 1600
230 658
752 1193
116 329
89 1561
658 683
722 995
881 1497
368 989
483 1238
444 778
627 982
1680 1862
1574 1784
309 1578
1494 1679
556 1181
467 1108
1343 1525
572 1166
1096 1633
636 1264
573 966
1489 1777
1231 1246
156 923
861 1592
670 957
566 1458
36 1459
399 480
15 190
395 1146
383 433
359 1689
222 637
668 1400
140 1104
551 1154
1150 1891
1151 1789
50 94
375 1520
1336 1548
334 671
744 855
257 895
863 943
426 1449
1133 1168
561 1485
1252 1841
224 904
335 1362
319 1106
1100 1332
57 1332
221 795
208 713
768 1592
34 381
1495 1669
824 1023
793 1715
847 1360
573 596
1435 1699
210 1789
1074 1078
306 655
117 1294
790 1652
1026 1675
126 435
949 1468
510 1887
49 254
883 1123
366 1798
615 1567
850 1570
360 1283
447 1348
685 1042
1160 1612
228 1147
497 751
1723 1802
761 1807
63 1001
1454 1507
604 874
958 977
617 771
1451 1713
220 1687
1147 1481
396 1799
201 1533
87 154
114 536
149 153
1185 1529
37 1105
505 1383
904 1070
462 630
115 897
1238 1310
597 733
244 1701
953 1194
880 1672
132 1742
339 397
755 1515
815 820
1347 1855
828 1739
63 1697
254 1382
799 1460
1560 1796
370 563
1567 1858
280 1707
134 969
72 1515
950 1734
20 1038
685 1487
20 1504
742 806
836 1711
491 832
86 288
229 1873
490 1244
741 1278
408 601
1138 1351
289 1373
346 819
1325 1793
628 1692
343 1069
308 1578
1023 1861
982 1277
141 1887
942 992
843 969
611 1354
171 1164
978 1097
32 459
1645 1677
696 1179
1227 1244
507 1134
365 1165
71 581
1020 1331
133 1174
745 1845
270 1537
1159 1665
770 1608
371 1588
578 1245
465 643
499 1517
550 1827
119 1131
485 1680
1366 1456
354 1606
808 1587
356 1229
820 1304
564 710
1306 1655
280 1171
144 1254
1218 1496
310 1639
1124 1355
947 1228
3 1120
249 633
1719 1734
1240 1347
669 687
1459 1502
151 1796
673 1569
120 1157
1711 1717
342 672
339 809
38 1638
1051 1891
333 660
1009 1589
609 835
823 1661
185 1892
1136 1189
251 803
327 1345
106 1167
432 1318
786 1109
556 1815
872 1043
250 1741
54 1557
772 1583
465 937
589 1210
84 667
15 1748
1008 1081
687 1269
670 1624
453 542
24 163
271 1036
79 1608
1552 1657
629 1281
336 1293
290 1881
402 1573
261 439
136 1662
695 942
812 906
1300 1311
652 1470
122 1122
619 632
722 1807
188 854
1057 1542
392 1428
1269 1617
198 1492
223 708
298 1723
202 739
488 1202
1198 1778
155 1788
515 1139
315 1868
869 1572
820 1863
1136 1409
274 1651
213 1151
1298 1820
1587 1765
164 1109
512 1877
632 680
711 935
261 349
888 1609
1303 1393
393 533
797 1879
212 1101
373 1833
215 458
346 1097
371 514
4 742
1629 1738
599 1314
1368 1563
509 1161
887 1418
61 1878
524 1246
1140 1267
657 1559
124 443
1336 1396
1272 1819
173 1755
257 1449
802 1188
99 1015
543 935
68 792
192 1746
449 1362
1113 1593
52 1377
1115 1683
664 1183
44 848
61 1714
549 1286
46 1491
703 1270
400 1230
1166 1390
587 1604
77 1266
463 1430
738 1649
347 1586
674 1726
843 1374
1039 1310
623 1627
879 1406
47 764
249 327
967 1472
927 1575
587 814
292 1061
704 820
962 1063
93 783
281 1721
1145 1810
1344 1864
199 892
291 1659
202 593
60 1207
662 757
753 1216
381 1834
1324 1524
45 534
1550 1749
250 1079
1384 1424
292 1180
502 998
1506 1521
195 1462
1044 1356
754 795
1247 1402
456 570
48 391
1564 1654
138 1157
968 1440
327 1669
234 1809
669 1691
1030 1695
182 1330
423 517
205 1389
294 716
170 1225
387 1040
889 1632
718 1716
532 1076
1127 1658
957 1337
430 1219
1364 1693
155 1750
47 1663
139 1806
410 1782
13 641
131 330
157 306
932 1220
1153 1636
385 1836
247 603
421 592
1129 1605
1005 1215
838 1050
1095 1575
423 1779
733 1142
438 1386
450 886
413 1272
352 927
119 1130
1339 1542
986 1210
821 1307
1491 1596
723 820
1098 1185
1457 1474
890 1138
1217 1874
321 736
50 1463
963 1271
939 1261
398 1098
1118 1639
1172 1228
605 1584
1 1122
479 666
661 1864
944 1326
332 1372
1771 1823
1033 1325
40 1309
403 1378
27 620
12 240
902 954
103 1652
1603 1655
140 1410
243 1119
990 1294
746 1111
265 1544
784 1002
1041 1811
636 1399
82 1241
489 1416
367 474
519 1585
852 1708
897 1300
521 767
1337 1482
1213 1885
1804 1889
576 1690
340 1882
303 1581
971 1560
469 1720
1159 1786
406 1492
294 905
1134 1167
78 1012
143 530
792 1776
44 780
1212 1401
764 847
541 1712
1646 1664
351 884
179 1867
187 647
1534 1623
1200 1422
1724 1844
428 1682
118 1635
51 720
374 773
448 1785
327 1795
697 1469
1364 1431
1572 1867
405 1556
478 1611
656 752
1581 1625
799 1722
1020 1058
1495 1688
1048 1263
1825 1835
871 965
631 698
899 994
229 548
1168 1558
649 839
1571 1594
919 925
774 1840
26 160
1296 1329
1626 1754
1062 1302
327 1423
546 719
479 1765
204 616
1425 1441
1446 1484
853 1316
951 1420
539 907
149 504
185 487
100 1341
651 1224
985 1383
36 1058
1299 1485
91 1119
1428 1865
585 1367
12 69
29 1239
1101 1265
52 574
98 1694
370 1493
129 442
276 369
1217 1744
841 1797
1321 1607
17 960
725 999
23 547
562 1811
572 1856
111 171
1094 1290
387 967
724 1649
83 1399
878 1236
376 1730
285 1513
14 470
1376 1844
645 975
532 625
345 856
1670 1860
647 1369
728 1839
95 849
31 1599
19 1616
689 1565
242 1447
238 649
893 1821
487 873
310 526
348 1774
329 1333
608 1778
770 1040
22 1501
416 418
855 1440
638 1786
81 475
926 1083
1430 1628
110 1324
297 740
516 883
437 787
1090 1259
318 1087
42 688
489 901
610 1617
21 1120
877 1140
13 278
1534 1824
1104 1412
327 1504
431 452
1024 1271
97 1366
219 472
451 1303
1822 1872
964 1439
358 884
744 1251
842 859
1107 1543
1351 1876
701 765
467 1631
146 312
820 1216
1137 1467
577 875
133 950
1116 1516
689 1483
517 730
522 1690
59 1870
1259 1461
109 834
404 820
1338 1391
103 543
998 1319
275 1555
667 1838
293 640
305 1128
255 414
1087 1243
1636 1681
179 1817
650 1832
215 430
101 1518
232 1235
109 232
567 1764
1204 1411
618 671
10 378
303 922
429 1056
77 1774
1162 1455
1403 1626
57 395
18 1231
158 1549
318 394
937 968
643 1605
66 1253
233 1319
803 1415
1135 1455
549 1130
269 1394
559 946
1417 1530
526 1407
424 938
385 1869
382 986
657 1647
