1302 1302
893 1045
149 798
202 1034
252 789
269 920
915 989
96 496
1142 1302
647 868
54 1127
161 704
128 1294
51 718
325 825
423 798
344 809
504 1070
548 756
276 1116
8 41
782 1294
602 685
137 976
315 1028
75 562
36 1208
20 302
383 1080
62 392
167 1022
7 126
452 595
791 1182
57 1061
295 842
457 1276
902 1128
571 857
133 477
347 884
276 1236
282 585
371 671
452 1053
119 413
822 829
543 1230
980 1037
287 341
447 1195
2 899
303 1299
425 1101
692 927
1206 1286
592 1292
700 854
590 626
443 583
145 676
345 762
48 977
115 275
103 774
797 914
65 235
769 1179
242 1046
828 1259
410 745
35 355
229 689
1029 1255
472 1000
271 881
264 875
49 117
375 455
531 1021
30 420
439 575
281 934
435 1003
14 652
538 1281
667 1194
357 1254
160 279
220 355
331 621
316 846
314 1180
1027 1064
545 777
28 399
734 982
958 1240
283 1144
136 237
1044 1225
723 844
949 1234
88 260
578 1105
470 969
473 999
495 782
399 532
759 912
454 1161
458 1126
550 807
652 894
395 502
607 710
50 511
367 1132
453 1267
750 1202
310 1285
366 464
850 1207
91 1199
358 437
138 1005
39 1179
855 1030
14 223
433 1160
831 1141
665 888
211 520
224 853
169 887
269 367
47 823
159 353
394 957
121 597
414 873
405 1107
718 1125
288 922
706 978
79 1043
751 833
59 171
329 361
441 1288
198 489
427 978
400 1190
553 1035
803 1271
416 937
1013 1283
766 869
764 1063
263 1134
421 847
25 280
283 1193
221 770
440 1186
617 622
837 1261
373 468
498 882
196 918
58 1086
112 244
87 691
863 1293
273 1138
826 1177
403 534
1055 1223
204 479
483 1007
516 1023
485 899
215 745
341 843
563 579
48 526
71 1273
132 353
794 1152
605 618
717 975
246 956
437 609
36 936
165 339
911 1026
368 723
344 648
172 380
805 1292
101 1211
208 1268
523 1134
681 839
402 1223
44 62
1075 1120
493 566
311 1009
1206 1238
832 1285
69 869
372 1071
335 1213
530 584
126 730
64 153
923 1277
743 811
754 788
611 1201
664 842
106 877
169 600
1074 1227
349 1090
763 1139
680 987
186 1224
251 354
18 1302
527 754
738 1136
475 702
225 751
1072 1259
66 1138
76 339
2 551
867 1047
81 519
560 1151
1242 1291
387 915
992 1063
350 668
10 434
201 357
425 611
173 1198
268 711
534 574
35 642
799 802
596 1141
663 1225
661 995
965 1044
813 1220
796 1148
599 816
228 773
192 948
317 1191
708 948
451 902
37 862
598 1279
442 576
38 472
79 640
481 565
470 1171
817 1163
627 797
155 277
117 436
485 608
252 699
342 1188
639 1049
664 1198
483 603
391 549
70 137
702 886
181 345
87 654
411 1297
448 1132
445 778
72 1282
569 1119
769 913
256 1073
1159 1195
852 1008
34 397
879 960
573 1226
378 757
683 1077
426 1012
651 976
801 964
786 1041
500 558
216 564
590 775
363 895
88 858
889 1178
56 227
4 1152
327 903
713 1118
954 1175
6 1131
788 1279
686 884
304 1168
318 1052
696 1222
134 1216
100 1056
159 1253
532 930
524 1029
238 890
233 401
612 1079
653 1087
315 953
446 585
598 1278
1015 1084
454 822
3 580
647 719
394 579
322 837
327 671
75 1189
376 475
80 227
556 1163
243 1265
108 1002
49 1040
1066 1111
916 1209
720 1081
82 564
430 1251
443 1200
1117 1248
167 763
776 1264
295 1041
496 804
300 1021
89 576
94 1051
284 836
15 669
358 1205
375 728
290 1116
230 625
480 1169
615 628
865 1031
678 1219
272 572
188 214
982 1191
505 662
139 1042
398 542
247 975
232 465
6 689
11 67
627 1002
13 51
290 1151
275 490
601 694
863 953
96 284
827 1016
250 516
981 1010
432 1255
138 456
1067 1096
1052 1245
109 351
130 170
943 1003
257 624
97 352
1133 1239
27 1246
134 1238
922 1150
175 407
124 740
909 1043
905 1162
406 464
736 1277
957 1295
725 1143
147 790
111 1288
208 332
33 848
95 1229
459 857
1226 1267
53 727
16 672
312 673
847 1146
21 561
56 318
539 1197
1177 1203
23 1050
329 970
703 1167
392 1257
234 785
254 838
467 790
620 1249
631 758
140 668
83 636
759 1276
266 1275
479 1098
365 1068
785 963
371 447
526 539
456 525
209 588
37 1256
747 1012
918 1231
24 892
491 1100
421 670
629 1088
462 973
213 289
538 1033
331 1055
517 1008
566 1219
792 1112
511 892
158 974
241 1300
755 968
812 864
156 409
393 871
893 1011
274 1210
163 1079
637 989
258 308
127 725
267 324
197 288
68 983
218 1296
149 1298
780 1124
210 610
244 688
838 1036
388 905
524 527
674 1187
19 225
4 1096
1091 1245
466 830
554 1115
118 721
471 962
817 1065
304 1228
621 761
906 1215
641 1025
85 654
271 393
942 1128
548 1174
1205 1301
390 1057
259 1032
364 544
305 714
432 721
298 1199
231 1020
531 850
215 979
296 947
780 811
433 521
220 666
18 111
779 1106
840 994
116 1046
555 973
484 1189
349 743
364 998
450 1287
354 778
154 882
337 1142
731 912
633 1164
294 480
515 589
625 739
255 657
285 926
101 967
307 1073
642 1253
33 1076
500 692
434 1228
655 898
195 1014
22 774
297 581
144 453
336 1093
787 1235
92 885
250 501
372 682
704 1287
85 1099
448 860
1120 1130
772 917
701 994
426 772
683 951
787 854
732 1192
338 942
720 767
1155 1271
328 522
158 881
765 1176
107 1250
99 950
528 1166
583 1236
251 846
370 1118
291 343
537 1001
1200 1234
812 1210
1016 1147
887 1127
703 991
818 1126
693 814
50 619
440 604
175 1107
299 1250
601 1104
715 940
187 513
894 1299
203 815
537 1263
643 753
460 508
559 716
575 1173
337 571
297 659
356 952
478 1258
97 955
419 1168
568 895
60 230
60 293
63 1136
206 775
261 835
249 428
28 844
153 408
348 1212
152 525
820 889
505 1119
504 762
166 968
488 649
925 1017
66 955
1230 1240
328 1300
594 1149
687 768
550 935
1077 1183
878 1256
866 1214
503 1280
1265 1270
681 1059
662 1018
176 808
502 510
63 660
985 1069
194 1215
210 238
690 696
80 701
551 958
241 1053
658 1247
960 961
841 931
43 613
554 1229
630 824
530 1004
253 795
265 424
333 965
270 753
561 1066
39 916
377 492
744 870
319 497
494 783
1060 1154
946 1212
380 731
333 676
221 389
458 1090
89 308
174 593
819 1020
145 322
729 1115
151 791
489 711
1196 1213
324 645
360 748
42 309
416 605
340 365
597 776
219 921
306 413
678 866
336 1037
326 1272
792 796
114 663
491 1260
417 593
125 382
240 859
20 459
102 638
32 756
724 1123
347 1147
196 1022
1032 1146
582 963
16 996
830 1121
223 1158
147 608
193 924
178 1150
190 773
123 164
267 294
415 544
740 858
114 641
83 748
160 540
154 513
985 1130
445 487
565 810
105 499
320 1049
395 1291
199 929
94 834
11 352
679 917
53 57
777 1062
323 990
980 1218
919 997
277 1004
938 1072
450 1216
98 934
839 1227
913 1054
74 1039
623 1087
849 1038
560 737
102 191
620 1204
1187 1197
568 1070
589 732
312 1005
98 478
640 1117
933 952
165 247
285 545
471 602
78 245
205 813
404 705
187 1083
191 1088
680 1086
321 467
383 1194
130 709
195 1074
1013 1122
919 1113
607 1235
129 637
156 1217
856 939
382 991
321 670
431 814
436 439
374 567
120 243
211 591
419 865
805 1186
213 897
587 666
171 390
950 1094
86 1171
904 946
116 212
871 911
235 492
932 1241
686 956
521 977
461 890
749 971
880 1301
71 746
1095 1145
112 1094
438 643
29 508
264 855
258 441
299 1131
499 695
86 1071
362 1221
202 359
286 624
262 724
409 698
446 563
178 986
21 110
105 824
184 239
61 570
486 1211
617 1224
246 687
384 1242
173 488
698 1257
298 949
707 908
549 840
883 1185
204 1181
386 1081
1058 1284
843 959
1015 1203
900 1011
712 1148
103 482
821 1095
385 944
106 166
613 1269
418 771
118 1069
151 628
626 803
734 1164
1169 1192
316 972
379 474
182 189
929 1019
509 1027
665 1110
396 622
606 1237
634 739
633 1154
362 833
129 1010
120 482
307 1143
832 891
650 874
55 463
404 800
29 182
302 388
311 461
281 1085
864 1062
306 1033
517 1158
506 859
132 650
52 1214
737 1165
1100 1170
157 903
184 707
356 1050
449 1098
1023 1089
760 897
639 730
807 1101
325 1173
997 1252
334 1040
31 1244
819 1103
64 636
148 937
408 852
73 406
104 199
32 697
376 853
800 1054
556 1018
262 1264
384 861
161 1268
214 623
233 909
657 970
334 449
216 834
330 381
793 1297
444 693
59 1157
179 212
910 995
140 543
280 936
192 1180
1084 1266
24 330
389 806
547 1204
418 473
535 1254
107 176
727 795
595 1048
422 1232
289 635
926 1160
348 716
493 584
5 121
109 573
186 1121
224 1082
767 901
962 1165
679 883
577 784
190 932
528 1237
644 750
206 699
546 606
520 874
610 779
68 82
310 541
619 1114
90 133
301 1161
507 1123
296 567
444 1135
174 709
172 1262
319 726
484 1028
152 1270
282 898
735 1135
1017 1133
273 558
65 705
8 1078
9 710
481 851
170 1251
22 1144
1102 1129
163 343
12 1153
586 907
142 188
278 930
260 515
222 872
708 862
270 793
157 1031
648 1269
1024 1112
249 900
722 979
292 506
236 587
189 967
217 403
128 1058
309 630
691 831
722 1035
7 261
1122 1176
867 990
78 964
603 735
988 1220
1045 1275
391 1246
313 706
100 1108
360 1233
386 766
77 1099
581 1149
77 971
758 1030
1182 1183
417 1025
405 945
125 536
58 878
738 749
74 542
45 596
886 1190
669 1089
226 442
460 1273
122 1172
841 1155
141 370
81 771
427 1232
714 906
168 809
1 412
194 429
572 987
155 1124
684 888
135 139
672 940
385 1184
338 801
200 1258
368 1060
119 468
44 933
93 825
495 1188
469 546
185 752
632 768
266 988
509 1051
113 253
741 1274
124 923
127 939
30 41
552 896
72 162
588 1075
162 1172
609 943
150 512
477 646
594 789
317 712
34 1137
396 420
46 451
144 690
54 323
207 634
1092 1108
291 638
15 941
457 1129
880 931
26 998
462 653
614 1243
378 673
350 1145
746 1295
181 959
407 954
582 872
618 845
92 217
379 415
1125 1159
742 1157
755 1196
578 1057
248 570
961 1137
69 928
70 876
1091 1207
1105 1296
1170 1217
164 713
877 1184
646 981
422 1113
183 604
907 1252
466 659
279 1266
84 656
818 827
829 1102
205 1156
615 996
876 1280
369 802
278 1106
361 1293
1221 1289
1185 1244
1036 1202
93 547
428 938
143 1249
19 835
577 821
553 1156
1 268
351 402
257 695
377 719
816 1193
122 986
644 966
25 674
741 873
616 868
1067 1111
849 1241
84 1059
600 969
197 363
523 694
293 423
429 804
1056 1298
67 131
346 1109
76 256
46 292
927 1047
42 904
599 1104
700 1093
522 1290
91 557
1048 1284
99 146
667 682
254 259
123 951
359 1001
219 332
569 645
45 632
786 1064
110 736
757 1009
398 799
236 514
529 744
765 820
366 826
13 806
908 1034
115 313
3 272
1006 1097
9 688
983 984
512 1065
1038 1153
335 476
1260 1263
783 891
784 1167
95 300
742 901
179 535
861 875
519 1114
675 760
150 414
410 733
487 629
761 935
346 845
141 255
1175 1247
73 193
226 993
222 369
476 1019
1014 1201
540 1239
38 180
430 925
557 562
180 999
274 870
677 1082
201 536
340 1209
424 533
55 303
104 185
794 1085
501 828
108 1139
31 966
848 1248
486 1000
198 1092
616 1178
10 879
514 781
177 649
747 1078
810 1289
507 823
143 1039
1218 1233
61 239
200 586
168 860
533 1109
612 885
131 374
245 1024
17 494
373 400
631 635
715 1068
455 717
113 685
203 851
910 1274
1006 1243
498 1140
490 1174
229 1026
438 677
142 1080
43 559
401 541
40 592
411 503
234 529
661 1262
248 342
326 555
944 945
518 1110
90 148
469 474
510 1283
764 984
136 726
286 497
40 1076
23 228
265 928
412 815
231 658
207 1208
177 1222
27 781
12 972
5 1007
914 1061
697 993
655 1231
146 397
47 1278
463 921
808 1083
675 752
580 947
920 1282
52 992
237 552
17 320
924 1042
183 1162
660 733
387 651
218 435
1097 1286
518 836
240 314
896 941
135 1103
684 1261
287 728
770 1181
301 1290
263 974
305 381
465 729
242 656
431 856
614 1166
1272 1281
26 574
209 591
232 1140
