1817 1984
387 625
1077 1128
1222 1780
2 739
1184 1626
1 681
1269 1360
244 1129
602 1304
703 1244
1631 1697
404 1769
110 1618
890 1140
1239 1787
12 360
209 681
345 1451
923 1322
128 1795
263 979
315 1393
689 1073
20 1340
10 34
961 1669
471 1739
121 620
444 988
98 1321
180 426
1428 1607
1420 1432
188 1456
767 817
262 488
532 973
1195 1400
1348 1435
315 1381
1078 1793
980 1387
709 1449
441 783
169 591
215 748
208 630
392 1550
793 1442
599 1211
153 399
1450 1683
67 1116
642 1356
497 1643
227 1450
1230 1650
1201 1575
872 1080
522 844
590 736
1011 1611
873 1353
139 250
584 1075
245 405
172 259
256 1007
1333 1791
888 1002
644 1666
905 1480
807 1361
275 1204
182 712
187 596
166 808
903 1388
133 1477
37 1157
1182 1424
650 1092
158 1050
101 1346
280 694
47 788
19 951
564 896
612 1471
425 1378
247 1043
596 975
912 1614
334 1308
506 1144
386 1770
500 1763
608 1470
217 1258
882 1602
999 1148
1084 1392
840 1572
156 952
356 1183
1224 1567
1061 1508
540 1615
720 1333
737 1205
719 1711
1383 1585
166 253
490 1322
214 844
467 1387
120 1717
388 1344
721 1157
25 151
27 738
1028 1134
1130 1231
871 1102
866 1572
631 1318
985 1470
211 1066
104 1651
1041 1776
215 932
166 864
997 1359
638 1759
984 1055
1061 1601
718 901
593 1141
315 631
1149 1447
904 1493
341 567
26 1685
236 1791
1018 1596
601 1141
686 1274
35 1248
919 1695
276 666
1452 1599
1382 1703
186 1215
1088 1710
670 1598
255 1637
1052 1271
619 723
502 1464
336 1325
1553 1721
252 647
1022 1207
3 1300
76 829
1248 1741
583 986
288 568
1313 1747
1517 1774
260 1168
323 510
967 1714
571 1612
1144 1265
1006 1763
908 1749
847 1398
253 832
340 1514
572 1202
432 1355
242 1030
446 576
388 1024
663 1309
983 1542
8 1165
193 257
1181 1349
849 1149
786 950
1091 1409
97 106
233 430
137 1599
50 1692
881 977
609 1481
1266 1475
69 1811
307 1121
590 1084
430 1694
1459 1590
421 1420
810 1693
1341 1506
718 1707
908 1395
1233 1774
519 647
456 1306
1027 1297
759 1636
659 1172
699 1325
339 1742
81 977
404 520
80 1118
328 626
741 1784
767 773
397 1664
109 267
994 1038
921 1205
180 514
1592 1792
636 924
469 824
219 993
1334 1726
640 1577
798 1080
583 1590
32 1200
624 1440
707 1487
716 1801
1217 1441
831 1036
513 1143
5 791
1 1738
200 1414
982 1031
23 115
987 1070
199 1783
563 1610
470 668
151 154
856 1668
81 847
12 667
87 212
640 1124
168 292
481 671
1145 1176
116 1162
892 1582
211 706
6 357
869 1625
1351 1496
952 1388
424 865
73 1656
462 850
1171 1764
539 812
161 1446
1489 1755
1497 1790
396 1535
820 1364
1044 1240
639 659
444 1242
1202 1294
1255 1764
238 584
384 1426
303 1137
20 1743
311 393
18 832
598 1132
1089 1425
1251 1804
170 351
193 209
497 1021
138 987
878 1188
78 386
546 1130
825 1458
267 1757
788 1193
889 1370
424 959
1402 1642
732 960
225 1055
641 1020
114 273
672 1424
37 656
241 1720
145 1480
795 1810
94 392
407 1728
224 758
247 775
278 716
111 122
1483 1576
652 1730
550 1526
337 1687
863 1765
1048 1682
1221 1746
1145 1780
1193 1448
127 1405
595 1214
762 1280
1423 1528
69 1273
941 1653
332 1695
1006 1580
1104 1128
1366 1638
254 1637
15 1533
489 1761
13 989
895 1433
1106 1474
246 1706
578 1510
628 865
1673 1805
632 1442
634 1628
20 245
1105 1172
971 1276
120 1282
461 1582
1071 1512
1212 1712
318 1716
710 1110
1233 1658
775 1446
266 1615
44 1045
190 1268
1150 1738
1335 1432
955 1172
575 1214
1190 1320
656 1004
302 771
805 979
777 1609
1644 1749
765 1621
65 1299
108 595
455 1444
955 1647
796 1651
1346 1452
1310 1498
785 1033
701 1724
450 1797
177 1756
981 1342
641 1105
794 1586
380 1397
155 176
229 1438
331 614
547 863
774 1311
1306 1337
199 1068
403 1253
1477 1529
1587 1730
127 1046
246 296
170 916
773 1614
611 1272
248 859
855 866
823 1536
184 1551
632 785
169 238
1410 1604
735 1275
542 800
1320 1477
842 1525
545 1284
564 1045
1345 1499
189 416
1659 1778
1456 1484
1569 1577
57 1563
289 1612
123 1688
899 1591
1554 1757
31 691
1204 1597
7 1310
726 1419
823 1343
72 1686
293 1187
807 1706
911 1034
3 665
537 1250
489 729
1226 1652
314 627
126 1106
1173 1812
898 1607
294 1089
866 1408
410 1035
668 1246
1291 1611
268 1600
373 917
75 724
643 1225
221 1427
926 930
316 791
329 1606
260 1323
459 817
241 1507
4 1589
1218 1642
67 1434
1609 1733
852 1600
621 771
402 696
1025 1244
398 1392
663 957
419 1705
246 1364
850 940
854 888
937 958
1010 1509
1427 1698
479 1403
128 1357
354 437
350 1374
876 1784
215 631
113 1267
695 808
488 1401
784 1286
537 1474
478 531
205 1448
575 1231
143 232
484 673
756 1559
1180 1522
1254 1517
1236 1456
1714 1784
390 740
1624 1740
477 1658
1221 1223
102 1069
197 1512
237 1434
330 753
197 1196
1358 1511
1559 1571
1097 1204
41 102
411 698
664 1726
1026 1715
411 1283
407 858
499 683
443 1340
1218 1455
722 1678
343 946
304 580
509 692
401 739
525 1252
1208 1467
468 621
202 362
649 915
679 1443
1415 1623
482 1138
1334 1704
753 776
969 1657
1226 1467
33 526
337 1394
1686 1751
1330 1728
322 540
1085 1677
511 1521
466 1201
384 1740
333 1722
1367 1608
557 717
869 1488
904 1412
597 1803
501 742
1053 1247
1481 1809
389 968
1076 1698
1285 1446
410 1772
1653 1812
27 615
1371 1565
307 1256
283 837
728 1056
28 1247
866 1050
789 944
516 1534
256 1349
320 875
936 1765
733 1758
273 475
1482 1712
427 1033
21 1430
966 1210
203 1700
1174 1177
1136 1431
990 1412
49 884
14 1059
16 1736
597 1383
751 1581
829 1047
123 637
613 1437
221 358
126 234
1699 1701
428 548
713 1808
65 1780
950 1319
310 573
157 474
497 1243
75 761
471 1109
774 1646
49 1125
119 473
1068 1259
101 419
937 1793
370 1794
460 758
99 1674
1476 1591
862 1551
117 1134
129 1389
535 918
306 930
1530 1802
177 688
294 481
325 453
336 1640
1209 1728
57 1524
722 1345
157 301
710 1260
318 556
88 804
467 514
346 1772
223 1074
39 1183
935 1026
1292 1463
1453 1631
852 1161
198 1254
622 1123
792 1067
883 1525
585 1303
669 731
303 1532
63 1665
323 1682
492 509
666 1464
748 750
11 185
286 1754
361 732
720 1760
98 661
329 1515
527 1685
566 1547
1060 1526
493 1007
16 957
414 1557
297 867
790 1384
222 1363
201 717
1265 1561
588 987
265 810
1713 1723
372 932
997 1778
3 330
259 1806
1433 1674
713 876
1002 1097
433 1814
3 1096
173 1304
511 702
52 1492
582 1250
456 1811
6 216
650 1098
822 946
523 961
457 1160
1194 1538
556 1086
297 1058
843 1290
306 523
148 1646
838 1146
383 868
1064 1555
1108 1161
1216 1697
142 910
313 1766
204 1548
1017 1191
709 1477
1665 1668
1162 1222
139 1702
323 1135
617 1396
921 1662
15 1151
953 1743
400 1010
510 1689
774 1262
607 627
1234 1417
405 1166
673 802
1469 1620
568 571
532 1527
986 1720
555 1528
536 1198
669 1458
415 903
80 934
309 1328
164 1037
843 1495
746 821
1421 1584
469 1539
990 1205
987 1341
1083 1253
326 812
675 758
1219 1718
1178 1768
1331 1507
288 550
1583 1807
229 1301
1300 1432
507 565
593 933
1516 1663
43 895
1647 1796
135 1759
427 1181
414 1457
323 1151
196 308
547 1174
213 801
1326 1693
448 503
321 1767
138 1197
1437 1664
271 1238
557 1588
1156 1293
1356 1742
530 1196
146 1503
1353 1379
217 1239
534 1125
210 1441
251 334
1053 1262
1266 1631
432 1140
56 1237
317 1402
655 796
196 570
893 1000
29 1641
289 1426
1301 1476
984 1206
874 1416
352 1773
191 521
1360 1419
13 189
251 1284
159 1225
226 386
1321 1389
82 577
118 1288
629 1672
939 1038
343 382
643 697
1126 1146
433 1200
1667 1711
735 1803
164 1291
83 788
782 1568
189 327
976 1564
806 1166
948 1571
1138 1789
64 1466
910 1468
223 1015
312 619
1473 1531
356 1777
1224 1619
851 1375
225 543
376 1641
418 485
1354 1635
17 938
581 589
458 525
903 1307
1131 1135
155 1056
809 1142
558 1293
60 968
135 964
282 1013
512 626
706 1425
1011 1175
1407 1554
55 295
655 1107
448 1000
233 369
879 947
1246 1672
498 1418
145 835
573 1655
136 1543
484 861
524 816
1133 1196
428 1541
449 1167
1173 1563
313 1064
1537 1616
454 920
207 1518
368 1250
675 1008
842 1573
220 267
1170 1745
516 1696
1332 1496
137 1205
1357 1758
900 1296
93 1133
158 546
422 1523
27 1219
410 1298
172 1813
939 965
903 1717
676 1746
1519 1617
261 662
1455 1611
295 1492
815 1317
95 976
406 1477
167 881
141 152
1384 1408
235 718
413 524
421 1478
310 1203
975 1312
176 1556
482 641
606 804
839 948
200 470
781 880
953 1633
393 1504
1090 1603
2 1795
1131 1261
848 1281
1609 1800
425 450
207 1491
269 1727
581 693
846 1197
583 1167
361 443
1111 1179
526 1645
1235 1640
1379 1774
590 902
178 552
313 1608
927 1577
527 1118
587 942
1212 1648
204 960
1372 1699
909 1486
163 970
757 845
1531 1538
884 1657
1390 1700
826 1074
634 1069
71 487
1212 1275
248 280
464 1119
816 1338
159 725
366 1285
179 725
47 1649
278 1251
1261 1754
150 574
569 1316
1341 1347
447 747
729 1454
31 617
890 998
660 1605
73 592
97 1490
231 1047
1117 1496
833 1756
834 880
160 462
196 1369
379 1721
838 861
605 612
225 1485
905 1440
1189 1289
111 921
730 1638
999 1249
435 1736
205 1429
171 545
254 414
641 874
962 1719
79 894
560 707
1316 1372
886 1750
140 1752
745 1185
344 845
1101 1329
368 472
538 544
228 505
1377 1634
27 324
417 909
1350 1532
919 1275
77 958
1025 1753
300 997
1220 1741
1386 1644
1016 1317
1010 1733
131 677
354 517
1330 1775
170 749
319 1386
340 963
36 1494
1263 1781
359 1103
89 1013
267 897
1030 1404
274 1114
685 1324
1250 1296
726 979
1092 1678
577 852
468 870
893 1024
624 836
272 1511
929 1192
22 1424
761 1257
588 1597
539 1063
1534 1689
569 857
154 1380
46 425
1081 1790
66 1544
286 1690
239 912
243 1737
1081 1164
1085 1718
1049 1478
1077 1245
1475 1674
657 752
222 1737
1570 1692
301 878
215 397
1704 1807
1009 1661
499 1014
956 1815
51 1385
458 1618
244 1460
501 1341
431 1631
290 1643
451 747
348 551
440 827
822 892
1644 1667
750 1547
923 1335
50 268
831 1631
715 1610
578 913
1079 1479
494 636
53 249
1122 1609
232 1729
113 339
809 1132
190 945
120 1587
604 817
381 1072
285 528
67 1414
383 1204
231 1228
91 994
962 1065
819 1331
1688 1769
622 1636
326 1048
1020 1104
755 1799
1041 1411
11 974
486 1493
167 1579
1220 1601
1708 1792
463 846
396 582
825 1533
431 1439
814 887
108 810
698 1057
149 1248
107 877
287 1465
1234 1680
292 1677
147 1039
439 1453
463 1505
201 1696
121 711
466 800
1515 1578
27 746
162 1501
618 715
925 1012
284 766
250 1642
154 1683
228 654
1027 1748
613 1391
514 700
377 605
394 461
45 631
68 1549
1239 1814
612 1735
836 1531
1537 1660
782 1513
30 1194
105 744
513 642
62 1782
1092 1286
645 1136
514 1051
146 1113
163 1115
1432 1516
1305 1447
161 437
4 328
486 1230
496 1531
54 1549
1501 1639
39 877
1299 1350
236 417
567 1099
1075 1511
160 1639
963 1415
1431 1798
72 1268
302 1019
670 1171
192 639
642 1352
465 1087
534 1626
335 969
455 1094
1439 1684
1185 1708
648 1734
678 985
811 1520
1237 1622
885 1459
46 1164
1472 1703
360 1658
609 1588
95 429
345 779
799 992
429 863
1305 1632
309 1644
931 1152
660 1035
1005 1560
262 349
341 1447
377 1215
563 572
1294 1627
992 1361
770 868
602 1099
68 154
1169 1430
695 1732
830 1770
1381 1777
373 784
576 1797
261 1675
385 867
93 214
898 983
140 227
759 989
849 1562
1624 1785
871 922
257 1191
927 1805
633 811
1562 1654
562 1513
1249 1289
1324 1334
255 1241
230 594
185 240
28 714
587 979
1264 1806
409 1468
51 860
1248 1461
1268 1506
173 1685
394 1268
423 1023
534 1443
331 560
403 788
117 409
781 1310
591 1093
694 896
459 1789
92 714
1001 1199
483 534
374 1816
1497 1596
885 1065
674 1110
1188 1595
586 1229
189 377
183 1127
941 1424
353 413
242 541
664 1196
954 1773
235 1243
90 802
19 615
1327 1556
452 954
887 1391
787 1146
203 320
435 495
33 1509
365 1103
224 631
1671 1788
972 1111
515 1224
112 130
1373 1650
606 1276
258 917
1155 1768
260 1018
473 1283
386 1771
82 1029
226 1659
74 555
408 1376
347 1158
105 1629
604 768
1667 1725
1343 1565
625 1102
818 1731
911 1521
794 1501
84 1070
131 483
687 1589
67 440
646 1323
1034 1413
1403 1435
30 1734
697 743
208 284
109 635
257 614
1005 1401
120 702
270 504
38 283
311 1203
348 1416
1008 1545
347 772
162 363
322 1474
574 708
298 628
570 1572
400 1748
377 1578
1126 1580
418 1284
610 1041
1000 1491
305 705
449 1557
1373 1705
1407 1544
184 1173
682 995
1223 1583
902 1762
315 342
690 1675
981 1747
223 490
267 1042
45 1809
195 1029
415 906
480 1687
536 1235
783 1079
1114 1744
26 1504
608 1273
263 1603
465 1436
956 1287
553 1252
680 944
819 1122
671 815
59 1499
290 401
678 1119
842 1698
170 1101
682 1673
38 1682
501 1290
500 504
1314 1536
618 1617
1302 1417
382 1486
187 194
776 1709
769 1489
824 1178
769 863
20 947
476 780
1120 1395
686 1574
1421 1501
943 1369
445 1295
979 1375
1382 1457
977 1255
344 994
798 1762
271 1802
291 1709
559 1263
701 1449
1287 1394
372 872
230 1446
40 942
725 1208
635 1679
1015 1227
873 1022
42 1523
886 1067
1377 1699
1033 1722
385 1745
154 633
592 857
978 1558
91 693
310 938
965 1744
508 833
174 1702
875 1264
1633 1753
894 1284
71 1113
856 1169
86 1483
382 931
583 1399
638 1728
734 1019
1033 1342
561 1402
8 1357
454 1165
579 1513
757 1155
100 1794
1040 1760
294 1298
122 206
1551 1801
1170 1404
239 1082
457 723
1540 1616
90 1031
174 1767
1422 1485
249 363
680 734
89 350
879 1090
585 813
48 1021
786 1229
853 1041
168 1004
269 928
83 853
183 1267
92 517
1120 1385
426 744
1043 1339
67 712
677 1378
158 1303
630 1715
690 835
629 1774
304 1751
415 907
264 277
652 1781
656 1546
763 1152
1163 1273
141 1629
391 719
966 1337
399 736
518 1142
1463 1627
842 1490
830 1127
522 1713
1496 1799
967 1274
271 994
840 991
14 1347
1522 1613
1109 1180
515 611
409 1100
558 1283
1184 1365
106 891
651 1302
218 1541
841 1224
87 552
55 1370
18 206
5 390
1177 1716
266 751
133 369
491 642
376 1059
220 929
308 620
124 1584
301 839
687 1184
479 1373
940 1124
1318 1376
412 416
943 1552
460 1690
23 653
563 914
1397 1573
1028 1121
382 509
25 1247
760 1691
378 1192
332 1654
494 1052
463 1159
243 656
1314 1669
70 436
764 862
181 974
1057 1594
1399 1575
580 1725
107 385
156 964
803 1039
541 1393
85 240
674 797
737 1338
64 870
1248 1666
316 468
280 1044
1367 1371
116 375
353 420
1058 1661
22 395
1409 1768
182 1207
41 1715
299 1472
939 1545
144 272
118 496
298 1684
79 1278
535 916
731 758
359 1100
562 1093
538 1009
291 474
342 1466
357 667
279 1333
280 1527
201 520
124 1488
104 1186
1605 1710
1153 1460
1189 1314
148 436
561 1129
600 1147
1217 1775
178 336
371 933
1585 1632
438 446
508 949
112 281
601 922
745 1098
120 689
521 820
29 279
76 1681
1351 1413
559 1332
599 818
476 616
1418 1432
62 704
271 1465
464 491
355 656
495 826
1611 1796
642 1210
699 1598
603 1551
192 934
410 1576
447 480
821 1406
351 996
198 1072
679 1227
166 1510
338 1681
657 1810
1198 1579
530 1436
463 1542
1786 1817
85 301
563 810
1273 1680
259 1259
654 1336
299 442
61 1451
423 752
445 1153
60 1241
265 1405
9 1780
420 1373
76 1742
134 756
1023 1250
1288 1564
852 860
76 305
260 730
1012 1495
367 398
314 1195
349 1239
506 1016
195 1816
645 1566
1482 1487
367 1242
327 1422
518 783
375 1116
772 1240
1107 1543
215 988
389 407
158 1815
385 1327
42 439
691 1701
103 803
58 792
63 274
787 1049
1239 1735
438 646
1154 1315
406 434
194 921
54 1313
727 1040
1307 1771
837 1783
129 144
296 313
24 1619
56 1076
780 1779
352 1117
188 915
48 53
234 1724
132 1282
648 936
512 1728
866 1540
1462 1503
341 1660
237 274
891 1593
951 1363
66 1315
258 996
293 314
472 1428
385 1001
997 1060
543 1054
507 768
754 1755
651 1143
115 1787
210 1496
841 1355
565 649
607 924
959 1365
1723 1768
10 755
312 842
882 1108
492 1362
478 848
548 828
1017 1471
84 259
7 1519
1271 1651
447 834
277 763
925 1469
907 1277
1179 1366
282 1494
1150 1648
153 566
485 1094
477 1137
218 412
1036 1083
300 1462
1187 1410
281 324
590 814
1054 1628
425 1032
589 913
365 770
103 684
21 1750
70 1156
579 1670
40 623
590 637
528 1553
59 1329
1196 1374
335 1182
805 1216
196 1630
152 1698
551 1003
703 1415
864 906
181 1096
918 1211
480 684
1245 1655
1348 1530
434 1621
1000 1479
202 1808
463 1694
61 317
364 790
201 728
743 801
554 1474
402 1358
1423 1674
52 78
114 1546
1112 1715
170 1592
110 1273
1502 1755
395 663
764 797
86 653
1154 1674
997 1739
1269 1278
17 1003
289 533
364 380
1037 1265
1063 1813
1086 1531
341 928
1092 1731
493 1380
1309 1461
926 1766
899 1502
612 1732
1464 1620
1719 1800
252 1095
939 1535
1438 1480
883 1647
1670 1691
1173 1671
88 742
738 1604
186 598
175 344
741 1160
789 1354
683 1141
201 688
374 509
1175 1782
1236 1270
662 754
788 1260
1073 1232
362 1141
119 594
661 1513
1326 1500
346 549
1311 1558
315 544
132 452
1163 1209
1139 1785
246 1606
475 1406
1176 1257
1357 1577
789 1199
276 1095
762 1213
171 336
246 314
480 658
542 777
77 225
1550 1551
1213 1567
125 1277
704 783
718 828
973 1228
779 1634
285 1238
136 1400
166 727
441 733
333 1752
519 1333
409 1750
503 799
270 982
529 1552
1033 1092
778 1560
289 487
371 711
1078 1279
1071 1539
35 982
453 554
851 1444
143 1667
32 549
610 998
1087 1368
370 1051
531 970
1062 1066
43 378
1473 1729
672 1168
977 1173
96 1328
889 1742
1295 1699
264 945
1319 1474
1647 1786
813 1046
897 1524
319 1570
142 854
705 1158
1247 1314
740 1635
994 1297
289 859
949 1652
74 1679
44 338
366 749
1139 1359
658 1292
179 408
1402 1656
920 1568
766 1206
793 1520
100 358
275 1256
58 1774
175 1396
321 685
147 1676
972 1032
1091 1368
150 391
149 505
165 724
94 1429
36 1768
191 1518
600 1411
696 760
533 1613
900 1454
1112 1279
993 1727
125 1645
1339 1555
1569 1625
9 216
379 1662
616 1776
165 1658
1088 1258
978 1594
250 676
901 935
863 1362
134 665
287 1312
855 1445
806 1514
219 1817
130 721
442 858
1445 1593
1147 1280
451 1498
387 1630
1186 1344
586 1190
644 1595
1159 1761
96 1602
34 1232
903 1439
325 765
529 1014
1062 1561
623 1308
1390 1682
795 1505
212 1398
1415 1548
700 1500
980 1622
1115 1172
1649 1804
1508 1663
24 1779
498 1336
692 708
991 1574
995 1586
603 1272
1042 1566
410 778
553 1352
1123 1707
497 1511
1000 1148
213 1756
1082 1484
422 1788
502 971
355 1651
1529 1581
1281 1685
99 1798
310 1270
914 1676
1284 1623
381 827
