1849 1956
1513 1642
503 1259
962 1582
1164 1313
753 1103
80 890
135 1241
1177 1483
923 1479
745 1548
448 1119
228 1354
1206 1388
840 1479
1686 1807
1360 1427
161 1456
772 1424
929 1066
401 877
230 1753
1676 1820
500 1292
478 759
455 1559
918 1135
255 652
1409 1485
1170 1400
1094 1817
105 499
326 1790
1218 1439
267 999
25 567
409 820
633 1641
493 1341
619 1019
1146 1619
470 1691
853 1561
856 1636
792 1320
456 1069
118 321
256 1559
190 1136
150 898
1582 1761
1428 1712
1251 1275
1437 1670
341 345
611 693
1475 1692
577 1597
837 1103
1491 1727
59 328
674 1793
1143 1210
687 793
825 1576
376 1277
212 1430
971 1029
167 240
132 738
548 892
994 1335
49 1334
1250 1408
125 359
1627 1844
50 57
308 1605
15 1590
235 1370
311 437
1373 1688
262 1709
72 654
1049 1619
540 1037
1128 1166
223 1570
587 1229
278 1523
1634 1713
139 1194
1411 1574
583 1130
708 1357
560 1302
441 1848
640 961
1316 1712
792 1751
733 1703
784 1573
479 1417
696 768
161 640
394 1531
562 888
231 542
98 1250
997 1014
216 1706
926 1263
1464 1563
1125 1340
1491 1556
219 602
201 1375
712 1169
172 1416
188 1652
223 588
498 1692
51 1085
710 1272
958 961
516 1478
335 1737
1119 1788
628 1206
390 1008
1028 1847
909 1687
418 1304
304 368
1152 1432
47 1701
1339 1825
114 121
1215 1815
413 982
778 948
802 1432
719 1598
17 156
972 1405
939 995
30 1595
418 1060
776 1587
1362 1750
103 1565
284 1391
464 1360
430 848
8 1533
382 704
636 1741
440 720
202 1424
515 1124
429 1812
1464 1718
366 1566
1252 1549
295 791
420 1753
1313 1431
864 1196
35 1424
1119 1712
140 992
153 217
298 1101
1699 1733
1267 1497
601 874
398 899
1095 1296
1192 1210
1129 1789
119 736
271 1751
959 986
118 1729
497 517
1253 1496
77 1143
211 407
113 1107
314 807
1324 1552
1003 1051
436 1227
585 616
819 1529
14 1252
872 1059
62 1818
235 1806
562 1567
584 1761
886 1441
579 652
109 1786
134 812
20 1519
100 1741
14 977
336 892
1155 1704
1710 1744
545 1738
475 1633
500 1691
1245 1440
891 1757
149 1358
122 1748
41 309
505 1096
1492 1849
341 1104
568 1135
92 226
318 1227
612 1292
528 691
66 178
327 1067
284 1225
395 1352
1723 1844
1257 1455
575 1537
1089 1549
3 1022
783 984
542 976
1524 1807
529 979
112 1094
374 1082
492 1383
1265 1830
799 1414
178 270
449 1512
630 1368
1147 1160
830 1302
337 413
114 1403
677 1537
1002 1451
535 1035
679 1351
1230 1394
8 1155
88 1399
324 1577
576 1495
924 985
204 222
1249 1448
83 1471
1069 1603
565 1808
1381 1693
1384 1495
1213 1430
967 1183
117 815
865 1809
933 1139
736 1398
829 1498
427 1831
448 1588
835 1801
703 854
1405 1836
531 1742
1138 1544
444 1779
79 796
913 1097
1039 1499
475 747
218 533
732 1238
1031 1694
36 1436
237 1657
1300 1598
166 1053
804 1110
658 1364
765 1837
276 1014
854 1707
380 538
590 1601
1165 1408
498 1299
355 1262
1081 1179
46 1029
556 1802
728 1121
510 589
454 1604
279 777
1162 1660
63 802
338 983
64 1234
438 756
523 1499
1588 1828
51 509
1337 1550
841 1387
1764 1816
107 265
69 354
1355 1562
912 1614
1360 1442
773 983
56 1563
546 1627
893 1450
225 474
264 1292
869 888
425 1620
643 716
4 920
625 1512
1523 1712
160 966
523 1555
980 1441
69 393
806 1513
494 1002
608 1659
608 697
1319 1631
268 313
1353 1596
788 1259
43 194
558 744
1344 1460
5 1720
259 883
578 1760
141 734
296 1734
220 865
1152 1213
910 1419
1412 1589
666 1299
1026 1295
1345 1541
255 1458
1526 1715
127 1370
1387 1722
618 689
97 335
1149 1769
839 1827
808 1717
244 1216
280 1070
886 1061
1276 1580
373 534
1539 1684
787 844
169 907
8 1381
337 418
881 1181
1054 1555
1164 1211
159 210
1636 1655
406 1364
278 1778
474 1525
761 1669
403 1328
256 1791
579 722
617 1113
602 668
58 808
345 1725
813 1784
126 214
24 1127
1311 1739
37 596
917 1059
450 1050
401 1247
460 577
320 463
282 288
140 1272
122 863
721 858
28 1546
217 1829
1356 1504
414 623
1154 1815
356 1445
891 1076
1013 1440
790 1625
391 1680
147 525
723 1493
412 1822
1517 1767
731 1715
448 544
233 1552
1336 1805
261 1023
117 1600
1489 1635
711 1481
231 1053
416 514
784 1534
76 281
145 1040
1011 1591
592 885
39 1316
175 1474
964 980
932 1581
364 996
817 1193
143 1776
1157 1846
566 965
1211 1824
429 952
957 1085
148 454
504 711
572 747
1140 1569
1280 1639
903 1747
1201 1389
461 1421
549 933
525 1546
1436 1603
836 1554
250 590
910 1346
845 1407
781 1089
30 1779
208 1632
33 1662
829 1084
38 154
1041 1119
1280 1843
1348 1435
17 955
516 1496
372 1287
2 404
95 567
184 859
272 1610
853 1338
306 398
820 1080
1508 1570
520 1396
443 1235
570 628
613 1490
1278 1411
408 440
531 1109
922 1037
598 1376
1811 1835
824 1665
304 1687
86 1672
60 1186
1421 1498
250 530
559 728
833 1112
229 1618
171 1021
141 954
63 1290
673 978
195 257
266 1697
45 1410
707 1518
43 139
446 1612
804 1695
897 1160
1134 1291
702 1106
579 861
148 1533
279 1676
61 730
1073 1593
244 302
240 931
1133 1706
1077 1150
61 1732
1102 1643
760 1042
461 695
511 620
1102 1799
215 683
1260 1505
764 1448
757 998
689 1530
388 1466
404 1224
179 205
1698 1745
94 564
291 1378
707 1222
24 94
924 1637
964 1785
522 678
1043 1308
248 1416
533 660
663 801
979 997
1189 1772
783 1168
18 1293
558 646
48 851
419 947
283 902
13 1021
496 1332
165 173
211 712
233 1558
605 1609
994 1107
653 1141
879 1084
1243 1716
408 992
1383 1439
390 1687
487 1235
259 389
371 1540
191 1389
676 1587
285 1310
704 1077
377 1806
380 472
1020 1180
308 1673
932 1363
870 1820
198 796
487 1582
23 1317
152 1177
694 1788
626 1355
28 1813
588 1108
143 665
210 1620
1000 1659
294 1666
50 1541
952 1656
1550 1709
658 1032
81 1545
142 1805
649 748
1468 1747
620 763
399 714
135 1274
1558 1599
50 156
1008 1572
686 828
1621 1805
1318 1593
192 637
680 1719
1551 1741
607 871
770 1312
405 1503
1423 1480
6 145
152 875
97 1236
46 316
939 1476
1356 1544
1431 1608
416 568
203 1149
638 645
958 1189
718 1228
1629 1675
943 1638
168 739
1367 1567
326 381
710 900
495 907
919 988
417 1796
126 1046
953 1442
431 1557
855 1292
844 984
605 735
357 518
197 852
483 1539
541 925
1107 1435
182 1380
241 1829
1236 1482
703 1300
476 1093
856 1811
120 1153
1397 1602
1522 1755
258 1172
158 442
287 1128
339 411
882 1709
69 812
296 1072
438 987
207 826
534 1833
758 1560
727 1308
119 336
855 885
1509 1579
1228 1438
601 1374
731 1307
224 1592
746 1553
29 607
409 1066
87 187
692 1222
78 843
1076 1366
316 1834
441 1030
315 1538
192 544
526 1178
203 884
228 894
163 1359
184 1722
1161 1838
376 1151
439 1422
1395 1635
44 283
659 1568
90 852
164 1578
1040 1721
698 1728
305 1183
300 1046
366 1009
655 668
275 520
321 1460
672 1575
905 1711
300 1453
1370 1506
669 1658
1538 1570
485 506
1005 1081
382 551
207 1535
334 708
739 1375
74 867
83 674
175 818
29 1109
898 1276
150 763
789 1799
177 1674
437 1831
175 1353
204 1288
1015 1484
426 491
124 448
452 1586
1144 1414
460 1714
671 903
185 1500
273 1217
760 1027
156 645
1268 1393
465 1449
552 1684
172 1062
1004 1390
1417 1766
883 1148
515 1009
1626 1681
104 1535
1237 1643
627 1360
350 816
414 843
136 257
218 1099
1122 1696
213 1562
351 1803
1088 1488
702 1344
1170 1373
706 1748
432 1638
618 1073
521 794
331 1824
486 1258
138 740
1341 1650
622 698
480 1122
15 116
805 1192
811 989
819 1131
149 1763
756 1330
788 1279
806 1685
823 1839
151 969
33 129
1240 1249
641 1248
1336 1371
797 1254
685 1418
168 1473
1025 1725
1163 1762
862 1505
591 1727
170 934
937 1343
102 1560
69 349
19 1153
724 1568
858 1024
1072 1703
696 791
493 911
455 1756
383 1312
45 121
857 925
82 435
771 1616
387 566
996 1507
1283 1287
850 1293
56 693
85 1284
790 1439
208 1111
1245 1847
92 146
1728 1739
650 1370
375 1325
187 1066
540 1306
11 644
1426 1438
1032 1510
420 1410
489 1786
1065 1633
944 1090
577 1351
1036 1174
881 1582
1704 1746
927 1197
1045 1567
879 1519
301 1159
232 654
419 877
4 798
134 1484
374 861
548 868
106 1745
633 1614
769 1783
32 95
274 1628
55 841
772 1311
451 1161
35 1407
594 928
630 860
1174 1579
196 967
959 1804
1400 1820
1005 1598
213 1632
901 1649
842 1465
1202 1529
604 1269
449 1230
775 1317
683 1323
12 290
237 889
775 1472
1198 1410
1630 1794
377 1271
597 634
1518 1810
340 1100
603 1570
1249 1425
631 1088
242 1001
110 186
767 1086
686 1114
650 1098
1065 1196
42 1840
717 1472
48 1187
162 734
224 920
955 1212
265 1048
749 771
938 1655
1220 1401
1007 1426
1063 1570
1114 1337
1493 1687
477 908
353 1841
740 1307
574 660
914 1365
681 1660
1087 1639
635 1630
813 1680
1209 1585
741 1709
243 830
253 491
1616 1744
399 502
914 1518
624 1500
84 1723
157 942
311 535
1658 1678
1402 1694
249 1625
538 1736
1506 1711
236 1396
540 846
675 1074
1284 1667
919 1757
625 1154
254 572
188 1185
467 1119
96 1785
1191 1203
611 766
1057 1571
563 1303
1239 1729
168 847
889 1707
940 993
447 968
725 1662
1120 1208
113 1327
1349 1521
178 631
354 1090
991 1564
75 334
970 1814
53 1268
490 989
34 445
512 1677
415 912
155 1682
330 471
1369 1826
67 137
303 1239
545 585
50 415
183 896
268 1459
1253 1486
547 1425
1197 1848
1736 1792
532 644
310 839
181 803
167 832
356 1792
1178 1667
282 1741
968 1285
386 469
329 929
1349 1433
609 1782
575 896
220 297
873 1374
397 972
1286 1645
442 1517
205 307
22 873
103 1454
276 1343
1321 1534
429 884
705 1264
510 1182
289 1712
105 848
412 1451
93 1030
403 1255
1058 1825
375 555
615 1600
551 623
54 1052
370 1832
1179 1469
333 1298
136 1819
990 1849
742 838
434 1834
1121 1271
691 1285
597 1309
193 1625
507 915
945 1124
1445 1627
1304 1802
1043 1648
1092 1224
299 456
780 943
1116 1310
288 1251
19 199
946 1254
878 1770
225 255
287 1082
73 1710
911 1323
552 957
89 1249
692 934
109 1329
1131 1231
1260 1504
651 1454
1141 1180
64 729
322 1104
102 681
884 970
940 1113
55 1129
1102 1644
782 1397
1655 1770
36 1658
107 1003
743 1758
266 1444
849 1102
513 1598
351 1019
331 656
913 1281
481 1038
381 1434
128 1064
104 164
227 973
1297 1688
20 324
155 188
16 1376
68 722
1012 1765
804 1461
764 800
1093 1813
207 753
293 759
1248 1594
463 849
1699 1766
581 1132
254 1412
982 1524
72 496
1233 1768
251 767
1101 1663
683 1047
379 1204
837 1462
25 598
1117 1446
458 1606
166 1207
582 1519
239 1801
1024 1144
1068 1168
82 293
1698 1797
1333 1429
467 1758
1020 1359
556 941
1369 1796
9 1176
1127 1686
751 872
52 322
648 1457
72 904
307 1453
222 1263
842 1789
767 1576
615 1342
1098 1384
397 546
831 1556
115 396
837 1208
897 1007
44 1439
834 1532
346 418
319 1017
1494 1845
810 1474
1663 1772
7 1242
850 1778
53 451
682 1624
30 1561
561 1835
1117 1359
869 1403
514 1741
670 688
146 1705
767 965
27 667
72 1199
626 1756
159 1169
549 1105
246 875
795 1705
178 1419
1329 1628
348 1314
484 1459
1449 1653
325 1823
507 1724
182 847
1532 1640
1515 1746
11 57
74 1214
646 981
945 1555
809 1110
93 423
1429 1721
385 509
162 988
267 1166
290 1489
227 505
1052 1708
9 963
998 1623
260 1689
402 906
81 1557
410 1041
519 1689
125 867
73 1732
464 1803
1133 1821
392 713
765 1326
27 312
713 1334
269 720
1515 1526
564 636
347 1742
657 1159
1443 1740
821 1199
219 1528
604 1542
231 642
520 1361
593 1083
803 1737
1244 1696
653 1004
245 1480
785 1567
1013 1481
524 1269
157 1820
973 1722
661 1487
659 1800
1223 1565
504 882
1452 1455
179 1343
209 609
595 1545
323 1668
342 794
347 400
120 1749
1348 1617
130 400
185 1134
1234 1363
196 1181
1167 1374
1573 1634
647 1392
735 1651
619 1056
573 1777
66 1501
450 755
1342 1435
540 1352
799 902
472 1783
70 676
536 1404
340 612
793 978
129 285
684 727
1395 1843
951 1475
521 1461
142 1664
1059 1804
100 144
785 1018
1165 1503
1017 1399
587 1687
87 1382
418 660
1642 1722
211 1362
687 761
1097 1244
191 1044
10 1242
428 1690
787 1404
938 1388
1132 1167
899 1564
749 1123
58 235
1173 1839
76 1677
8 1295
1231 1450
536 1158
211 291
183 1164
716 1542
993 1675
539 1501
209 242
427 1624
459 1832
60 1164
559 1719
297 517
14 1027
478 851
131 937
1123 1306
769 1125
206 1368
371 1543
530 1434
315 1243
9 950
682 822
641 1151
299 570
99 323
1201 1607
595 963
1162 1409
578 1726
506 756
1257 1567
445 690
995 1196
410 596
1075 1221
176 1652
394 1743
348 1066
8 89
359 1354
108 1118
894 1602
1282 1752
2 1372
365 1145
437 737
271 1467
809 918
169 774
248 1685
1610 1684
634 754
91 908
411 1202
301 991
1389 1822
1126 1528
680 880
1374 1730
1115 1328
470 1130
1033 1463
199 774
717 1678
151 705
255 878
690 1413
343 1067
252 719
286 1079
365 876
831 1608
453 1520
887 893
1339 1609
1031 1452
837 1215
622 1188
112 1637
1320 1752
1 1288
1145 1671
23 561
1292 1743
664 1631
361 779
1582 1590
213 678
540 1176
219 554
1023 1283
1086 1651
313 930
508 1186
1036 1717
1025 1615
163 1661
168 1415
329 379
866 1647
274 1217
754 1157
160 1379
1006 1447
357 709
62 1100
364 941
1137 1338
101 1536
116 1527
899 1473
700 1842
30 1345
226 529
68 295
1654 1720
782 866
866 1733
168 332
1350 1750
432 1305
1553 1621
1366 1516
569 822
1319 1454
180 272
1062 1548
589 600
1580 1601
565 1322
574 824
838 1278
459 463
1216 1246
232 1232
1301 1305
1184 1695
251 832
101 1454
496 936
649 655
789 1241
1059 1322
428 748
1581 1793
569 1586
956 1518
127 745
1204 1657
835 1184
1190 1709
1625 1791
22 1324
553 1274
502 1836
897 1571
392 922
422 863
744 1640
132 1386
219 962
369 1469
186 1402
1205 1673
238 433
91 1258
1057 1146
1361 1745
96 1672
1219 1246
714 1066
1477 1814
1275 1507
372 1646
931 1781
662 827
492 880
1175 1360
165 281
758 1644
396 632
1061 1327
1079 1809
1443 1681
195 1575
446 1543
586 1584
422 1740
466 1367
306 1671
501 1382
360 666
701 1016
1060 1209
21 1219
797 1111
430 710
252 1755
362 1187
369 1137
421 457
482 1140
3 1775
1175 1502
234 721
352 1611
583 1148
471 639
462 773
1156 1508
1012 1357
243 473
1150 1331
221 1838
699 821
342 465
629 961
147 1078
384 1726
466 1091
7 520
268 951
298 646
171 277
949 1264
71 1318
393 1466
473 1171
1136 1385
72 954
447 805
332 1437
1164 1547
756 1516
42 482
86 1490
1544 1584
818 1605
1106 1833
927 1768
110 201
591 1420
755 1070
1047 1645
665 1150
325 592
632 964
1059 1471
975 1462
781 1393
614 1716
275 477
884 1774
387 1486
497 1480
499 1467
1386 1795
900 1444
778 928
512 1668
828 1780
468 840
118 153
358 452
810 1613
956 1398
79 1597
88 1470
245 670
170 553
1290 1347
897 1648
594 1297
935 1520
923 1544
12 249
154 1463
65 613
741 1203
433 1454
294 1225
1056 1379
188 1415
309 1745
1470 1480
262 738
123 823
906 1773
887 1623
253 942
133 1841
137 1574
971 1820
786 1277
614 750
1226 1346
71 1108
75 667
1138 1195
190 672
123 936
30 1397
513 1309
966 1229
730 1729
580 1265
158 1583
1055 1075
560 961
750 1827
1406 1666
1038 1611
441 1826
798 1477
133 685
946 1034
948 1044
314 1670
977 1095
468 1294
1420 1693
486 684
766 1330
106 355
18 1679
1223 1413
1156 1771
519 1797
768 1205
230 344
469 950
580 618
1700 1812
576 1764
814 1819
386 709
671 1465
383 1514
1487 1604
425 1514
1182 1194
639 1255
526 1035
138 1547
444 1509
402 557
726 909
683 1714
360 833
637 969
1389 1817
333 395
547 1845
292 987
537 1142
1087 1595
1185 1392
1055 1261
657 1738
252 1105
488 1729
1618 1649
675 1708
363 1415
699 1615
1347 1428
198 1289
462 1769
247 1482
862 876
593 1010
180 697
31 1049
40 1735
77 361
346 1591
216 328
1247 1585
1256 1266
343 777
1262 1594
65 241
78 370
199 1286
330 1298
435 1279
752 1196
826 1784
52 756
1315 1650
6 495
606 1054
857 1207
1314 1759
263 899
1173 1566
543 1378
26 1158
84 193
268 1071
238 638
647 1038
219 1683
677 1238
501 1281
816 947
1045 1321
263 1051
981 1790
280 353
277 1488
1458 1735
407 715
26 555
890 1371
868 974
214 800
378 1172
85 1830
1048 1294
115 373
1389 1427
319 453
338 648
1092 1700
16 1331
239 457
1315 1641
1179 1554
1083 1607
807 897
845 1622
317 656
610 935
289 1521
1456 1540
67 960
701 1147
695 1749
1179 1340
944 1001
484 1589
202 1724
41 1064
599 984
527 1391
200 901
563 904
610 1664
363 1022
1447 1837
1142 1218
273 627
1026 1118
485 1233
111 1180
176 1401
54 292
255 1418
362 757
21 264
200 1763
481 960
999 1613
111 1169
795 1240
949 1273
571 1760
389 584
358 1530
350 1551
1193 1773
1596 1690
770 1099
234 1722
662 1780
108 732
424 1701
617 629
197 1266
480 1598
69 1777
128 1599
801 1011
1476 1683
490 1120
431 895
318 733
40 762
38 144
1674 1787
700 724
258 537
870 916
1754 1771
349 1291
388 1394
814 884
541 1289
173 1627
616 1195
367 825
421 1622
189 1326
1115 1729
503 1202
725 1343
860 1842
1332 1511
98 1661
261 1794
1074 1232
600 743
10 70
772 1325
1679 1754
905 926
664 1592
1000 1435
252 511
215 1423
554 1050
327 494
1301 1433
522 622
846 1787
270 1798
1214 1335
269 1734
236 1091
1457 1536
837 1765
786 1730
247 642
1220 1762
688 1697
47 1625
124 1187
1665 1781
1511 1525
1080 1200
1139 1629
582 1333
405 1068
915 1653
32 1810
476 1731
737 752
776 1016
286 746
99 836
59 1018
1286 1646
1303 1718
37 817
1702 1774
921 1572
368 489
206 423
1038 1767
1270 1502
557 864
439 1372
1058 1350
90 1531
651 1385
1380 1821
352 871
1188 1343
974 1237
212 603
1092 1782
305 1823
246 726
874 1261
1358 1446
729 1190
181 679
532 1226
1034 1775
344 508
1569 1795
751 1028
391 1422
417 1006
663 1033
443 1256
780 1063
1377 1478
39 310
762 1818
483 742
31 581
130 1684
229 599
586 1713
406 1015
384 543
673 898
723 986
669 694
260 1221
1078 1654
779 1390
550 1522
194 1196
1039 1126
1112 1828
34 1267
426 985
1200 1846
235 320
488 1071
930 1273
1370 1468
779 1731
1116 1494
1 859
827 1808
5 528
312 573
80 1042
49 621
1212 1656
221 1734
520 643
706 1249
131 1626
527 1617
606 659
916 1483
715 1377
1497 1702
990 1647
834 1669
539 1270
5 1198
1406 1682
378 1776
624 811
895 1492
550 1612
303 1606
458 621
177 339
174 436
424 976
1096 1816
524 718
317 661
1171 1759
434 1010
189 1800
13 1577
815 1163
917 1840
80 1282
635 1798
1578 1805
975 1510
1365 1485
367 571
302 1527
953 1191
479 518
385 1583
174 1296
921 1286
