1743 1808
823 1061
830 1678
159 782
167 856
135 320
76 1643
1011 1220
275 1305
30 239
235 681
195 597
190 904
535 1153
851 1226
27 1568
620 1243
743 1657
387 1477
107 1639
562 1580
38 678
820 1145
663 1193
230 527
519 890
587 953
900 1572
683 1052
663 929
500 1667
593 1672
749 1508
761 853
160 552
602 1543
177 1376
1092 1605
504 762
771 1469
907 1582
475 1177
537 1491
362 1528
262 321
487 785
143 595
872 876
348 1588
517 1150
709 789
389 645
1156 1722
911 1066
1481 1593
396 557
1531 1565
650 707
967 1057
1144 1627
1398 1408
604 1218
1475 1503
346 1358
186 536
267 1271
325 1547
1027 1451
537 856
471 1219
907 1669
1597 1705
533 1318
954 1266
848 1666
1048 1128
515 1330
1213 1436
768 1555
581 1208
624 889
88 672
220 769
121 1085
1414 1444
427 606
24 1658
33 661
558 1354
83 740
40 125
287 1706
76 1091
324 814
342 1330
928 1111
194 615
840 1113
530 1043
203 306
491 960
1594 1649
347 781
1103 1452
923 1557
358 361
625 1631
426 476
106 735
671 1619
1583 1600
183 255
322 1360
1500 1675
501 1550
1123 1702
444 590
485 1043
41 1419
437 837
132 794
936 998
616 719
231 574
722 877
732 1696
1310 1391
253 317
421 1159
1093 1112
675 943
676 999
1188 1499
161 550
412 1295
394 629
351 1427
461 1447
749 970
141 1158
272 348
229 1121
460 841
803 815
1238 1251
1097 1284
1133 1134
352 851
74 1460
311 902
854 1294
893 1635
465 782
40 1654
202 1644
78 522
164 1690
770 1357
1126 1397
1088 1190
120 862
920 1453
674 833
94 654
626 641
428 1704
100 187
911 1033
1400 1670
196 1627
453 488
305 370
924 1184
1190 1320
163 888
1492 1670
387 1483
69 308
853 1732
410 1545
892 1000
567 1109
487 1733
171 1228
780 1477
588 1550
646 1456
333 1487
155 557
242 784
816 1573
493 1056
469 1045
37 138
696 1727
284 504
290 739
418 1307
843 1007
363 367
47 162
586 1407
71 80
866 1486
282 439
479 1588
709 1492
375 736
338 1569
281 462
1187 1356
329 759
963 1259
897 1162
273 357
63 559
580 687
176 207
344 825
518 575
1068 1519
1219 1654
238 1266
1356 1546
232 315
1345 1635
134 938
577 1680
478 489
91 111
899 1183
781 1055
602 1473
71 1279
1031 1254
858 1133
524 1130
382 1393
1238 1715
845 1437
416 1656
333 1181
729 1178
202 832
106 885
639 1080
1395 1468
257 809
787 1424
309 1595
473 1174
1617 1726
502 618
876 1253
718 809
250 1142
44 1520
686 1537
826 1077
1041 1139
651 810
1027 1252
140 177
831 1307
175 1054
235 420
347 1297
915 1287
1570 1719
179 672
824 1642
370 837
691 1381
518 531
1349 1461
1131 1414
1057 1715
1154 1355
275 1341
419 1001
1046 1392
1122 1712
446 1431
43 1698
89 1318
50 378
523 818
29 146
420 753
509 868
436 1536
219 592
825 978
1420 1668
9 1157
484 1180
933 1517
1107 1270
610 1229
529 1113
178 717
821 1259
225 1185
181 798
1176 1244
1544 1548
232 1247
460 1222
13 1513
1019 1132
13 744
119 922
213 1179
747 1684
790 1268
245 703
892 1193
1049 1329
304 1316
163 835
156 1389
1500 1630
3 1296
58 1312
277 393
156 1071
175 625
238 1718
1230 1293
33 68
144 333
402 482
1276 1333
61 339
616 906
1040 1095
300 319
83 1073
241 1693
1367 1655
252 1210
10 1155
507 1453
958 1743
237 1646
264 700
43 1605
1129 1686
678 1227
550 644
849 1711
359 657
730 1461
1031 1041
701 1698
1206 1706
382 1674
103 536
265 667
1528 1679
368 1560
696 894
380 657
231 400
1700 1728
398 567
243 1648
260 1272
240 905
212 1263
22 724
301 757
547 1622
713 1202
133 212
67 703
1344 1675
914 1471
576 1212
497 1299
185 1163
508 1284
404 871
1335 1640
289 621
466 1066
1018 1302
510 560
447 1707
378 1112
968 1205
489 964
136 1735
225 1131
468 574
365 1341
1008 1390
1220 1739
971 1279
326 821
19 363
406 1171
278 1006
26 764
820 1096
1129 1252
1157 1711
78 1120
244 520
742 1518
862 1245
8 589
543 1387
1476 1589
979 1349
564 1638
132 1221
885 984
151 391
506 981
790 1248
110 1625
509 747
246 917
678 910
506 1647
60 593
121 1241
153 731
632 1084
993 1527
60 1510
946 1002
1309 1607
1214 1630
1366 1680
1168 1272
494 1182
838 1672
1237 1303
690 1346
528 668
955 1115
871 936
1357 1738
1167 1380
886 956
435 1545
153 834
92 407
698 1014
961 1006
21 438
1385 1713
59 273
427 730
685 751
324 998
119 600
517 727
261 368
146 937
699 1742
48 893
396 1319
878 1651
988 1556
889 1298
1551 1606
205 802
1529 1683
776 916
688 1577
808 1216
844 1076
738 1325
1142 1602
1273 1567
147 217
1081 1538
303 463
863 1445
344 652
390 639
1403 1458
1410 1455
1547 1569
106 1071
1574 1637
589 778
1027 1225
174 582
452 1148
1434 1692
612 1037
1373 1598
1333 1613
147 1527
630 720
26 1299
779 1652
266 357
375 1687
407 1449
30 635
273 786
970 1531
116 1062
1481 1620
1236 1342
354 760
484 1140
1002 1503
10 858
1584 1587
258 1283
1600 1694
973 1367
323 683
133 803
62 482
594 1603
717 864
239 1581
436 942
409 1475
372 815
555 944
430 992
229 735
701 1442
120 1210
1029 1253
1422 1610
569 1677
495 833
103 677
817 1457
50 1457
313 1438
233 935
503 909
1344 1384
924 1470
818 1280
1000 1716
852 1458
224 1720
955 1688
553 627
949 1427
222 1198
623 1196
1313 1676
470 1162
499 1713
238 1024
256 1039
364 1641
434 1377
1586 1681
972 1700
392 397
258 290
1058 1671
737 1050
806 1420
712 1662
276 845
472 1555
264 1601
1163 1421
852 1406
234 345
1120 1679
292 500
173 693
656 1600
508 855
486 1380
276 302
319 1238
598 1327
269 1480
314 1433
302 999
791 1034
449 1263
784 1191
1158 1629
719 1313
39 1179
259 1722
930 1054
580 1405
262 459
1063 1243
657 787
878 1339
635 1269
310 622
586 813
362 629
626 1149
341 1629
804 1017
1192 1540
1386 1661
667 895
216 1697
549 956
877 1047
209 1579
677 1334
128 764
4 1346
1364 1467
37 461
511 1552
193 1625
513 1131
1146 1572
1215 1628
246 1300
1251 1653
431 1403
614 1288
1352 1561
56 185
398 429
284 1474
827 921
792 1291
930 1309
1026 1260
1201 1455
424 1612
1083 1232
91 298
7 1521
914 1074
127 409
736 894
458 634
327 549
392 1003
530 1448
534 753
1495 1553
705 1094
934 1164
117 1165
543 1699
1138 1737
994 1348
459 962
51 1487
1020 1611
854 1148
433 1521
172 496
321 1543
303 542
1189 1283
727 1439
738 1015
481 1439
1390 1584
450 1561
1504 1707
765 935
390 473
773 1435
832 1308
721 1393
315 975
14 644
968 1506
1004 1128
1267 1278
143 253
965 1136
316 1731
157 1172
191 554
553 1083
1048 1121
516 584
122 857
1005 1052
528 1036
1444 1601
445 900
470 596
46 1078
761 1450
712 1237
443 581
11 1101
181 320
562 1426
197 994
1351 1462
592 733
63 623
819 917
676 1291
861 1003
77 828
850 1322
991 1532
607 1507
899 1211
85 165
129 1110
524 1033
395 605
573 694
522 1623
260 1063
434 605
774 1494
385 1596
294 888
1124 1316
628 1126
86 1588
168 1352
2 68
934 1404
1319 1690
1240 1576
74 1607
527 598
467 1530
82 656
1104 1123
150 621
505 1467
293 1445
318 1096
126 195
271 720
726 1413
286 1359
490 1030
1099 1418
309 430
288 995
839 1400
123 1723
431 1125
551 1117
1641 1662
95 1423
1260 1261
1030 1529
563 829
148 597
736 1741
280 1505
591 1013
141 928
1419 1611
655 1551
298 1370
795 1682
108 514
1094 1388
545 976
571 748
81 1342
1068 1514
171 1552
509 1603
391 777
483 1008
422 1167
224 1372
799 1135
750 1406
6 948
170 815
797 1159
1522 1695
118 638
188 474
532 1017
112 1616
35 467
279 457
1217 1609
1056 1596
70 700
80 860
819 1576
846 1743
1337 1452
28 523
208 671
162 526
713 814
512 1215
165 1216
186 474
1270 1564
1223 1580
633 754
251 640
905 977
452 1209
1122 1583
529 1599
139 695
1023 1405
230 1409
4 955
1588 1622
578 1021
62 1725
87 535
1275 1687
931 1383
54 996
570 633
128 1053
15 1201
1571 1675
131 469
36 698
579 1566
310 789
734 1064
775 1534
98 903
197 1387
29 606
12 657
617 1276
419 1213
1194 1348
323 405
1203 1401
990 1257
565 1169
619 708
653 1637
448 1200
341 386
462 505
568 1064
1275 1657
413 1185
15 584
682 1466
1682 1694
1292 1615
526 1248
134 1354
327 1144
159 1738
475 1169
932 1646
933 948
288 841
1073 1173
176 561
417 878
425 774
311 1239
399 1624
859 1365
99 665
161 1224
334 1034
678 1347
1153 1431
192 1604
695 1100
445 1343
421 945
158 746
884 1118
510 758
22 548
116 653
32 457
291 437
148 343
513 1239
636 1507
216 637
591 1454
946 1186
215 1286
1044 1195
650 1086
312 1659
440 864
211 1174
263 1062
861 1282
849 1188
887 1303
1069 1378
861 1353
1020 1724
372 1684
251 336
99 1378
661 1730
101 1491
273 1490
507 748
1295 1441
383 779
415 1735
745 1656
192 475
269 804
125 1535
415 1469
947 988
55 332
28 1019
1317 1685
842 996
693 944
322 785
951 1084
346 477
294 706
1025 1510
366 1234
1271 1533
846 1164
775 1578
169 1221
925 1302
105 1234
17 1602
1011 1424
986 1136
389 805
179 1621
218 886
502 665
941 1410
409 547
223 1692
1225 1548
568 813
1227 1432
525 1246
1509 1575
613 1461
512 1425
18 1703
1448 1610
471 918
903 977
496 1059
432 982
374 1626
201 1379
354 731
964 1012
328 883
52 1100
72 664
440 1070
335 1564
771 1306
1473 1489
699 1231
379 1079
516 1338
766 1280
558 1542
331 1312
687 1645
67 1511
422 1025
384 548
157 1478
41 642
145 1427
34 1636
355 1351
971 1289
138 679
783 1691
85 939
979 1360
758 1381
1209 1365
336 1151
707 810
1379 1398
715 1186
495 636
1297 1440
796 1363
1077 1187
35 1035
409 873
1067 1512
242 1290
702 1736
684 1568
601 966
1336 1525
1673 1701
210 972
307 582
338 806
743 1674
895 1105
435 987
808 920
403 1032
871 1369
329 1361
39 449
402 521
777 1355
1109 1337
254 563
915 1242
355 901
985 1111
1553 1590
77 297
330 1195
741 1009
1235 1311
910 1087
949 1204
718 1247
868 943
1010 1250
987 1058
1166 1696
454 780
614 1396
940 1663
668 692
267 666
282 1739
570 1484
423 1325
293 1226
256 1060
180 1354
902 1095
66 1152
94 424
178 1328
801 1645
8 1175
1135 1482
88 511
690 1526
53 1412
660 1592
913 1516
754 1304
755 1592
660 974
408 1666
1315 1464
137 1229
1332 1485
1010 1068
1438 1489
563 1598
31 1454
957 1082
1183 1343
2 411
757 1304
75 1540
594 841
1108 1476
793 1465
587 1204
857 1168
214 1532
927 1421
545 986
48 827
1509 1728
741 1652
115 603
750 1573
647 1322
429 1490
1160 1413
371 619
792 812
23 723
714 1359
221 1051
674 1125
266 1051
273 478
14 285
881 1466
234 765
1375 1537
529 1533
353 1415
134 1643
1060 1613
1150 1702
16 983
172 1685
666 677
95 1663
1591 1658
1442 1732
793 1422
664 881
174 229
1250 1621
961 1127
24 279
257 1541
997 1418
865 1370
42 1182
411 1328
3 544
308 675
404 1522
107 423
1069 1443
1045 1446
701 1559
238 283
97 285
1038 1649
1411 1640
492 654
575 1386
1411 1709
499 1617
836 953
609 1402
1149 1428
328 995
922 1391
583 1634
93 1106
49 704
395 745
100 1042
643 1570
20 463
81 126
596 772
1231 1708
218 679
408 1219
1117 1425
316 1651
965 1149
228 951
711 1620
142 331
57 1145
1281 1368
1032 1385
104 624
714 1013
1089 1562
36 166
299 1633
662 1078
377 805
330 1642
243 1462
96 603
439 1619
913 1292
249 697
263 744
852 1554
490 1037
1286 1733
1340 1440
688 1310
1497 1615
55 190
872 1717
842 1494
9 410
150 152
1321 1541
42 1232
168 199
1207 1715
850 912
73 1729
130 1026
149 1297
45 670
154 1261
199 1648
1290 1676
989 1591
1516 1677
600 1558
214 245
1683 1742
1249 1301
1102 1634
87 200
128 438
247 646
1336 1433
1028 1293
400 923
1087 1524
17 1092
631 1317
292 1177
1090 1408
333 681
839 1132
1326 1383
12 632
476 598
1176 1736
848 1499
166 618
450 798
112 797
637 734
86 1394
20 1181
468 756
1688 1740
139 255
1460 1708
23 1076
651 1194
697 768
642 1538
755 1428
585 1287
715 1180
1437 1664
680 1504
223 728
1563 1660
155 572
198 613
169 1321
983 1334
380 1430
66 352
205 1389
365 1465
991 1331
909 1450
247 1105
27 1281
137 1416
203 1296
226 682
542 812
289 1399
295 598
1338 1740
572 807
566 1324
962 1539
226 860
556 1519
187 766
1277 1546
454 1505
1262 1514
142 206
154 724
572 1581
1172 1255
772 1256
105 1653
599 669
25 543
115 371
551 1023
1374 1427
1016 1114
11 1498
82 742
59 950
130 1137
658 829
492 1667
220 763
1488 1608
1222 1730
217 349
111 1364
1347 1449
446 1314
96 1644
207 1515
890 1376
1288 1340
746 1579
628 1577
413 1526
1297 1331
270 1362
822 1401
479 989
198 1161
1274 1609
376 1104
1361 1626
591 1118
379 739
167 1430
425 882
350 481
240 486
25 1353
560 931
1432 1709
192 1701
92 1311
351 756
1075 1101
721 1539
227 464
1207 1362
414 932
1059 1447
1143 1378
145 680
359 1422
617 1471
16 1382
261 453
458 1714
1368 1608
1463 1590
208 259
73 1081
373 926
418 1022
865 1178
685 980
969 1036
648 1258
90 210
725 1559
221 925
306 1518
6 816
5 1016
835 1585
417 1547
224 828
691 1402
532 1075
497 1046
213 1691
1463 1724
883 1623
244 1268
498 1098
652 1119
554 1208
1022 1388
556 1062
1009 1529
1067 1549
1274 1718
34 1488
18 776
737 1256
152 1594
1072 1335
204 1434
658 1725
673 1472
274 1170
123 919
124 1423
723 1257
233 752
702 1628
90 1717
127 1005
525 1371
912 1734
694 1737
826 859
710 1224
608 1021
615 1143
211 1138
364 627
978 1233
708 774
1098 1530
926 1236
493 896
1091 1731
630 939
189 583
456 1513
514 1508
304 634
952 1147
830 1156
992 1554
274 374
480 769
564 1039
538 1233
716 840
360 1146
880 990
117 579
519 1170
1397 1710
1629 1632
1315 1377
464 1090
638 908
1244 1495
245 874
472 791
1014 1207
929 1501
230 1134
79 701
870 1211
689 1474
732 984
384 879
538 1166
57 1578
886 1636
184 1436
401 778
1624 1689
65 291
541 891
1042 1565
118 1614
891 1498
1062 1664
188 236
248 313
501 573
296 815
109 1693
182 1323
394 540
51 1604
887 1074
725 1189
488 1638
381 880
1258 1665
215 799
722 1249
847 1098
1040 1267
531 869
369 1479
268 337
64 882
555 950
740 1396
528 733
823 1723
377 1184
863 1088
72 1108
601 1618
376 1383
206 1574
32 444
1482 1599
1079 1273
297 774
896 1695
201 1665
836 1285
901 1012
1485 1639
278 1306
591 1044
726 916
98 1301
386 1562
334 704
1049 1223
164 1072
1228 1589
1422 1661
1446 1515
101 1028
875 1217
477 1478
305 1007
659 1358
608 802
270 271
301 1369
1029 1332
1549 1734
219 648
670 838
620 1727
677 1366
938 1409
611 945
1417 1459
640 1650
786 879
45 515
110 642
287 711
61 563
1102 1278
447 1308
1035 1587
84 485
1001 1300
7 89
281 1127
798 817
191 412
84 1140
1089 1115
1191 1563
1631 1741
1004 1655
356 649
919 1618
980 1173
1130 1600
442 940
539 662
367 1373
1154 1176
643 881
1114 1429
875 898
299 338
135 760
343 1632
350 985
641 1517
358 1597
97 869
822 898
124 1534
140 1198
1106 1451
957 1065
1392 1520
649 1199
432 800
52 1324
250 763
200 325
867 960
173 1277
1038 1061
254 1416
441 1427
959 1320
534 673
794 1673
655 914
566 1441
448 1502
356 569
1099 1246
373 1502
170 569
1235 1547
283 1705
1085 1479
1230 1595
1025 1265
209 1697
102 767
321 645
194 751
642 851
1659 1716
466 684
483 762
151 1086
1082 1285
1399 1681
1264 1459
1151 1375
1205 1329
144 1415
1327 1443
541 611
1456 1480
180 222
1050 1501
546 1719
451 897
272 1080
342 1269
443 559
455 1433
122 612
248 503
748 1585
610 1556
801 1699
307 1493
366 908
599 686
64 1395
1350 1512
866 1593
588 1149
237 1435
942 1493
189 1257
710 873
108 1206
134 1660
21 1726
1009 1464
349 397
1200 1326
609 1339
114 388
993 1241
706 1567
300 1704
416 1412
369 576
426 1523
119 1147
452 1483
335 937
158 1404
54 1560
340 360
565 1165
1298 1429
716 1506
79 1075
93 388
267 1212
1015 1245
595 1575
241 1647
46 1703
69 385
844 1116
38 1141
1426 1523
236 1371
1119 1624
1202 1218
131 1027
314 1171
966 1686
31 1093
659 969
280 1103
788 941
870 1053
353 1264
590 773
475 855
113 959
906 1097
1203 1382
647 1535
295 669
412 1265
193 997
918 1544
1152 1407
604 1536
1160 1675
692 705
104 326
1107 1155
1137 1294
1557 1606
465 1127
265 337
884 963
811 1658
520 1582
312 1542
252 1374
834 1018
296 529
399 1070
228 607
249 1116
608 1671
921 1378
596 759
952 1566
123 1323
158 528
442 725
847 1710
405 800
196 544
1161 1612
831 1175
1240 1525
1197 1468
886 1254
480 1496
514 577
19 129
795 824
867 1721
75 767
585 1262
521 770
811 1558
53 428
843 974
1139 1384
807 1047
1110 1314
182 452
149 561
752 1614
1207 1363
268 874
852 1678
498 1124
729 1668
1633 1721
184 451
412 947
1511 1616
204 455
340 1199
728 976
54 494
1 1472
361 1255
1282 1650
317 441
1214 1392
345 1009
136 491
381 975
160 183
401 1024
1065 1197
5 1571
65 1394
689 1372
47 1238
113 958
227 954
622 1729
433 1470
533 967
393 1720
973 1484
49 794
102 839
318 571
109 1055
552 1524
927 1714
406 414
332 1196
904 1141
981 1345
286 539
1242 1289
578 1350
339 788
114 783
403 1497
56 277
70 456
540 1689
1192 1486
631 1712
58 1417
1 546
1253 1436
383 1669
44 1586
982 1305
796 1496
