509 1828
245 248
384 386
127 261
260 480
437 466
127 382
158 476
482 498
241 375
159 216
232 408
74 270
32 293
126 249
59 445
146 291
129 234
81 164
243 437
258 262
229 320
126 185
118 423
221 488
185 204
220 227
96 472
112 149
106 432
46 100
399 494
38 306
174 290
76 497
20 396
33 66
102 325
60 417
42 442
197 429
120 173
83 480
235 295
96 112
295 318
390 486
14 349
288 502
80 509
100 486
293 498
259 505
224 235
71 296
36 488
41 373
10 314
1 174
375 390
241 306
224 367
205 365
102 137
331 377
389 471
71 236
376 428
115 467
265 362
255 262
70 134
249 485
117 229
120 494
1 116
76 90
141 219
146 495
249 349
191 245
90 433
10 379
22 446
49 351
101 493
152 437
144 204
19 305
206 316
236 395
6 364
306 393
164 319
406 469
209 472
258 285
256 503
77 477
140 433
128 268
36 366
2 354
388 422
1 437
130 482
145 496
62 375
159 404
281 406
7 494
121 498
223 497
363 423
188 383
257 461
145 335
353 472
415 502
139 167
74 234
133 323
298 410
37 394
146 460
34 264
150 267
261 398
6 94
176 342
147 293
156 466
156 452
324 383
352 355
95 462
254 298
25 445
233 503
58 499
214 414
12 368
234 470
187 400
131 396
51 332
24 88
250 251
234 333
37 208
26 218
14 447
335 395
241 280
7 47
344 436
196 407
51 378
58 314
97 480
309 494
180 271
38 408
62 163
304 437
233 405
138 159
126 279
120 386
153 291
48 82
182 292
159 479
191 316
53 216
360 374
165 478
104 405
248 357
404 500
381 395
379 418
28 486
71 317
44 440
169 301
40 441
65 333
247 348
252 458
32 194
346 413
172 503
222 381
44 267
32 247
27 199
123 260
112 476
237 285
61 356
116 376
193 327
148 471
41 417
222 246
46 303
179 219
19 111
85 492
160 166
127 366
79 116
84 172
294 401
133 351
11 116
148 441
247 302
191 505
304 358
162 275
44 407
77 323
314 408
135 392
381 422
310 411
144 162
62 106
215 317
265 282
2 411
196 358
286 395
131 195
187 453
38 472
279 508
126 405
1 56
129 250
101 188
89 203
4 241
290 493
154 217
119 281
444 465
90 188
77 187
312 485
94 97
370 433
47 306
109 208
36 201
69 422
140 171
103 120
43 310
314 495
198 495
32 433
85 272
6 43
271 407
141 391
43 265
26 247
17 226
77 276
160 168
313 410
297 331
148 314
147 362
246 354
29 392
23 336
302 346
33 308
13 414
265 504
18 150
41 391
236 433
235 454
78 320
184 296
131 162
54 100
153 170
234 434
158 261
70 254
43 499
303 395
280 506
212 265
234 354
415 462
46 160
359 384
124 415
231 491
214 419
151 224
188 382
280 452
370 411
52 199
48 215
21 496
23 153
80 191
361 412
8 319
198 289
89 443
294 508
284 412
392 425
87 247
223 393
479 490
44 495
249 387
85 445
206 222
199 275
382 446
27 66
271 415
406 468
111 339
85 314
4 307
90 331
15 58
108 390
224 426
454 467
86 186
75 356
66 383
159 349
332 349
217 375
193 466
145 173
79 399
141 212
183 381
95 345
131 174
16 171
313 412
140 256
272 501
36 476
56 130
147 357
103 489
131 187
65 340
168 421
113 304
96 341
2 258
343 446
418 503
23 37
295 441
53 328
156 464
10 381
237 498
44 172
308 503
227 452
160 418
309 476
59 101
351 496
473 493
215 402
151 450
23 445
112 202
322 412
7 22
69 501
168 244
9 86
9 419
20 245
291 509
66 207
51 213
111 154
326 334
319 508
168 274
204 298
125 341
372 457
102 452
421 428
127 436
97 427
292 374
266 320
219 298
249 396
9 274
108 206
295 332
184 238
354 386
92 194
144 164
292 298
133 396
47 291
57 104
486 492
347 392
170 488
168 386
71 196
50 175
128 436
166 250
147 398
221 301
166 503
77 148
232 447
25 494
62 110
24 375
86 323
37 480
14 18
200 410
321 443
48 408
168 379
16 95
105 130
238 440
205 433
41 404
101 293
387 397
240 446
74 419
315 489
83 300
42 329
114 190
407 476
101 450
29 370
16 187
214 377
426 433
405 427
168 337
282 296
115 494
256 298
254 464
82 114
177 462
88 403
386 423
196 257
200 407
423 469
86 495
135 503
384 414
189 443
251 461
317 408
166 173
316 335
440 456
40 509
381 389
472 494
62 170
18 42
135 377
136 291
25 462
215 330
327 347
185 326
208 271
234 505
245 355
55 397
12 471
130 148
305 309
69 442
98 360
69 309
348 449
401 484
90 229
182 431
211 348
42 135
65 472
195 320
61 491
73 149
29 296
4 277
218 304
18 236
101 145
474 499
198 331
153 346
25 464
346 509
40 385
86 254
310 459
132 167
295 345
138 390
351 438
241 358
8 452
170 348
252 347
89 274
266 492
36 240
22 40
164 355
269 352
64 274
335 423
383 451
192 509
63 375
312 427
81 493
299 402
81 333
61 454
100 208
433 487
387 509
144 181
73 279
116 419
65 168
16 30
214 338
76 376
2 433
241 407
350 366
271 371
189 286
142 497
212 383
430 438
123 467
136 242
213 239
376 401
17 203
164 496
93 348
219 473
11 308
204 494
87 401
135 441
491 496
227 478
39 147
78 468
198 451
67 425
399 402
233 487
285 347
335 407
127 507
400 508
93 240
20 113
217 257
401 488
48 148
110 464
127 419
57 354
4 246
50 313
192 441
120 334
93 355
139 498
16 447
71 133
53 134
429 507
309 453
134 238
95 284
94 173
132 296
28 349
299 462
173 437
25 319
71 400
371 484
58 198
284 434
130 423
313 391
273 321
33 181
101 479
228 453
59 248
272 425
288 312
215 382
276 457
109 409
219 438
221 238
24 450
6 169
46 355
90 373
299 400
82 260
130 219
490 504
14 23
249 427
141 267
84 228
55 424
245 465
4 302
209 501
222 336
27 155
85 438
343 459
140 156
155 497
74 327
91 340
232 311
117 245
36 478
105 253
276 456
1 431
355 505
1 227
88 146
90 168
353 470
311 334
162 248
139 269
26 448
191 215
249 287
145 231
348 389
23 206
420 427
69 352
163 262
204 507
223 416
97 224
69 440
421 493
79 493
246 501
79 228
48 350
90 142
344 424
207 251
88 220
187 462
318 485
181 319
13 118
31 225
119 153
127 383
25 175
317 346
243 449
127 312
116 241
72 490
345 439
113 497
281 460
339 397
282 374
360 499
134 475
31 213
489 502
178 377
11 410
446 509
282 457
235 300
210 272
128 337
196 422
191 242
398 471
29 196
176 344
194 213
193 248
182 194
199 468
50 91
85 490
57 278
174 297
202 287
66 70
276 361
248 358
302 460
321 382
138 240
171 179
327 395
138 153
92 356
107 437
210 281
99 270
256 509
53 88
59 262
275 505
28 54
155 200
18 32
277 447
40 249
119 476
12 173
207 326
271 362
9 379
92 460
281 371
216 475
33 50
10 335
47 323
387 471
37 372
8 374
18 167
259 362
255 281
130 180
118 505
115 330
245 377
56 378
94 317
359 404
380 398
100 331
12 297
28 410
240 406
235 486
57 106
110 313
14 251
13 140
291 414
207 485
311 416
419 430
238 324
87 356
340 378
17 144
179 350
170 225
79 121
76 296
349 490
14 354
283 487
396 496
355 428
98 214
70 165
118 431
136 170
220 394
38 372
151 401
37 93
66 382
320 341
245 443
241 245
216 244
242 492
54 203
247 381
168 327
246 362
338 479
31 312
111 458
141 282
308 377
166 378
121 270
318 458
192 475
328 467
14 134
116 377
49 289
157 163
6 211
39 265
234 351
141 224
155 196
353 372
24 411
280 380
163 182
410 471
198 291
159 267
75 148
455 489
39 457
146 328
254 355
105 150
6 406
250 256
12 84
413 446
285 435
139 261
446 473
228 456
428 441
314 418
144 446
116 436
261 283
84 375
2 128
34 466
10 226
102 457
358 500
8 231
181 424
100 364
54 198
117 282
203 356
96 384
189 205
175 449
129 484
9 268
50 197
70 427
178 232
196 437
312 411
86 427
244 342
172 413
116 125
462 501
336 373
46 468
338 442
97 435
61 431
106 244
287 405
173 340
340 503
450 492
240 437
92 331
202 364
210 273
212 343
49 245
44 116
156 421
102 207
175 347
221 252
182 394
87 311
300 443
134 496
117 156
14 311
102 144
439 467
37 369
277 288
212 490
287 383
98 391
6 166
180 318
432 477
439 456
18 438
11 283
155 167
377 425
160 223
228 325
433 466
116 421
125 135
69 134
196 247
343 418
41 429
29 413
32 189
245 488
377 430
33 165
12 336
27 31
189 468
136 210
65 283
24 180
361 389
28 451
224 279
170 206
231 479
191 427
216 231
70 358
465 493
101 142
111 148
210 393
58 65
77 199
29 37
197 460
71 243
34 272
28 444
424 470
204 301
47 66
248 396
210 249
273 340
394 478
27 129
72 235
96 293
59 268
235 460
109 134
5 470
315 481
64 202
84 99
122 249
58 81
27 211
241 399
172 457
81 88
55 91
294 354
123 259
87 409
457 479
71 443
322 406
31 217
40 488
15 215
135 462
183 457
41 242
92 354
335 415
94 463
113 271
164 173
61 358
252 288
18 383
330 340
373 438
226 288
45 401
315 321
325 391
204 443
67 154
264 369
181 197
421 437
31 443
29 143
434 509
428 484
302 427
328 353
198 431
20 434
278 378
307 365
116 382
194 502
1 486
187 332
213 256
347 441
119 252
270 427
15 308
127 363
46 492
35 476
134 273
275 427
65 408
55 332
444 498
159 239
124 344
147 365
219 494
273 280
110 252
171 241
311 332
113 286
21 492
410 452
232 362
62 187
240 362
330 429
12 143
114 474
231 354
152 258
450 488
335 434
45 444
254 393
236 458
231 311
70 287
14 31
202 409
177 272
214 388
346 497
385 395
467 481
315 444
341 380
12 130
76 455
316 388
229 359
65 105
133 245
397 446
315 369
126 476
4 367
29 232
178 436
302 428
109 459
341 443
175 433
95 386
253 447
39 232
232 333
172 241
81 214
45 292
203 434
131 145
67 482
179 480
178 234
112 301
190 353
16 66
176 199
165 207
234 404
18 77
39 60
41 449
148 209
142 379
99 476
296 450
71 338
103 280
82 231
290 408
58 253
28 287
317 354
205 331
38 116
79 135
217 364
284 362
130 177
252 504
138 322
410 494
124 371
356 490
214 298
364 473
94 445
101 423
466 491
180 370
45 164
160 472
134 478
95 366
132 443
249 311
50 234
141 148
238 401
309 382
41 110
348 435
2 56
206 493
65 223
62 409
249 482
97 122
224 334
266 471
284 316
29 327
27 477
20 435
237 421
401 452
41 94
74 334
102 307
299 456
67 288
93 484
434 499
63 434
89 91
91 489
149 193
435 473
359 399
287 468
25 461
114 194
20 233
46 57
96 138
151 216
38 166
109 451
296 480
127 315
99 310
192 264
70 394
139 235
47 472
168 488
28 299
87 399
271 450
103 291
296 429
17 157
11 165
51 318
72 264
126 490
63 256
69 408
376 430
375 386
374 446
22 132
331 368
108 312
234 306
77 360
83 384
324 330
178 250
273 491
97 423
311 313
207 371
107 211
30 315
286 316
12 196
104 376
76 141
128 462
19 147
51 232
28 56
222 334
56 499
52 431
318 349
176 229
431 494
61 328
106 270
72 271
288 327
177 205
24 364
246 288
193 281
198 258
191 288
102 143
157 427
221 250
84 491
146 254
22 339
299 453
316 413
354 461
244 247
132 488
262 489
65 94
391 506
25 109
71 403
59 383
415 473
38 80
167 410
129 252
346 383
37 170
274 341
89 249
185 351
176 218
63 255
20 323
108 386
46 463
245 363
7 24
114 278
38 58
302 491
248 427
99 337
178 414
309 332
49 215
393 442
81 287
125 161
6 356
271 280
309 420
123 176
204 456
47 214
29 414
282 436
87 489
432 505
31 124
274 406
63 328
161 374
141 251
27 194
152 350
125 195
84 242
250 459
85 325
132 327
449 471
154 271
408 426
204 213
363 406
284 415
158 249
224 343
227 272
166 478
52 161
113 117
22 292
187 259
107 165
6 210
27 112
42 357
68 485
90 311
189 337
128 296
189 381
184 198
151 491
34 381
298 447
141 446
233 478
81 165
19 143
428 476
314 433
70 401
55 467
110 147
210 325
29 70
205 299
94 476
387 416
103 371
123 197
129 307
357 499
5 491
138 149
5 73
90 440
411 490
96 425
154 274
449 507
41 280
52 485
16 309
432 434
101 169
326 475
130 223
148 379
114 394
189 302
73 252
235 458
114 404
97 495
175 256
58 60
301 444
151 190
296 434
157 324
301 508
146 229
49 406
211 296
356 494
126 230
322 401
434 452
198 210
134 452
126 246
308 469
62 172
21 452
275 365
209 406
50 478
73 84
141 479
104 334
172 198
205 276
101 454
435 453
63 364
94 103
46 268
33 178
265 280
304 417
106 506
377 459
384 499
253 451
53 280
184 414
245 466
158 475
109 481
410 502
40 507
148 466
337 485
147 324
160 483
409 438
376 486
344 478
77 429
282 441
45 242
13 355
143 451
100 333
44 178
404 484
104 378
436 448
115 259
127 202
377 384
122 400
194 314
264 495
150 172
385 458
347 379
3 418
95 322
407 426
12 499
30 463
178 385
195 378
110 426
143 482
120 502
331 438
37 219
7 327
303 344
242 424
145 397
173 449
255 366
47 180
441 504
117 417
140 342
219 320
328 359
451 473
354 499
59 315
103 192
228 405
63 454
88 336
369 400
269 408
54 302
75 266
282 498
281 404
203 210
187 381
86 346
251 370
244 362
209 239
20 407
347 390
281 474
68 435
313 341
202 289
97 168
169 383
62 408
416 477
186 264
50 97
165 200
255 416
224 238
141 216
84 224
16 222
164 378
482 487
303 306
181 274
39 343
49 342
311 453
62 433
261 266
375 465
208 400
178 197
207 242
123 475
111 489
449 452
214 281
44 472
172 348
280 492
268 434
89 191
12 390
148 298
88 382
13 377
39 150
42 434
80 236
326 378
225 427
88 230
342 345
71 478
249 360
84 106
177 302
223 476
37 123
62 399
460 476
323 374
10 436
81 190
10 438
230 257
228 348
216 236
123 207
25 220
205 237
211 253
240 316
81 324
298 347
345 389
117 429
83 106
200 437
54 487
223 456
282 284
185 485
374 505
18 27
23 494
314 333
158 234
278 397
47 481
265 324
25 250
331 385
226 459
154 250
190 270
11 504
450 498
102 265
39 201
44 134
161 503
176 223
125 321
65 446
13 213
247 502
12 92
78 463
82 244
322 505
20 76
13 265
99 392
4 143
181 213
161 305
48 177
160 255
77 399
60 237
193 386
345 451
1 491
204 378
135 198
236 449
263 458
175 495
65 148
261 311
314 483
108 456
418 424
209 422
205 233
18 205
230 415
163 231
282 462
32 72
248 458
32 479
35 296
41 278
219 296
30 420
142 385
52 394
91 156
92 126
109 495
358 503
219 338
175 425
387 499
165 298
79 106
193 377
2 210
119 475
235 280
423 476
30 320
6 222
88 317
155 379
66 141
303 485
7 302
46 385
55 355
369 494
205 357
271 292
120 400
140 239
215 277
71 151
184 314
277 308
245 475
221 374
42 73
169 272
231 389
71 182
186 441
136 360
307 329
273 495
260 449
193 213
77 115
131 134
119 379
161 359
289 305
362 500
102 275
70 126
280 443
206 349
137 254
11 166
282 473
359 423
182 227
47 258
325 362
389 441
333 345
254 274
64 149
104 390
160 323
35 70
57 474
138 314
180 281
311 355
301 398
86 410
36 67
327 480
191 472
57 192
254 317
118 177
360 366
438 477
110 167
73 117
318 459
426 440
293 345
166 176
153 329
376 425
212 277
42 174
178 336
80 492
14 431
29 421
278 506
8 130
55 383
44 276
207 415
49 358
112 205
136 371
55 196
50 487
263 422
127 476
65 184
363 474
280 385
285 349
106 157
192 226
42 450
78 209
14 276
107 308
128 413
15 480
48 446
98 183
231 451
234 356
75 292
409 475
204 405
174 179
234 459
30 488
207 440
344 421
152 212
172 475
192 436
68 293
47 401
342 378
24 76
131 352
269 483
218 240
315 384
294 350
255 325
28 346
86 251
199 248
49 356
121 307
