1433 1467
43 1268
90 1143
237 271
444 1375
232 1407
1026 1139
861 943
981 1003
77 1229
416 966
606 1370
351 438
687 1379
1030 1186
1373 1428
715 762
553 1426
238 1012
120 618
345 857
827 1118
548 1085
245 333
82 910
202 570
80 781
666 797
122 1022
75 989
674 881
298 1139
160 584
801 1085
607 715
751 1284
545 1267
560 1053
451 469
88 358
361 832
596 1306
362 675
238 1178
625 792
751 926
189 344
332 1288
384 1313
869 1081
186 918
722 1103
73 1273
875 951
424 1300
363 1388
1252 1395
805 962
360 815
63 609
232 1086
801 902
21 481
174 1272
596 620
468 1206
22 304
664 1269
207 494
1218 1337
96 232
103 1150
209 556
834 1117
185 647
944 1072
1040 1302
185 1276
128 627
67 933
382 1209
5 463
355 1402
500 1129
116 785
89 568
1155 1198
948 1368
1067 1164
827 900
172 1180
293 869
748 979
205 984
661 1353
650 1424
311 634
283 858
646 1293
1058 1095
95 369
342 1226
223 1224
363 1195
501 581
112 996
465 840
822 1127
505 862
1198 1210
707 1427
305 1340
383 953
868 1238
1072 1262
280 963
1095 1307
167 719
867 871
804 1228
1011 1282
288 346
193 348
475 879
605 981
745 1054
712 1010
298 565
530 944
8 394
449 658
760 1372
852 1002
526 572
1148 1217
461 670
735 908
1216 1395
472 1333
692 1012
30 397
775 1281
935 983
375 524
678 934
168 826
31 62
701 1362
85 1246
141 213
534 1168
783 1243
249 913
17 914
331 343
25 425
38 514
182 393
318 502
612 801
259 877
517 1119
418 1016
584 1173
1078 1101
665 1037
783 1398
741 976
578 602
818 1220
459 681
173 1330
492 1390
135 1082
391 1172
398 1245
397 1037
59 472
754 1034
580 1235
407 1051
176 1216
134 855
343 1248
90 550
389 825
675 1413
25 1021
138 544
1324 1357
547 878
97 573
93 643
1051 1162
492 1334
458 471
7 1009
487 826
102 1032
296 1278
678 1314
844 900
480 525
85 773
104 1206
392 1352
125 356
38 357
282 1142
412 446
696 772
174 752
473 677
626 922
20 228
344 946
575 669
320 525
222 718
12 1358
286 690
47 1053
496 540
1229 1355
872 1110
705 1384
563 1158
251 294
459 615
1116 1403
230 974
303 1083
382 1060
599 907
495 531
350 1364
776 1406
519 1055
382 636
949 1171
789 1301
247 1256
295 700
612 1315
528 637
19 364
1232 1280
937 1042
1163 1412
220 778
542 1367
264 639
81 714
152 310
1101 1231
784 1142
199 1123
204 920
424 1233
159 217
78 697
534 774
531 1270
912 1056
319 1038
255 460
753 1001
267 1069
589 1365
241 1002
2 1045
322 933
1207 1415
101 884
84 1354
416 1023
21 629
278 836
433 757
504 638
121 875
669 1044
104 1412
294 594
654 948
230 590
190 1077
422 1005
785 1404
172 568
770 1225
382 596
859 1036
203 612
334 604
314 1220
921 1400
42 1312
27 1128
691 1282
579 1394
454 1109
151 339
1161 1180
766 1221
432 1344
1215 1222
95 154
16 1040
215 763
667 1190
259 387
284 1081
747 846
1025 1194
538 1170
323 489
276 1203
680 1291
534 624
299 420
178 308
18 145
419 1334
828 1318
679 698
1110 1124
595 1126
535 819
71 527
1243 1402
1000 1266
963 1190
1047 1271
380 391
373 813
833 1141
434 1418
57 1111
1236 1352
315 1199
242 449
395 1415
4 622
481 865
53 155
1036 1144
165 362
94 1348
479 634
213 577
603 1336
567 985
3 883
232 929
195 411
505 801
499 621
94 317
119 324
702 790
1031 1135
676 957
69 728
740 1346
48 1145
482 1125
139 1018
83 952
231 256
331 867
157 1279
511 1285
607 1386
703 1305
430 1303
485 882
1311 1362
302 1350
205 731
284 1097
560 1177
254 1349
368 493
51 731
320 546
9 165
536 1325
341 396
153 1410
514 755
434 1084
353 1343
457 986
561 1132
102 1027
42 898
954 1191
551 810
732 1188
100 246
46 528
670 1060
144 234
408 432
897 905
427 524
510 865
512 960
723 849
594 989
337 475
932 1315
1104 1416
579 623
177 790
248 737
89 1119
28 1113
226 965
216 596
127 192
122 131
221 370
1022 1187
725 746
35 389
457 506
306 606
348 1316
60 193
535 745
437 633
490 1421
18 1042
864 1304
360 1000
265 1062
421 545
928 1338
846 1319
483 938
469 508
1321 1422
400 553
351 898
161 1004
493 587
375 894
51 816
88 509
1390 1415
1251 1331
141 993
622 823
232 513
799 896
64 1367
426 890
625 693
899 1355
371 454
191 915
121 1289
881 1196
321 706
333 1046
465 538
251 698
822 1024
92 951
87 982
609 1271
288 1095
112 668
355 439
404 501
613 795
149 150
417 1084
369 1159
133 400
63 273
940 1258
574 1035
307 1432
279 709
1232 1275
598 841
701 878
132 324
371 461
10 146
201 1153
71 758
119 708
413 762
352 840
440 930
359 587
192 929
10 135
616 725
810 1414
1156 1223
1251 1406
439 1397
788 1249
285 361
448 751
809 1204
527 1339
828 891
261 1141
290 436
799 965
178 1428
736 1400
372 976
1021 1343
1326 1413
1 673
219 1171
365 467
470 920
113 848
441 1039
849 1192
415 1219
554 1222
658 1195
452 1127
1016 1074
1249 1279
682 1098
235 1266
580 994
130 184
146 602
67 488
134 580
101 1360
191 206
190 735
1187 1331
511 1310
874 1409
258 1068
268 1043
143 1228
433 834
973 1256
728 1394
886 954
464 960
619 1429
262 345
959 990
197 729
354 641
33 193
882 903
507 657
851 956
711 830
463 1120
336 1431
41 652
986 1179
344 1368
790 1240
181 778
148 295
378 744
651 739
84 403
170 1170
635 1192
74 1230
797 974
758 836
750 765
443 711
927 1377
655 790
183 532
321 478
373 850
250 387
722 1304
40 853
336 1378
149 635
318 1099
517 624
839 980
66 1226
372 1088
601 674
184 1321
75 1330
137 1273
255 795
108 561
193 653
756 878
246 438
325 781
888 1213
673 1255
66 1284
147 600
126 257
49 709
256 1018
11 1194
755 946
1174 1241
955 1203
30 199
396 1015
152 1236
212 268
873 1115
448 1041
183 713
786 991
523 1209
1013 1176
935 1420
36 889
640 895
642 1128
1030 1424
737 1065
358 414
419 656
947 1159
220 971
118 630
1183 1356
312 770
491 547
114 1115
639 862
919 947
177 1070
254 543
405 596
1013 1112
58 1427
157 786
171 1314
452 1102
629 850
156 1422
296 796
820 1233
224 1212
497 1096
110 769
663 1019
811 1156
435 830
233 1077
99 1307
56 1164
628 650
791 1371
1028 1201
252 313
72 1059
596 922
353 1025
496 616
626 1114
518 680
533 950
566 1299
1008 1038
1121 1382
860 1298
8 1120
275 878
848 1083
1116 1290
196 1263
379 1075
131 1417
821 1076
749 1188
553 1202
1050 1399
593 782
847 911
688 858
354 1382
442 1292
297 913
330 1200
136 352
689 969
124 1309
69 1168
166 1073
50 367
48 695
301 1157
557 912
204 863
631 1095
730 1069
852 1148
390 764
585 704
237 1137
229 1374
158 404
403 1328
692 1237
729 928
1074 1199
366 1100
780 851
425 889
240 628
392 636
759 1124
179 289
820 1269
757 868
388 1123
453 1342
61 662
329 446
925 1197
651 751
299 1377
154 1275
1033 1309
27 148
559 1105
502 1048
39 114
916 917
489 526
44 196
235 652
126 1223
578 1061
139 198
159 187
1185 1189
985 1387
772 1244
164 710
239 671
116 790
1345 1369
466 975
58 1371
384 837
338 555
215 1239
22 595
814 854
992 1193
557 1283
208 803
37 612
1306 1403
435 509
764 1287
676 1146
450 582
305 592
679 806
999 1288
599 1160
529 633
381 554
860 1131
1261 1387
349 1091
79 244
36 1253
124 977
113 1323
140 727
919 1057
906 1165
200 447
98 1117
70 1299
1264 1286
582 821
239 819
529 662
833 1029
234 942
816 956
341 1102
468 1218
272 1189
81 938
448 1238
163 1414
829 1158
792 845
899 1263
593 987
1112 1332
812 952
6 866
161 598
340 864
597 1067
774 784
523 1227
817 910
474 1200
717 1319
724 831
508 1174
128 1064
779 1054
485 970
127 417
54 182
841 1412
608 1429
212 460
733 892
380 991
1032 1240
1287 1418
227 1286
368 1425
175 407
440 688
120 1107
97 1384
1062 1254
734 738
249 707
250 623
266 611
326 427
1161 1183
943 1300
1197 1248
47 1184
747 1372
1193 1363
660 1379
29 1340
315 1152
987 1265
558 895
181 581
448 1375
377 870
291 304
188 969
1347 1393
108 1335
1079 1425
323 724
442 1397
843 1185
87 1244
401 754
1405 1421
684 734
519 925
56 767
289 1329
153 303
29 743
222 447
13 835
260 837
359 1241
856 1099
583 1296
123 806
105 1346
888 1353
35 543
200 803
357 1133
619 1093
231 665
448 646
1274 1332
125 1211
23 787
802 1035
743 1041
79 621
873 1396
782 878
604 1415
423 495
1328 1376
483 596
37 1237
1157 1252
164 708
613 1391
1108 1415
456 600
267 664
807 1071
825 1378
771 1217
55 1277
746 832
206 1230
342 1033
322 386
1064 1076
248 1092
117 647
107 1357
657 817
880 1327
293 617
70 1178
699 1100
847 1071
541 1173
34 109
118 1389
648 1259
571 1430
147 484
1167 1373
950 992
232 319
210 853
100 240
610 911
503 871
20 631
716 1125
682 1007
893 1276
86 984
169 1225
43 226
521 1291
1247 1431
426 1364
738 1150
52 1208
924 1290
838 1410
695 901
488 693
428 455
232 532
73 1108
964 1419
972 1107
339 1045
68 904
684 818
312 1376
41 167
329 340
143 444
40 1268
453 1063
739 1186
306 685
16 109
921 1026
521 995
823 1327
573 1179
377 1359
471 681
753 906
970 1213
316 394
399 995
129 244
269 878
533 1061
406 903
300 614
838 1426
649 1215
91 247
653 1052
1010 1323
327 367
476 1388
53 491
171 1366
1349 1401
436 585
520 1351
163 1297
988 1049
297 802
854 1151
644 1184
334 482
486 1214
720 1132
661 967
269 769
1177 1205
313 1175
156 448
713 1261
901 1320
176 690
45 385
106 880
292 522
201 1147
500 1019
241 1003
993 1027
712 1257
614 962
470 536
3 540
173 1095
596 1001
717 1166
467 1267
129 752
515 1130
654 1264
279 788
549 1312
93 1007
887 1070
24 588
590 756
643 1166
374 429
264 894
714 908
6 31
691 1295
252 346
86 1212
751 1408
218 1105
804 1144
50 224
884 939
1 1020
253 271
569 1095
742 1260
275 402
569 1258
115 1310
274 706
663 1254
620 1214
386 779
188 719
748 1344
576 704
180 829
13 1211
270 777
78 218
402 1392
123 1134
272 1409
137 499
115 721
1255 1272
242 325
736 1140
905 1247
515 1324
142 596
476 726
311 824
278 534
45 46
223 507
225 1046
328 1370
160 516
111 378
730 1224
1303 1380
189 1234
423 653
907 1317
1006 1154
117 686
281 1301
217 842
610 1405
236 1090
479 1034
953 1131
549 1246
727 1366
601 642
76 1325
671 672
60 332
236 1147
243 1432
356 443
175 300
310 988
765 1381
612 958
835 1348
266 301
162 506
1050 1138
760 1024
140 961
15 637
455 563
451 1281
967 1302
959 1169
768 859
198 486
537 586
1297 1354
98 308
221 261
211 277
365 885
317 562
214 1361
801 1308
291 605
309 422
1143 1280
801 1411
1005 1087
413 1052
580 1080
645 1103
19 548
1011 1341
424 1196
32 750
133 793
844 1137
374 576
666 941
105 292
290 796
270 696
839 1079
589 1399
874 1345
685 1182
1278 1389
555 1136
162 228
44 281
513 883
553 763
263 702
931 1385
503 660
1231 1295
274 751
65 574
276 683
82 1134
203 891
638 718
632 940
202 566
39 96
314 450
466 478
76 720
307 1008
210 1365
138 1208
285 497
551 1094
110 1091
958 1068
815 1059
456 932
232 1320
349 490
761 790
408 552
863 1039
151 824
937 939
83 411
1089 1392
421 831
335 886
130 1126
518 627
72 1338
409 791
414 997
431 1073
807 1423
777 1075
229 811
794 1374
916 1311
216 1146
697 1234
572 1383
166 587
559 1029
344 996
721 726
498 677
570 1066
877 1138
34 347
155 845
91 641
107 418
253 410
92 1361
1145 1151
611 1133
842 936
645 1028
364 1398
800 861
257 1092
395 1296
211 405
915 1006
431 564
393 592
716 1122
207 615
973 1385
64 1202
158 742
232 683
260 672
659 1416
942 1342
577 1154
975 1369
328 879
689 1250
410 1433
99 1176
767 930
28 703
430 1292
617 872
415 474
409 918
556 1221
926 1152
445 998
62 1129
487 1065
383 648
794 814
65 180
740 1381
1106 1339
194 805
945 1020
866 1004
994 1430
1063 1294
385 998
733 1360
1043 1408
11 462
659 749
914 1270
564 1289
49 57
406 435
103 179
473 575
1317 1419
464 484
376 909
280 458
968 1210
1056 1341
132 1245
1205 1316
2 1336
978 1308
1098 1404
390 890
23 1181
55 876
571 892
550 1086
855 1322
1088 1326
510 562
145 462
504 1136
558 1153
243 1260
258 990
214 1111
347 700
262 1087
381 1104
77 1294
325 552
17 273
335 586
283 539
694 1250
968 1175
265 1149
209 741
759 1257
208 843
1055 1135
327 1181
761 1335
111 966
170 588
798 857
655 1201
710 1322
14 887
856 1095
789 1242
876 1350
106 398
632 885
897 1106
608 1239
808 1420
33 597
52 1049
103 316
14 603
68 441
420 1337
541 813
649 923
227 445
286 1259
544 1057
687 809
379 539
187 219
24 800
61 979
977 1017
59 302
326 401
412 1359
150 1023
197 1407
1383 1391
144 591
344 1044
931 1356
1305 1347
583 1298
668 1242
437 686
902 1172
330 972
263 287
982 1014
370 1096
516 1080
1031 1411
896 1293
971 1262
1058 1253
277 1433
775 1204
1097 1165
893 1017
587 630
399 1386
773 1274
136 798
957 964
1009 1047
1121 1396
1109 1401
388 1182
520 801
1015 1114
512 776
9 1412
282 591
656 694
1094 1351
337 978
382 961
74 1333
1283 1285
923 1130
245 870
169 233
949 1089
54 945
350 936
1380 1393
26 924
768 909
699 1160
904 927
225 1093
644 812
983 1423
338 1235
376 494
309 1048
705 1219
12 1082
1014 1318
723 1163
1149 1162
186 1169
32 477
618 997
546 999
168 1227
4 1155
7 522
15 1167
917 1358
537 766
793 1277
542 1113
26 1191
477 1329
287 780
667 1265
429 1118
808 934
565 1090
195 1066
142 194
366 744
480 1417
771 941
787 980
640 955
567 1363
1207 1313
80 732
1122 1140
498 530
5 1078
