1569 1625
1043 1553
57 369
481 1231
99 227
113 262
239 354
175 887
819 1230
27 115
76 820
1086 1498
482 1193
1299 1447
570 604
121 508
100 208
77 572
52 1296
198 639
103 945
256 381
745 1173
1033 1350
13 1414
233 1399
402 1417
1394 1441
206 623
264 482
1155 1336
1176 1433
50 1066
542 850
666 1508
806 1528
864 1001
474 1528
567 862
907 1379
927 1336
603 1086
581 1243
218 324
214 1047
56 255
1106 1472
153 229
408 1437
380 1501
80 1455
590 729
72 298
202 1316
43 1269
751 1319
247 1034
407 918
146 462
724 1299
94 1171
93 206
280 398
165 224
1025 1516
998 1103
1382 1515
450 760
161 485
81 1203
1228 1453
356 992
809 891
1144 1364
328 1088
854 929
127 783
1105 1421
356 1544
608 1333
73 232
821 1279
372 627
1334 1344
636 683
642 1199
445 1137
644 1107
257 1490
571 968
828 960
137 1455
1033 1368
702 1346
347 823
448 1407
772 1397
115 1327
166 818
24 902
91 796
504 634
384 750
30 691
771 1292
869 1069
650 1055
95 946
21 235
137 962
1256 1473
10 787
1020 1083
343 1545
376 392
108 599
574 579
429 587
464 1542
412 1422
379 755
361 1042
698 1032
53 732
48 1003
471 1511
943 1199
385 797
493 1552
710 1076
73 122
495 1152
155 235
527 811
126 1336
131 1181
213 604
1226 1282
517 692
401 1219
506 847
60 254
44 1413
512 1545
1050 1361
807 1387
805 866
852 1371
1063 1416
536 1153
33 756
508 1338
330 1176
968 1326
122 509
305 988
1278 1383
425 1563
142 494
499 631
493 1303
201 1484
565 1019
36 1057
508 528
646 1209
26 547
923 1330
44 600
67 489
358 443
243 258
247 1166
1258 1537
998 1277
700 1345
248 1531
47 404
129 160
648 766
733 1051
1049 1411
317 1476
1056 1371
1283 1482
98 1472
605 1017
1221 1505
354 858
66 668
534 1370
846 1507
897 1534
811 1173
1280 1495
226 937
361 1170
329 951
1324 1363
824 1498
2 564
193 346
276 406
102 109
374 1492
824 1530
684 1350
20 1381
568 899
120 983
483 991
910 924
929 1257
139 542
141 377
626 1073
148 1063
312 862
383 438
439 1456
1408 1556
222 1335
1251 1440
133 184
744 821
516 1110
880 1078
1111 1168
647 992
640 877
802 1244
268 1493
539 776
628 832
498 1265
1129 1538
276 1524
123 1254
392 478
205 585
1296 1429
430 606
1008 1508
1236 1328
230 1158
338 1509
938 1469
429 928
458 818
88 1355
607 1007
436 1169
304 735
154 1290
375 1505
307 490
326 671
256 1366
49 1458
343 1081
582 1014
132 1002
72 1376
3 777
15 808
296 686
550 1225
421 1077
713 1082
107 1439
833 1510
1012 1445
3 783
564 762
1276 1304
642 673
544 892
108 1067
1071 1442
530 1247
474 1156
37 1541
358 673
416 855
453 949
191 394
184 1456
577 822
188 744
690 816
274 345
387 1159
362 1073
691 1008
160 1045
1302 1540
855 985
1262 1457
770 974
399 979
721 1328
244 1360
732 1229
423 533
687 1400
730 871
55 130
768 1426
109 1197
957 1340
352 1067
969 1282
408 1002
24 960
1312 1566
393 845
995 1422
749 964
659 1227
943 992
850 1145
1 555
258 589
250 339
1170 1471
367 1098
502 1128
548 556
1 764
829 931
728 1403
748 1004
31 1123
322 1532
23 1320
245 1252
500 1387
1158 1418
304 901
16 885
200 475
195 891
601 1373
649 1476
223 1291
148 765
310 1281
351 751
664 737
377 882
699 1147
1039 1445
507 814
102 237
631 1116
12 1145
5 1293
952 1091
93 831
782 1385
621 1035
30 836
16 1186
545 598
1227 1345
1301 1519
39 266
451 1146
334 478
982 1423
8 1119
770 1222
107 1101
806 1013
171 813
935 976
665 1194
724 1255
816 1523
430 1180
238 1120
1406 1503
714 1382
337 475
841 1207
466 1491
420 1533
612 1302
106 287
1425 1471
526 775
90 972
857 1060
284 1419
1084 1209
459 1010
1028 1233
373 1259
735 1101
917 1236
784 1148
922 1131
249 761
513 928
145 1339
163 1326
277 1183
623 1135
191 1298
464 561
15 580
131 1475
889 1470
827 1248
931 977
254 552
23 813
982 1042
935 1058
340 1474
1163 1418
1261 1324
948 1513
975 1454
805 1180
1375 1514
457 1113
797 1163
471 688
720 1256
38 1290
1059 1391
119 1013
442 1562
180 1526
498 914
1017 1485
234 859
378 1441
1080 1174
956 1411
145 234
1380 1491
1016 1438
307 945
501 634
400 730
1486 1556
466 575
602 1149
316 1119
559 655
1021 1565
332 804
72 146
261 1294
263 832
59 137
270 641
303 987
487 838
252 845
1212 1215
376 1307
1305 1464
654 1150
518 674
1304 1560
980 999
537 747
203 703
422 777
1315 1395
1367 1485
316 414
330 1488
362 1474
55 67
606 955
320 921
538 1532
501 941
315 1285
207 1225
398 618
1228 1548
593 944
185 1567
1050 1342
169 1198
788 1378
547 1325
523 1123
492 589
794 1030
363 672
137 525
749 1236
203 952
171 333
786 1336
468 675
82 746
999 1107
279 302
58 1330
679 744
629 817
242 1250
438 596
680 954
1015 1016
335 1324
96 1271
888 1321
1106 1564
932 1408
613 1125
549 1249
7 237
295 479
1037 1195
335 1300
444 1018
725 761
1004 1152
433 1224
261 529
1108 1368
912 1487
599 731
308 1044
252 733
26 831
1133 1175
977 1194
1124 1245
74 1308
277 285
1337 1481
1366 1513
1049 1162
175 1264
311 1094
91 340
232 383
710 1077
451 1562
1095 1348
28 259
1133 1374
45 382
473 1251
694 1430
1111 1214
183 390
440 1352
506 1023
799 1185
390 1550
309 1322
55 842
35 796
57 431
1163 1255
369 1504
573 883
370 1452
505 1154
262 926
965 1318
911 1430
1433 1466
877 1253
465 588
1339 1409
231 536
205 1404
6 1231
556 1355
835 1515
867 1533
267 950
637 1238
1062 1384
763 1393
453 548
463 1309
186 577
268 1222
432 1386
904 1268
450 763
407 456
440 441
666 697
465 1449
182 625
197 857
239 1372
1130 1465
140 620
801 1235
211 908
406 1018
97 168
643 1163
314 1102
62 88
1089 1468
384 699
919 1122
1091 1448
291 1178
635 1482
146 657
611 1538
514 1306
1097 1432
431 790
905 1250
29 674
201 1248
510 771
353 843
972 1234
786 1257
374 996
1163 1417
681 1052
367 533
779 1547
189 714
452 544
595 1116
1066 1087
129 1518
940 1569
264 743
169 1438
231 846
1208 1271
328 561
143 528
753 1521
420 1079
432 1218
1226 1520
305 456
223 371
415 1317
214 1286
248 677
179 1489
105 312
949 1331
1425 1440
249 1206
230 366
1005 1420
353 476
228 717
427 583
417 1261
616 1516
795 1309
900 1031
2 1241
272 310
364 1415
509 1539
79 854
176 784
474 1202
616 742
1446 1561
137 301
6 632
17 1557
225 1040
447 1078
209 1269
575 930
514 1467
56 1278
139 1087
300 613
391 865
839 1259
1029 1314
652 868
551 1369
241 826
180 183
218 1090
513 1274
873 1434
1036 1536
33 1428
1127 1187
651 1088
531 1449
622 1541
144 1072
411 942
176 752
1150 1237
233 749
221 800
566 953
1112 1349
74 681
1407 1431
579 1212
69 1297
821 1374
1325 1499
563 1444
163 896
1117 1517
83 159
826 1097
652 904
45 842
481 915
519 687
628 792
165 1281
515 1565
694 1223
421 1496
685 1148
290 1481
756 1543
308 1458
309 601
660 815
638 1435
428 506
448 573
1157 1192
469 1135
1166 1305
1246 1352
708 1029
98 1395
1284 1499
413 1424
348 1394
309 849
51 1386
958 1283
894 984
288 1524
265 303
132 801
187 619
640 773
87 1559
34 645
521 990
716 1061
136 1560
1391 1414
1065 1506
1188 1268
517 1458
967 1126
51 327
2 117
588 958
1336 1372
1059 1248
1061 1070
162 822
29 959
434 909
983 1139
625 1179
55 815
126 612
636 1483
308 701
637 1554
170 311
895 1032
409 600
472 718
79 610
344 1205
107 321
158 828
1067 1379
690 1080
189 840
95 217
523 611
326 435
1294 1323
1218 1478
1084 1420
355 1492
135 1118
329 461
495 933
904 1404
934 1207
185 878
99 520
336 1436
460 723
865 1195
726 911
442 890
320 1512
345 1053
639 1202
349 1480
13 908
917 1062
506 755
216 779
229 527
58 309
986 1055
323 1438
342 1286
1156 1421
70 158
844 1313
717 898
22 1354
60 1224
104 1025
531 1099
386 661
790 1426
905 1217
243 963
118 274
107 1493
141 416
210 1046
38 1317
215 483
444 954
651 987
434 819
740 886
394 1522
708 1260
1037 1555
395 1469
688 1024
157 387
191 449
371 969
96 467
151 1389
791 1462
578 627
228 774
1376 1510
1026 1468
546 1054
477 1557
287 574
480 1160
488 1341
83 1048
915 1292
902 1548
75 657
741 1279
167 449
1357 1546
594 697
226 1069
707 1189
1093 1189
584 705
559 1287
534 920
269 472
331 765
246 1288
125 174
173 1102
764 1144
170 336
150 1403
281 1190
54 633
183 1319
105 669
809 1409
458 571
55 1160
106 991
617 1377
874 1274
602 1336
428 1093
1320 1423
263 778
372 876
849 1233
208 1551
314 847
261 297
55 1204
496 1460
479 829
84 662
803 1522
19 762
452 916
48 1016
125 965
152 893
1126 1356
34 1240
405 1297
861 1351
403 525
942 1358
609 982
66 333
468 1242
38 520
250 1163
989 1216
61 507
388 1502
210 844
887 1198
188 689
156 650
1215 1273
221 403
605 1179
875 1365
981 1262
154 445
562 884
552 1353
25 568
993 1475
792 1482
976 1431
491 874
149 186
716 743
1089 1520
120 789
156 860
152 863
325 1363
1252 1405
626 715
896 1242
678 1401
199 927
257 540
32 1388
293 1343
28 869
834 1359
380 672
554 1208
560 1232
851 1124
150 676
286 1010
246 1558
1427 1506
926 1142
118 238
1203 1487
313 663
484 1349
46 1039
410 866
177 543
1005 1235
342 1419
323 562
368 871
351 1230
1239 1311
582 609
462 484
1270 1523
271 1159
288 1434
879 1053
291 833
1267 1353
881 967
402 1083
1184 1329
9 204
1514 1564
41 319
300 940
389 1151
488 913
101 888
40 1164
1125 1398
754 1344
576 1529
251 1024
750 1461
1011 1537
332 1038
319 830
693 1477
808 1435
78 94
951 981
82 1454
923 1393
482 1030
1009 1177
461 1554
489 787
443 1169
116 1566
660 1527
346 1310
1036 1200
838 1346
973 1558
1098 1338
576 1448
853 1310
278 381
889 1412
738 1535
1121 1134
21 86
658 1115
212 437
138 200
474 646
395 1022
1011 1396
357 1115
190 1511
147 1460
904 1142
292 506
331 1439
781 1064
62 610
1057 1249
707 890
128 677
418 1122
400 1220
995 1054
1171 1544
147 1381
785 1295
661 785
1067 1490
496 670
42 302
19 685
409 959
737 1507
204 1313
260 955
907 914
433 990
1155 1167
166 1027
1020 1462
71 104
447 870
8 535
963 1058
695 793
567 1275
193 1172
629 1396
956 1399
454 939
366 491
296 470
10 671
586 648
255 282
622 1131
1151 1238
187 1165
436 1035
522 1384
729 1306
759 1276
595 1348
728 1105
686 1503
474 754
630 664
405 1181
825 1263
749 1081
537 758
63 1273
620 725
391 1175
675 919
341 1019
273 1074
645 1295
590 1188
837 1065
137 1342
418 1141
569 1540
293 859
411 1247
467 1263
137 348
810 1367
373 1241
1500 1555
798 912
224 1496
1017 1097
155 997
17 1076
587 903
1092 1112
137 459
275 505
211 719
1089 1139
289 1027
802 1357
426 718
168 196
265 757
4 624
578 624
711 1100
117 1470
77 503
39 164
454 1191
107 598
508 1369
271 970
742 1280
535 1056
837 1162
882 1075
860 1067
298 856
162 1154
89 397
738 798
306 1486
360 541
236 662
966 1322
410 962
618 979
455 975
1100 1213
665 1492
11 68
769 1329
341 1323
181 944
1001 1147
858 873
283 1009
596 937
334 938
463 1109
286 1437
753 875
736 1196
121 924
107 1539
54 136
302 1499
52 113
37 1272
597 1219
971 1070
1211 1429
101 500
597 1402
835 872
119 698
515 834
112 215
925 1120
386 1129
800 898
504 1248
427 872
684 1165
1161 1253
294 848
14 948
978 1242
615 1568
365 739
225 939
426 1023
942 1216
497 1479
270 715
72 1303
1184 1464
467 1298
617 1182
1080 1482
18 261
65 1388
34 1246
941 1108
311 1232
586 1146
22 519
20 172
253 1164
439 1397
467 682
1012 1143
157 198
503 1543
678 1551
658 1534
643 840
379 768
435 460
80 1047
510 982
240 894
375 1321
563 734
64 110
961 1204
222 1482
569 723
349 1284
703 1452
356 1365
758 804
641 961
282 423
506 863
946 1138
492 886
236 1040
76 1497
978 988
40 143
476 1007
1494 1517
581 974
993 1134
35 292
693 1467
61 1243
853 1183
90 417
217 1525
757 1118
350 950
178 227
702 1128
473 592
1214 1428
92 1067
1427 1450
490 1354
973 1245
368 1361
116 1442
134 1205
196 906
89 1234
140 936
883 1424
219 966
365 1547
114 532
1466 1489
654 1316
551 1332
213 746
167 1410
570 1229
18 486
1267 1300
212 1318
207 1240
103 807
457 906
378 734
781 1127
1048 1161
7 1239
272 803
317 558
663 1415
192 771
820 1221
553 1028
635 921
741 1285
522 1275
55 321
557 1137
1021 1542
922 1521
512 1113
656 1362
259 1511
841 1213
580 1477
199 549
795 1392
364 947
1094 1347
1185 1401
884 1206
720 1014
667 1114
539 1288
986 1359
752 1096
273 1136
1370 1453
497 794
360 419
46 59
350 508
553 1201
1405 1412
1163 1497
85 385
179 655
182 683
1046 1525
275 1443
1312 1358
47 1182
299 396
1244 1480
680 1215
778 1104
603 933
656 1377
532 1383
307 1277
97 885
27 727
133 1511
591 1519
393 870
1264 1553
425 530
70 647
506 511
668 1071
1494 1536
301 1168
1044 1559
31 1552
1079 1568
1443 1482
583 1512
632 1385
676 1535
347 1301
290 437
920 1390
880 1347
1272 1479
546 1336
71 307
700 827
5 909
220 543
414 897
84 202
621 709
526 823
485 1023
142 1549
92 338
78 936
159 1067
315 424
970 1416
704 719
614 1463
759 856
557 740
638 1324
558 696
389 788
487 511
747 1068
389 1390
619 1526
653 679
194 1447
925 1015
1095 1569
649 1478
164 413
592 913
415 1402
419 1114
1143 1567
565 633
446 1051
615 1527
1177 1220
1096 1201
306 993
359 1531
32 308
614 1473
876 1193
1291 1483
309 1089
836 1550
289 294
253 1561
63 766
780 964
219 1217
424 878
194 1031
110 916
541 1546
81 137
518 1178
34 555
989 1064
111 1138
1237 1364
739 957
278 1392
151 1410
124 591
134 901
251 814
1052 1140
773 918
704 1196
1068 1311
68 1484
318 709
670 1389
197 789
355 1380
127 357
172 560
791 1211
388 494
382 817
325 903
1103 1327
240 653
11 594
711 812
706 712
689 1287
267 281
192 1254
181 1529
705 1341
216 1190
994 1210
550 1356
793 825
1109 1509
177 910
695 1000
322 1308
399 1115
313 1457
53 1038
1110 1121
327 1041
1192 1315
1167 1340
441 851
696 1075
772 774
86 397
318 1378
585 852
682 722
712 1060
771 864
209 566
279 1117
1026 1132
363 1465
900 1549
971 1140
4 1043
135 1200
1072 1163
812 1006
302 1375
130 1398
745 1563
508 607
404 1482
1082 1400
893 1034
868 899
477 1045
344 895
123 1337
190 994
299 839
529 1413
173 1223
64 486
572 1334
470 1336
726 843
9 1248
269 736
112 1406
767 1343
128 1099
87 799
297 776
100 554
980 1436
1067 1314
50 1132
69 775
669 1270
295 1444
174 1373
502 1446
867 1459
506 934
516 1459
34 947
114 1149
153 659
538 1438
283 1210
284 930
1335 1502
731 1450
49 1153
545 1333
241 446
499 1289
932 1258
396 782
36 1501
1289 1336
1451 1500
760 1461
43 706
727 1362
337 1351
584 942
780 848
879 984
722 1307
220 1006
75 667
285 1000
111 161
370 692
41 996
339 997
1197 1518
85 521
767 1174
1090 1191
324 892
12 810
1187 1463
1003 1488
508 1331
138 644
124 508
280 630
1136 1265
540 1530
861 1432
480 1130
1074 1141
25 149
260 830
352 1186
401 881
144 359
1157 1260
713 1104
469 1092
195 721
701 1172
953 1017
42 748
65 1022
178 266
593 1115
412 1504
422 1495
242 245
1041 1360
608 1451
244 1293
769 1332
