1827 1992
620 1798
467 1613
264 1212
200 258
1660 1729
74 1326
327 1069
1051 1363
428 501
78 1439
513 1393
343 855
705 1396
370 897
553 1323
190 1776
1137 1192
194 1767
841 1068
99 1216
1378 1439
332 1012
132 443
243 914
944 1419
1177 1523
87 1818
635 1118
183 1763
1280 1295
940 1187
1559 1663
498 1268
1315 1793
189 1618
393 1766
1441 1528
1488 1553
1231 1760
1397 1605
1338 1808
461 678
553 1295
1163 1780
1550 1806
581 1671
175 568
11 1156
334 1456
1332 1817
1722 1809
308 692
258 1752
451 536
1131 1396
445 598
537 1407
348 1041
823 1287
30 863
528 1402
33 660
60 954
667 1007
128 1642
394 1469
115 1513
163 1454
1635 1797
303 637
20 320
245 1546
112 1178
174 1185
1066 1472
532 1740
225 1368
621 1319
419 741
1239 1463
454 807
958 1064
753 1142
18 1034
387 1196
377 1324
312 1405
208 1774
807 830
168 1483
9 1428
1209 1609
92 1215
286 690
1054 1738
1162 1378
189 982
503 1411
912 937
290 1708
728 1180
822 925
986 1441
554 765
862 919
168 1665
431 1614
634 651
227 1744
550 1764
602 931
522 631
828 1719
154 1681
220 646
253 636
532 870
99 443
1331 1813
957 1107
257 1413
95 1571
342 1339
1161 1789
709 1632
848 1539
444 875
1147 1237
102 148
1496 1514
752 1558
1575 1618
942 1238
204 1074
1627 1772
1270 1360
984 1694
14 1108
624 859
88 794
114 1645
817 1516
534 1475
543 1133
802 1714
232 697
795 1780
1682 1708
29 1329
839 1351
211 1297
768 815
241 689
1809 1822
177 1760
215 1637
569 1160
916 1361
1362 1445
348 1263
768 1643
1029 1265
109 1493
1101 1467
118 240
896 926
889 1583
1067 1811
1048 1476
833 1242
6 369
696 721
1134 1710
86 1337
1238 1506
103 392
392 1737
467 819
88 652
1080 1757
1249 1480
61 1106
817 1621
252 824
1360 1458
234 1599
632 1690
790 1019
938 1453
13 1362
1205 1354
450 1243
624 1061
1439 1561
375 1723
235 962
295 752
997 1558
4 414
945 1108
72 439
434 1179
1067 1171
690 906
773 1542
214 837
251 1350
1141 1499
588 1803
700 799
447 450
705 1414
64 1028
340 1171
444 1345
13 1366
12 157
754 1565
247 1039
12 96
1252 1382
1263 1500
55 478
379 662
48 1056
379 886
663 1056
1090 1169
357 1552
276 1513
198 1307
1102 1612
736 845
463 1753
832 939
49 1420
115 1158
185 1115
576 725
430 683
163 919
821 1603
326 603
666 1004
23 947
43 382
1199 1501
279 1070
396 828
228 303
144 724
557 723
1038 1271
150 1250
211 1684
501 717
775 791
26 91
1003 1347
178 1457
1214 1418
104 1258
983 1400
34 1150
212 221
358 1372
269 1544
446 1794
209 1743
1094 1509
677 1481
1050 1187
288 1226
942 1528
1006 1767
1530 1661
244 1410
1639 1746
1221 1334
727 1333
500 613
1616 1812
734 1342
804 1206
559 1704
108 110
570 657
227 1772
884 1104
959 1483
83 952
1185 1207
628 964
1260 1287
317 412
1392 1482
495 701
177 413
841 1444
1673 1774
265 987
665 1408
623 817
493 1429
1200 1511
475 1037
407 880
233 1093
222 805
642 1285
849 987
615 884
1234 1281
1134 1461
1005 1652
1667 1827
1671 1684
341 1552
1127 1323
959 1550
774 1644
1217 1692
45 761
1198 1818
1096 1646
561 1615
681 745
87 1720
43 888
421 756
1564 1648
1474 1626
214 1704
380 1799
771 1409
805 1089
294 1533
1203 1762
733 893
142 397
576 1811
381 1414
383 1604
361 990
474 1194
1208 1284
105 895
1344 1823
1031 1191
86 585
23 1384
277 1077
1498 1505
653 1587
849 1087
868 1795
142 225
299 918
148 1600
280 1517
61 1697
1347 1608
324 1052
450 1027
375 1091
1007 1119
102 1619
118 1694
545 1617
718 1135
839 1530
147 406
1016 1317
172 1754
296 1619
814 877
497 858
610 1629
788 909
679 725
924 1577
158 1262
1219 1286
1089 1283
785 1392
660 927
106 357
1136 1381
680 1562
1101 1526
371 520
275 405
551 597
45 650
23 1297
526 731
568 1250
574 703
398 486
429 876
1276 1493
98 928
338 1071
1540 1621
1422 1696
65 1506
465 752
29 1485
1311 1594
1689 1814
107 1206
1351 1764
17 1393
948 1168
58 424
289 1514
35 838
1167 1463
1072 1358
201 867
202 1490
466 1814
1124 1473
527 1717
518 985
25 786
8 780
600 854
119 829
135 810
1055 1324
629 1248
1077 1342
203 546
789 1040
617 871
1279 1384
1539 1604
1540 1784
796 1075
360 562
109 783
1373 1485
1000 1294
21 485
842 1692
71 1610
749 1018
378 1106
143 1079
1426 1770
978 1697
166 483
231 1257
194 1623
1104 1203
1235 1265
1438 1626
1445 1773
776 1608
1190 1355
1389 1617
1425 1569
8 367
552 1343
10 1339
81 1004
40 790
1450 1630
1436 1820
116 985
481 664
654 887
856 1682
873 1449
34 1002
1010 1726
206 1685
674 1438
351 616
802 1448
702 1101
184 1022
127 238
898 1082
892 1121
447 853
464 1721
278 1441
293 897
1213 1344
1275 1822
1503 1668
720 1044
66 263
809 1081
499 606
1170 1726
844 1736
146 1070
1021 1184
93 1704
266 1090
1495 1609
76 1146
310 1316
137 325
49 1188
645 867
1328 1679
32 1473
542 1121
1097 1444
214 695
526 611
780 1673
261 535
367 728
1482 1806
404 512
657 744
1153 1520
761 1025
573 1135
973 1238
1289 1454
338 1781
1417 1819
33 53
366 1724
381 1761
781 985
534 873
347 726
140 647
103 137
321 1707
96 694
405 863
376 1803
546 840
27 747
247 1469
769 1026
604 806
176 707
268 526
998 1650
530 965
113 1659
469 1608
422 794
354 1699
690 1737
594 860
356 1638
1299 1466
318 1267
68 1599
689 1206
101 1433
230 566
349 865
182 1672
801 1792
708 1390
264 671
250 1680
235 869
732 1491
254 863
809 1029
519 1471
710 909
367 1303
440 1808
1098 1128
1173 1669
285 430
1512 1699
19 1359
788 831
1225 1470
738 1101
1007 1564
1060 1607
319 1211
23 585
401 703
372 1271
234 1821
676 1468
1321 1376
300 1195
151 312
149 218
68 818
366 671
1019 1464
1430 1491
391 410
393 1449
272 1748
931 1422
1502 1667
795 856
565 1790
523 1301
54 136
563 1757
525 717
126 146
1388 1702
503 1165
615 1404
764 1782
503 1072
31 217
618 1173
535 1698
631 1304
850 1548
47 1424
236 584
610 1274
1194 1400
25 1263
296 1193
898 1314
275 1254
25 1651
751 1457
818 1536
783 1199
1234 1336
1125 1726
1076 1777
1508 1520
1157 1713
1016 1816
1149 1294
915 1745
560 591
269 1185
586 1597
1292 1679
924 1240
48 141
1268 1316
1009 1223
470 1660
821 1224
841 1771
589 1779
1042 1739
983 1636
694 946
923 1625
354 424
1107 1587
605 619
572 1572
94 1712
230 357
297 1251
400 1751
1541 1789
403 976
208 1518
125 1699
524 816
574 932
1228 1367
104 548
1387 1650
1377 1647
836 1041
699 1028
41 962
56 980
188 1593
1219 1284
73 772
968 1750
384 409
13 448
852 1084
507 998
140 781
903 1431
152 939
908 945
311 763
147 752
1195 1299
297 852
1401 1674
164 758
1360 1535
1123 1504
823 1300
406 648
819 921
110 313
339 1620
1282 1781
12 1435
70 608
370 410
373 1476
608 1808
233 884
302 1048
53 409
953 1181
595 826
1043 1415
491 940
436 547
925 1011
840 1687
169 456
240 486
292 1716
61 556
55 1174
295 767
78 691
980 1071
1407 1488
248 1519
257 1677
93 831
330 1391
136 1300
263 471
44 480
105 1074
579 1633
1087 1187
1097 1178
1523 1811
732 1018
679 1628
452 1826
1085 1123
1186 1403
365 982
1544 1568
996 1779
1109 1732
653 776
611 766
90 1185
242 927
886 1621
994 1623
78 498
996 1769
979 1351
758 1068
97 641
79 640
415 1616
834 1777
527 1149
746 1240
1534 1632
684 1330
772 811
138 963
565 570
108 175
52 537
1244 1657
1117 1613
482 572
345 533
1291 1547
546 1132
1655 1676
497 956
1154 1381
972 1267
544 1688
930 967
4 1689
340 656
495 627
774 837
1024 1309
478 1630
587 834
567 1349
626 951
481 1204
85 458
390 1821
372 1701
187 1651
877 1532
1145 1299
188 764
806 1681
739 1266
661 682
678 1745
421 1020
983 1100
1683 1703
999 1670
881 1184
61 1124
391 717
1371 1722
183 1151
192 1388
1458 1683
411 631
324 1114
583 881
500 829
1523 1812
313 1439
21 848
107 929
1298 1731
278 1085
669 1125
1042 1100
119 464
1328 1534
1487 1690
185 1474
1113 1154
300 720
723 1421
1021 1606
655 681
123 994
1088 1245
129 1220
460 657
1492 1573
1259 1559
1574 1705
408 494
1233 1238
186 1133
396 423
1230 1277
1093 1624
347 1787
630 1525
524 1727
951 1335
1116 1466
582 767
1065 1792
284 808
170 975
867 1113
1482 1738
950 1403
423 740
186 819
509 1057
1030 1765
1017 1369
335 803
374 872
276 1501
904 1598
433 1666
226 1217
867 1079
638 1495
539 1693
566 1484
871 1710
581 1040
502 1675
643 979
320 350
124 1152
1245 1490
648 1093
356 650
1523 1637
934 1129
693 1621
1155 1712
1047 1622
195 282
1038 1069
305 373
46 1785
1302 1717
1155 1418
358 1434
878 1545
154 554
607 665
207 453
36 1653
328 878
644 1648
618 1460
841 1505
336 1225
750 820
67 716
1146 1331
697 1645
1100 1204
529 1180
398 1288
459 685
454 1145
1249 1582
16 146
229 462
591 1726
433 436
825 1735
229 782
713 1720
443 975
1093 1748
972 1786
1267 1731
422 1524
448 1698
552 1783
473 689
138 1503
194 1385
985 1729
776 833
564 1799
1286 1589
466 801
1531 1649
364 1165
675 780
1181 1656
739 1311
735 826
1657 1756
1148 1360
192 442
284 644
37 1375
891 1527
238 329
44 1790
256 588
1394 1563
385 943
921 990
731 1575
25 1428
655 1188
190 255
181 744
891 1688
220 1824
1236 1437
251 1310
530 1756
139 612
353 382
142 1678
479 1455
13 547
863 1223
709 1710
641 1660
492 894
475 969
155 366
727 1346
41 1590
798 808
1090 1638
216 1273
1431 1608
171 1450
166 1088
120 1358
153 1086
1107 1161
1379 1574
1412 1618
555 1706
76 1654
614 698
102 536
111 1581
5 77
1704 1801
936 1642
517 1231
465 541
981 1202
562 607
1365 1545
441 857
1100 1509
697 1257
403 1588
1389 1796
1073 1468
496 669
911 1661
893 1274
625 1601
584 863
701 1739
1290 1793
1075 1177
1658 1785
12 521
245 1264
593 786
635 1209
1001 1805
729 1463
283 1723
640 884
1386 1477
620 910
75 1126
889 1578
117 164
337 399
35 1728
113 266
1110 1346
855 1062
798 937
821 1172
39 1033
162 1096
139 1710
305 590
50 1631
157 1357
376 1307
293 1099
441 1460
478 1167
473 1099
1590 1592
1003 1251
37 932
916 1825
219 950
1066 1597
97 1269
729 1459
815 962
487 1015
89 1044
647 1795
311 688
1226 1677
63 102
740 1022
409 880
901 1036
407 1399
56 920
456 900
625 1628
1374 1611
1006 1366
215 363
416 1313
80 1130
649 1696
557 930
359 711
484 730
232 672
128 1116
760 812
594 759
993 1632
439 1411
560 1421
1035 1802
1314 1785
415 1000
1399 1591
727 1676
673 1744
253 471
61 1437
907 1081
90 716
689 1218
92 1562
59 388
85 926
24 1439
780 1375
1138 1571
750 1639
438 589
126 455
58 1008
1183 1522
1054 1586
471 1420
302 579
261 614
459 1170
954 1551
580 1095
2 482
600 1032
1659 1685
121 1166
301 1655
38 850
248 639
31 131
194 1727
778 787
291 1293
1621 1769
646 1461
462 546
493 1139
1171 1176
400 857
869 1031
910 1783
743 853
2 1168
1526 1686
172 1478
1513 1653
314 449
564 1486
1120 1768
490 800
906 1175
556 791
458 1513
550 1640
1080 1631
222 1689
1053 1186
743 1722
328 954
999 1073
1016 1236
516 1788
224 590
65 1556
477 1758
549 1785
622 1386
246 559
1138 1675
217 1370
505 1664
203 1222
821 1735
564 1519
533 741
1147 1805
762 1229
799 1083
506 1753
989 1243
205 1786
1335 1702
390 1560
336 1784
587 1704
341 1409
161 1278
658 1128
246 868
60 280
537 1317
259 1592
718 1115
1213 1585
228 1555
142 1663
171 575
1179 1233
757 784
142 1244
602 1666
181 352
1239 1761
198 1632
1114 1802
759 1572
132 239
428 1647
196 265
416 468
1181 1700
542 1064
267 489
11 472
112 496
299 1782
249 592
1554 1824
810 1130
435 1289
408 966
599 1059
18 1641
420 425
155 1246
1091 1678
1521 1813
191 1804
131 1675
1211 1807
865 1011
1102 1705
1026 1667
826 1060
253 603
283 847
1447 1563
374 933
303 343
727 1770
23 413
1561 1695
634 929
22 1825
16 425
122 1427
1363 1510
389 748
1292 1718
1668 1742
1376 1474
970 1404
294 691
619 1486
715 757
1103 1229
771 1085
677 1276
647 734
84 270
938 1618
773 1255
638 1273
37 1313
1267 1359
1567 1695
1208 1224
974 1325
298 1576
42 1295
1332 1771
712 1502
213 1538
516 657
426 592
463 1376
452 1546
1002 1759
668 735
304 724
766 1055
756 1036
866 952
450 1127
342 1580
249 1157
156 838
859 1489
70 1718
476 1791
307 875
1398 1513
1516 1582
551 1380
577 1372
754 941
872 1452
518 955
102 928
427 495
1 1368
196 362
1190 1318
1015 1086
1555 1766
455 517
775 973
733 1198
213 593
569 1426
256 368
902 1707
690 1322
616 1730
288 946
412 1451
601 1093
199 778
730 1491
711 1716
508 1413
1440 1791
988 1159
443 1140
1318 1475
160 1602
821 1005
146 1529
599 1755
144 1270
330 1398
64 81
659 1794
159 1543
658 714
365 1030
531 1010
860 1551
1583 1662
1013 1472
749 1598
991 1303
1269 1728
792 1423
785 971
409 1774
907 1453
577 1395
1111 1631
903 1112
57 1430
1254 1532
188 922
482 1308
876 1246
219 1101
722 1664
383 1680
960 1220
963 1491
268 487
316 551
401 1517
50 450
738 1112
10 523
695 1627
9 281
1334 1484
396 1815
271 309
1150 1600
1164 1281
1248 1576
1156 1330
40 1144
864 1474
347 1810
1047 1586
609 851
573 1605
760 1459
645 1395
708 1410
847 1741
1126 1765
737 1135
874 1035
51 355
78 1293
394 1419
950 1542
298 490
59 158
1218 1306
20 888
1164 1478
504 521
203 494
555 917
210 1751
479 956
165 1696
191 1232
178 445
1361 1364
489 1425
1256 1799
564 1039
318 1370
129 604
277 457
513 1557
1024 1768
202 1699
82 1743
315 913
1162 1272
111 1288
281 816
71 1549
167 1136
803 1181
540 1221
904 1095
777 1515
520 1715
386 1633
1345 1665
1196 1355
347 1475
1319 1379
141 846
71 482
779 797
796 1321
5 1773
236 753
308 1810
502 895
199 762
360 384
1406 1594
162 1615
184 826
223 983
25 1695
387 1182
257 666
1078 1800
670 1228
844 1092
79 558
346 1172
121 482
544 1298
173 1354
404 1353
1349 1579
974 1747
36 1464
165 698
514 1535
654 742
1059 1497
824 890
519 914
339 1462
661 1034
179 1481
900 1695
595 1326
75 826
770 1350
146 789
130 500
957 1566
541 787
367 1001
429 1202
134 1740
1058 1643
794 1200
161 486
1111 1819
286 1589
435 1586
287 923
1390 1691
992 1631
100 1776
386 1477
237 1452
98 231
596 1522
1020 1667
440 511
262 1260
841 967
722 1734
1141 1746
1391 1489
237 1441
285 1241
1158 1247
474 1565
364 1797
89 991
1247 1614
715 1448
697 1568
210 323
331 1498
1348 1578
1266 1395
687 751
1169 1343
216 622
6 52
1394 1514
355 1164
1429 1595
66 1205
583 656
686 915
174 1369
145 488
83 1295
1009 1602
1255 1584
633 745
538 823
1110 1820
794 949
548 1815
817 993
572 1264
214 813
395 1491
203 1577
396 621
870 1750
1333 1442
1465 1643
1238 1320
1632 1736
1494 1827
267 558
1299 1691
133 153
195 1373
944 1654
578 1139
1023 1383
675 1487
244 845
95 1137
197 1017
480 843
461 1497
835 1050
1335 1525
1401 1510
273 867
117 685
12 1382
182 627
39 1327
907 1612
649 755
1606 1799
1479 1709
609 1100
943 1553
333 1308
985 1364
1523 1588
626 696
197 782
344 1440
893 1610
395 1467
72 1156
1107 1669
726 1499
442 1531
858 1380
1443 1788
883 1397
1094 1641
1045 1290
260 1552
130 359
632 1494
193 351
549 713
529 830
226 1207
742 1556
911 1053
347 816
598 1432
1046 1537
528 1533
674 1325
905 1415
700 1480
152 677
777 885
1424 1643
101 1241
335 472
901 1536
630 1341
167 1335
1253 1338
432 1529
902 1252
866 1014
1191 1329
970 984
143 334
51 306
349 819
69 1082
717 1714
1573 1817
512 580
1584 1640
1706 1721
540 1656
316 693
378 676
748 1272
357 968
307 503
150 257
27 28
561 997
169 812
367 736
43 1356
1083 1650
1579 1681
187 865
432 1027
122 1596
363 1538
1189 1463
514 1129
22 484
255 922
46 763
402 1352
290 590
259 1603
1306 1557
1446 1649
643 662
551 1310
651 1275
170 804
345 437
304 361
426 1237
503 1496
82 575
515 1724
825 890
711 792
721 1447
578 1596
1417 1436
1131 1695
1008 1713
928 1261
260 1504
76 545
511 1732
538 677
62 212
637 1182
159 314
78 586
793 912
1227 1693
504 1402
1360 1763
1103 1646
1235 1719
457 1518
3 1037
1591 1807
156 1095
672 1232
193 582
819 908
776 1675
385 461
291 321
7 1258
317 996
1201 1423
201 418
15 1120
272 1305
134 1700
289 1183
499 500
995 1103
874 1658
684 933
1166 1507
460 941
350 567
322 879
94 1049
702 1711
486 1569
273 488
402 1435
639 1521
609 1427
704 1634
1601 1816
344 1222
953 1197
977 1296
19 100
882 1406
776 1383
368 1808
571 1142
663 1143
1726 1800
851 1033
469 1374
160 1193
477 1259
449 1650
241 784
466 854
770 1611
483 1775
969 989
1076 1507
323 1261
986 1363
346 892
712 1560
179 431
955 1742
690 958
677 1061
239 1058
352 706
62 590
1032 1755
73 1174
194 1405
1025 1672
92 894
1566 1804
38 899
250 861
935 1769
543 719
32 1644
664 822
1581 1762
182 1798
417 1312
451 571
369 1283
597 1084
377 680
326 670
687 1305
1176 1309
333 710
216 1412
1710 1741
42 1122
71 1823
77 755
371 1808
206 1135
445 976
419 515
596 1341
125 683
270 747
1299 1512
203 1455
623 1144
114 149
438 1049
3 1140
1046 1749
793 1210
1210 1733
1434 1674
714 811
1278 1515
935 1408
353 960
1148 1604
309 1105
1470 1686
151 173
322 470
612 965
978 1479
1045 1725
1527 1593
507 1715
490 704
1230 1336
362 636
319 1769
24 699
301 1216
934 1117
252 1175
389 508
242 1214
682 1474
214 820
907 1312
287 1320
204 1524
659 1801
444 1159
1043 1212
257 366
816 1670
188 949
1156 1696
1500 1701
1256 1301
995 1432
205 918
332 971
1171 1580
1163 1326
310 1352
1465 1725
1262 1418
224 1340
827 836
629 1754
282 1122
1143 1549
667 1152
843 1636
1160 1285
207 223
135 606
883 1296
80 688
124 1416
539 1709
176 780
17 525
331 1567
145 862
707 1826
271 1327
592 1433
329 1132
26 1618
1105 1595
200 1279
1446 1514
388 1451
1537 1607
816 1227
1078 1463
522 905
882 1051
912 1063
827 1778
306 769
495 1462
453 706
746 1511
1013 1357
617 1758
981 1304
446 948
642 992
1356 1460
243 613
68 800
84 488
988 1012
1322 1373
76 414
133 1215
182 1282
411 1098
510 797
737 1119
920 1090
1063 1620
1416 1733
40 1734
14 1151
1543 1711
437 631
492 668
74 1548
779 1570
83 506
509 864
106 510
67 127
1189 1624
445 885
420 1508
254 765
652 1192
673 1787
427 977
1048 1118
1 1253
686 1065
572 936
887 1385
69 1629
1092 1109
7 417
180 418
292 692
57 221
434 835
592 1775
1302 1778
1595 1747
531 1492
116 1326
68 572
279 1752
123 1625
1201 1585
445 1662
719 1703
961 1377
262 505
813 964
1197 1570
274 601
311 913
327 527
120 1456
399 563
30 1759
47 485
397 1554
315 1471
218 1541
961 1371
311 917
468 1365
180 1635
711 846
28 1622
1280 1315
633 1405
63 814
491 1367
443 1337
274 1348
628 1062
947 1153
1057 1443
832 896
325 1652
1277 1634
842 1687
966 1291
337 1442
1103 1730
893 1052
605 1796
1242 1547
209 1128
91 1749
899 1340
861 1014
879 1353
476 1023
54 1387
15 380
