162 198
41 83
15 121
29 76
62 75
78 114
58 80
5 75
85 119
45 137
3 56
149 156
46 63
79 107
125 150
33 78
43 149
27 87
20 33
13 136
60 90
60 110
30 97
102 152
25 31
6 79
24 67
16 78
68 115
77 78
103 124
117 161
117 139
55 67
19 146
45 112
26 104
45 49
108 144
145 154
130 134
13 111
57 78
35 159
4 65
17 67
39 67
61 97
55 62
10 122
81 136
18 71
59 154
51 129
99 135
50 88
9 31
33 80
41 155
3 31
81 128
78 95
84 125
2 11
127 151
15 37
44 155
99 121
6 73
11 131
35 74
2 61
106 157
10 65
112 159
4 140
87 97
46 96
93 111
152 155
70 161
75 109
44 54
22 143
46 86
54 64
104 141
46 146
37 65
48 85
9 113
75 162
52 72
34 35
14 52
30 138
45 134
1 98
74 162
27 33
36 151
52 143
6 91
26 144
29 117
128 137
21 118
6 42
82 122
84 94
28 89
66 132
50 105
34 39
43 86
103 132
96 156
11 12
77 145
16 59
38 101
56 64
89 155
47 90
133 138
8 100
20 131
36 42
90 150
46 117
57 148
38 133
88 92
35 147
73 139
68 102
26 83
88 100
51 70
46 116
40 142
26 105
49 147
85 148
32 82
8 149
6 69
45 153
151 157
47 124
24 160
66 84
6 23
6 106
11 65
63 92
113 155
5 93
68 98
58 133
11 21
48 114
18 85
11 101
88 141
52 142
97 126
23 72
14 91
1 64
40 117
22 117
53 123
28 68
75 120
97 118
94 154
88 108
95 119
25 115
107 117
75 130
68 121
82 140
82 135
75 90
7 116
69 81
19 88
71 154
17 120
7 88
103 110
127 129
12 126
51 76
32 53
45 160
109 153
