89 1939
29 62
14 25
5 60
24 26
1 8
3 68
47 85
41 81
47 55
22 75
20 37
42 87
46 53
48 55
54 72
61 66
7 43
70 74
63 89
29 51
21 56
18 49
20 31
14 34
22 85
75 86
52 68
12 32
44 55
41 42
37 82
36 82
5 67
52 74
5 18
35 40
14 60
11 14
7 10
46 82
7 60
40 62
18 29
71 72
82 88
21 63
15 59
15 16
23 81
11 87
20 34
53 70
36 79
5 52
45 79
68 83
66 86
55 58
32 85
69 72
31 71
19 85
9 24
32 41
53 76
31 34
6 88
9 30
32 33
26 86
23 42
11 28
20 62
17 33
30 69
47 57
24 51
5 11
67 84
43 68
1 89
5 22
7 14
35 85
5 7
31 37
7 49
28 53
17 46
35 45
57 77
30 85
55 83
19 61
2 53
24 27
13 41
68 80
13 22
77 81
13 18
50 82
6 13
84 85
14 29
70 72
18 46
59 80
53 87
17 49
2 67
38 67
31 88
35 52
33 59
30 38
57 64
5 59
58 74
65 86
8 47
11 37
54 85
28 86
47 80
18 59
11 81
19 25
4 74
8 84
32 63
6 19
76 88
20 24
3 31
38 62
1 47
53 79
70 82
62 85
35 55
17 87
5 27
9 69
37 85
7 36
23 49
31 84
67 70
40 68
3 28
21 39
14 61
2 74
70 83
31 53
59 65
52 62
37 50
8 16
51 64
35 77
3 80
56 78
11 26
64 81
2 22
57 62
59 74
61 68
78 79
43 76
12 22
67 74
18 33
24 55
23 44
14 66
22 87
35 63
18 84
12 42
8 75
53 77
4 49
12 62
37 75
29 76
71 79
66 81
41 50
14 74
34 59
2 81
73 86
30 75
27 57
57 60
42 84
13 48
10 49
36 75
12 53
19 52
69 78
6 27
13 52
22 63
37 42
25 60
33 38
35 71
22 48
24 54
28 57
4 38
9 33
21 57
15 32
24 75
14 42
18 22
43 86
28 49
45 54
9 49
13 76
32 51
10 54
6 23
74 87
34 51
57 58
1 20
67 78
24 62
17 36
11 50
28 71
11 70
73 84
23 46
45 52
16 89
20 29
22 25
18 72
11 68
1 2
7 42
34 42
1 87
9 38
1 11
2 79
64 77
41 89
41 73
52 80
8 15
12 41
26 78
49 59
51 54
22 50
52 67
6 80
49 56
60 86
12 89
5 30
21 83
3 27
51 75
28 65
23 56
15 48
19 54
62 64
31 86
24 28
30 76
62 67
3 14
24 44
29 75
54 88
10 78
71 73
35 87
31 47
19 78
76 80
6 72
7 20
63 81
60 78
28 31
50 64
29 83
56 59
29 32
10 66
11 62
37 88
43 65
10 16
57 65
83 88
11 67
71 88
41 61
3 89
33 74
65 71
14 81
57 68
38 79
30 73
8 77
6 20
10 67
57 78
43 83
75 78
26 64
68 84
39 69
47 52
13 50
47 78
11 66
30 54
22 53
6 7
78 86
22 39
7 22
14 70
40 84
56 87
26 65
21 47
8 37
62 66
21 30
16 83
11 31
35 72
51 87
42 69
2 64
36 43
33 84
30 66
6 34
34 37
43 51
11 71
11 45
2 30
7 73
26 47
16 49
63 72
69 88
29 88
58 69
1 48
1 41
75 88
34 77
19 20
36 60
57 70
51 78
6 83
16 84
14 83
57 79
42 57
37 84
45 78
26 76
59 66
53 84
4 23
18 41
79 85
35 41
58 65
23 54
27 66
36 81
4 32
53 71
63 73
4 86
12 16
59 62
10 20
56 85
77 86
21 89
15 27
76 82
67 86
21 62
7 45
17 35
15 71
10 51
45 62
13 49
13 87
12 82
50 71
18 85
28 76
3 46
34 81
28 81
20 88
10 11
29 80
26 35
8 21
16 64
19 72
45 64
49 60
1 45
12 34
46 65
2 9
13 43
40 73
42 76
6 41
21 80
7 33
51 72
44 62
82 85
69 84
29 56
21 68
17 29
49 64
38 83
18 35
36 84
25 39
28 63
19 39
50 53
5 86
25 54
24 65
20 39
37 56
51 58
9 83
58 79
40 42
55 66
24 77
24 40
18 24
5 53
3 61
29 73
42 89
36 45
3 22
15 60
20 66
26 60
38 64
1 46
4 47
14 52
36 57
28 87
5 54
66 89
14 23
35 54
27 75
3 51
8 31
36 47
44 51
20 48
34 86
26 36
24 43
3 74
51 53
5 17
8 36
27 46
18 26
10 70
60 74
85 86
60 83
26 83
39 70
49 58
21 28
13 73
47 79
41 43
54 64
48 75
65 81
11 74
55 82
4 35
51 77
58 78
48 82
32 76
46 52
38 58
34 52
28 70
27 54
14 33
49 70
32 35
18 65
17 57
17 76
46 59
34 82
16 57
15 39
24 48
29 86
45 63
14 65
34 43
72 81
6 81
1 9
40 85
36 61
24 88
56 70
7 38
18 63
3 30
8 74
37 38
50 66
39 79
9 65
43 57
83 85
12 27
43 52
75 79
36 41
3 32
16 45
6 32
35 50
11 53
34 58
48 81
23 71
78 80
23 40
25 47
35 69
9 60
14 27
15 74
35 81
19 59
31 82
59 73
49 63
3 20
20 49
70 80
57 82
5 88
27 45
7 70
15 35
67 71
44 69
17 18
5 73
26 80
12 65
26 89
13 36
71 78
51 52
9 59
7 26
8 85
48 50
52 54
34 83
34 39
14 67
7 48
26 82
20 45
79 87
28 38
18 54
10 84
60 69
5 25
47 76
28 73
31 62
23 75
4 72
24 37
40 59
1 84
40 76
8 38
65 69
12 81
13 61
44 81
22 34
56 82
24 74
3 29
15 30
18 43
58 80
42 79
35 61
1 26
41 80
31 44
36 42
6 57
60 66
23 37
21 66
19 34
22 60
9 21
47 67
2 85
49 78
40 75
20 84
22 41
14 40
53 80
26 43
21 42
14 50
61 77
20 67
54 73
22 49
33 35
16 29
62 74
45 55
36 39
17 73
5 38
12 83
2 35
40 88
22 78
8 20
32 77
13 59
40 70
17 24
38 73
15 63
45 85
6 18
34 44
23 35
25 28
10 47
75 89
42 80
13 20
34 68
25 89
69 79
27 81
63 68
6 42
53 74
44 71
67 80
34 55
66 69
16 55
30 82
58 83
22 43
36 71
39 64
57 85
18 73
81 83
57 88
27 80
3 88
25 83
8 79
56 61
65 89
4 34
15 55
38 78
14 15
3 75
12 52
31 32
9 58
17 21
36 64
3 38
81 84
9 72
45 88
6 29
1 33
31 70
47 65
4 77
11 29
35 79
7 76
18 82
9 35
14 87
69 76
28 79
18 23
30 68
15 57
43 71
40 78
16 54
32 44
22 32
21 25
26 56
45 58
44 85
26 79
29 66
33 87
24 46
16 20
48 58
37 53
56 64
12 71
25 31
5 14
28 46
54 65
19 73
23 61
11 52
4 10
14 19
8 62
45 47
54 56
31 75
31 58
23 48
16 68
23 69
34 41
27 28
5 15
19 60
27 36
13 77
2 15
16 28
36 67
45 70
42 55
43 62
32 36
26 52
19 31
24 66
23 36
15 85
42 51
28 64
38 89
71 81
6 60
29 50
33 49
29 34
38 59
39 84
7 62
21 79
77 79
12 38
16 51
76 81
3 79
54 66
20 42
19 68
25 68
39 49
2 27
24 38
29 84
14 51
54 75
8 13
37 60
8 54
57 73
14 57
3 43
13 64
36 59
41 72
14 68
19 74
59 86
46 61
51 79
10 23
41 55
3 81
23 55
23 31
23 65
5 71
13 32
42 45
22 73
24 68
24 56
59 70
72 78
56 81
46 86
33 56
4 28
16 56
50 79
7 31
22 35
30 40
25 61
54 70
14 84
7 81
52 71
15 36
28 77
41 83
10 88
45 83
38 77
8 34
3 53
60 84
12 58
26 32
62 82
52 61
57 80
45 67
9 16
48 78
48 56
31 67
49 65
8 40
22 80
71 85
54 71
3 13
2 87
22 31
77 83
6 25
70 81
26 69
56 63
5 29
21 29
82 87
53 61
15 22
9 31
35 70
8 18
61 80
39 62
30 59
46 49
38 52
2 54
29 69
66 75
47 77
9 37
80 83
36 58
26 38
9 71
45 84
2 12
44 45
58 61
12 43
36 70
58 81
11 77
67 89
46 79
3 86
10 57
8 89
68 89
23 87
31 56
18 86
1 51
29 63
29 79
40 48
23 77
19 45
31 80
30 83
20 78
23 60
21 69
27 79
16 23
22 55
13 21
22 40
6 74
16 86
22 67
2 50
48 76
26 29
48 68
12 15
4 24
17 25
50 78
45 72
30 58
26 39
4 31
40 87
10 12
4 78
4 57
11 65
46 54
54 77
43 79
50 56
29 49
87 89
2 80
75 83
19 42
69 73
50 57
54 83
48 52
54 78
6 24
23 52
74 88
19 62
9 10
28 37
28 45
15 40
2 56
5 66
17 26
53 62
49 61
58 70
50 52
30 53
41 69
6 36
37 79
21 78
71 76
41 88
26 46
55 70
13 46
82 89
69 82
22 33
15 44
18 81
13 17
30 33
33 86
39 51
11 69
11 44
66 82
42 64
35 89
35 53
22 68
22 51
3 71
28 68
32 68
47 74
10 50
11 64
40 77
12 29
56 74
1 83
23 38
28 84
50 59
20 60
42 81
62 87
9 70
50 69
61 82
16 82
65 70
1 24
65 83
72 89
2 10
68 76
25 27
9 73
65 80
26 50
5 24
49 54
16 19
18 56
78 84
59 81
29 59
48 72
29 70
71 89
69 81
6 15
23 74
3 72
50 70
74 82
40 74
3 17
38 82
26 70
21 74
11 30
45 59
11 58
50 75
14 18
26 27
32 84
7 27
76 79
62 86
24 80
10 64
7 77
15 51
7 56
32 71
41 45
11 46
12 80
55 61
2 19
15 81
15 75
17 83
32 53
34 63
30 65
5 10
19 75
22 44
72 77
36 85
6 62
16 22
46 81
22 45
6 67
64 88
73 80
8 49
31 42
30 80
8 48
32 34
5 83
63 70
15 38
10 89
56 69
52 63
56 71
4 79
13 62
49 77
8 56
28 82
1 88
17 85
55 56
50 83
6 37
23 47
75 82
50 72
29 82
12 44
10 60
53 85
81 86
25 62
22 88
11 47
15 37
25 41
8 70
40 71
33 41
26 48
68 81
26 62
59 71
65 73
37 63
14 43
2 45
2 18
61 83
7 25
83 84
66 73
12 37
51 55
24 35
46 78
17 69
57 75
21 84
23 83
17 53
44 84
19 32
60 77
23 85
54 60
4 16
44 87
37 87
66 80
39 77
18 55
48 63
24 34
37 40
46 66
38 40
34 57
19 66
42 70
21 48
5 84
9 41
6 59
23 89
4 55
43 75
2 72
9 55
16 37
2 29
5 89
32 61
6 63
53 64
4 73
2 33
32 54
52 75
38 76
1 65
1 49
16 17
38 65
79 82
9 15
8 9
22 26
23 68
16 70
16 59
2 8
18 64
27 70
62 72
29 85
17 63
30 37
65 77
18 57
25 77
24 36
6 85
5 43
7 18
4 65
10 61
5 51
23 32
10 85
45 82
7 34
10 76
19 67
43 48
53 75
39 65
21 37
53 86
10 69
63 75
4 76
29 44
25 72
32 37
21 27
3 35
47 49
26 68
4 17
30 35
37 45
61 62
42 44
39 43
39 53
73 89
32 57
7 52
26 59
10 36
36 49
11 19
40 63
9 85
24 81
51 56
14 48
61 71
7 29
48 71
63 65
10 74
16 43
34 85
5 87
8 39
3 59
3 50
31 46
17 48
7 68
18 44
64 83
47 86
15 58
11 16
22 76
37 80
30 71
10 42
10 26
17 51
25 30
42 52
58 67
50 85
7 47
30 72
27 73
11 40
1 76
20 69
33 61
44 89
17 78
4 8
13 89
13 54
8 30
7 16
52 82
6 73
13 70
11 56
46 51
18 34
1 78
39 73
25 79
60 64
1 22
26 34
3 73
64 71
11 17
41 87
43 58
39 48
6 76
27 53
2 89
41 65
33 62
79 80
7 57
24 58
19 41
33 43
55 84
66 79
5 36
11 13
8 33
14 16
4 88
10 21
30 60
5 79
57 59
40 54
19 56
6 10
58 64
40 41
23 64
46 72
11 32
72 86
64 89
25 64
29 52
10 45
63 69
21 88
17 39
17 32
8 73
27 55
12 40
36 54
84 87
46 83
1 15
5 26
59 61
2 82
32 42
30 46
38 88
36 86
9 53
16 60
72 75
35 66
3 21
39 78
62 79
72 85
1 13
49 55
24 70
48 84
43 80
24 69
11 78
30 57
44 50
35 39
29 53
34 69
44 64
26 30
23 43
40 81
21 53
46 74
6 28
21 59
48 49
51 83
28 67
13 66
18 40
4 14
13 38
23 39
18 37
47 73
24 84
16 31
40 67
64 70
36 52
5 63
7 67
15 62
45 56
7 80
74 85
12 76
76 83
12 68
31 78
14 75
24 73
58 66
25 69
67 82
25 70
10 59
26 37
22 74
14 80
68 71
61 89
20 83
44 77
30 79
48 77
29 43
7 74
19 51
20 58
27 31
60 65
39 47
34 62
40 60
28 32
61 72
54 69
37 76
47 71
9 45
20 52
1 39
22 71
37 51
11 57
63 67
37 57
15 28
73 79
22 52
20 85
49 75
17 65
84 89
13 72
49 67
5 6
66 74
15 49
80 89
83 89
5 37
8 82
5 31
27 39
37 68
48 69
23 25
20 23
49 79
59 60
5 20
53 59
21 75
68 79
41 48
52 56
36 44
27 41
5 61
40 57
54 74
28 88
31 39
22 56
51 86
17 34
55 73
26 88
24 86
64 74
12 49
39 58
15 69
17 77
3 82
6 39
4 68
6 87
2 59
68 77
55 86
23 28
30 31
25 49
21 38
33 60
41 78
25 45
39 82
11 27
5 9
5 68
2 40
21 24
76 89
4 6
50 77
8 81
19 65
66 77
13 30
46 89
26 72
5 47
25 76
9 77
54 89
38 55
46 62
7 37
47 60
5 62
46 50
33 54
40 83
3 15
22 61
7 61
3 70
50 61
21 73
31 33
15 61
29 39
23 86
9 52
38 42
9 32
43 85
8 63
80 82
9 20
40 56
86 89
14 28
78 83
12 70
43 53
81 82
7 89
35 84
53 73
20 53
6 64
26 77
29 65
4 15
2 13
21 32
19 36
13 28
38 46
26 66
72 76
48 53
55 76
17 40
37 69
21 31
8 26
19 22
25 73
43 78
12 33
10 87
2 28
40 43
22 86
16 26
6 54
45 87
25 44
41 67
21 81
67 85
83 87
20 59
35 37
13 69
63 71
48 73
25 84
39 40
32 47
51 67
37 54
4 69
44 86
24 59
44 53
48 62
15 87
43 59
20 72
54 62
55 89
4 29
26 49
5 28
39 85
36 80
30 42
35 43
38 69
37 39
24 45
10 65
42 66
70 78
3 39
17 31
19 71
58 88
66 78
1 75
1 77
28 33
40 80
86 88
17 60
56 84
24 32
6 82
1 73
9 22
42 67
23 27
28 60
32 40
5 48
7 30
2 11
30 45
57 86
9 50
8 27
14 69
17 54
60 80
57 71
16 35
22 29
6 56
21 61
7 79
26 74
6 22
29 31
49 87
64 84
40 50
26 75
84 86
35 75
50 76
13 15
37 70
19 43
37 61
7 44
63 66
25 33
3 18
17 55
60 81
30 89
44 75
44 83
47 53
22 65
29 61
38 61
2 49
31 49
17 56
47 84
12 31
25 50
62 70
15 29
36 83
2 32
10 15
17 27
73 85
56 80
74 86
26 51
9 12
16 76
12 61
42 47
52 59
9 56
34 79
17 38
6 89
5 49
11 72
59 76
9 34
23 66
27 30
45 73
60 89
6 38
20 64
32 86
52 83
18 58
16 30
24 79
1 54
46 56
52 65
13 81
54 82
30 49
61 65
37 47
18 50
16 78
62 63
30 63
32 73
34 67
30 36
54 57
78 89
70 87
11 76
12 69
31 38
34 73
37 86
4 12
38 39
25 57
3 76
15 24
41 84
30 52
60 63
45 65
80 88
12 19
14 49
19 26
50 74
16 41
1 34
10 77
38 66
59 87
29 36
31 41
18 28
33 40
47 82
2 25
15 18
11 60
21 87
2 73
45 69
18 80
23 67
29 33
74 77
42 85
53 72
4 19
11 83
5 16
67 75
3 37
7 13
47 69
41 77
29 37
80 85
36 51
60 71
44 59
19 84
4 7
22 82
10 73
78 88
21 45
10 46
31 48
28 83
30 43
3 34
18 42
9 88
32 72
1 29
57 67
36 69
56 83
70 76
26 81
13 75
58 82
20 77
13 82
24 78
29 48
64 68
9 40
8 28
2 6
7 88
4 61
58 60
1 86
37 74
60 68
33 80
32 83
82 83
10 68
29 38
16 52
49 73
3 63
45 75
21 52
28 62
6 17
27 71
12 23
15 72
38 70
21 76
59 67
58 72
42 50
7 66
16 32
65 67
41 53
3 62
6 69
1 38
24 64
20 28
46 55
26 45
29 45
74 75
40 72
51 76
41 74
15 86
57 69
42 77
16 87
5 50
12 21
52 77
50 62
44 74
8 86
