1517 1517
261 1340
451 838
933 1413
645 1207
872 1304
163 396
663 890
1128 1338
65 668
479 1187
212 720
41 1160
114 658
243 705
139 891
188 259
434 1134
88 1048
427 1220
663 929
643 1436
214 377
170 1255
130 875
161 243
821 1021
572 1501
589 867
413 629
166 1464
444 1006
368 1169
1186 1268
391 1466
530 557
806 928
350 971
180 1481
1014 1462
384 1430
469 1318
586 1422
1084 1495
579 600
540 713
801 1016
252 686
264 702
445 535
408 1315
120 724
565 595
89 674
1324 1410
1341 1374
146 223
297 798
1080 1282
343 471
135 1290
562 1462
662 715
463 576
620 632
56 1392
772 1279
188 1487
134 633
238 1323
307 1037
839 1242
353 882
398 599
835 1244
60 1206
267 841
860 1217
110 322
171 904
913 1100
1042 1300
937 1175
315 721
159 1252
374 504
40 1298
1223 1414
74 1359
1411 1500
519 671
508 624
593 832
697 1136
361 755
105 829
823 1018
498 695
886 977
187 1373
971 1076
1148 1332
386 1407
563 868
36 1246
903 1092
35 1509
256 760
819 862
1200 1401
106 1010
334 376
382 1162
288 390
829 1384
69 1447
321 949
241 1515
445 849
320 826
1083 1334
770 789
945 1094
1379 1505
736 1153
760 1470
823 1089
477 522
1300 1404
535 1107
642 788
76 1039
138 518
1111 1186
277 856
847 1218
134 974
477 744
96 1237
236 1406
45 996
339 1340
142 815
242 538
115 816
9 637
484 782
308 1449
336 1397
558 654
70 1430
164 494
327 1326
87 333
1078 1435
167 1399
975 1475
166 1471
388 1456
42 688
149 883
645 861
330 1367
275 1137
424 1152
884 1185
566 897
377 1306
84 992
579 1427
1433 1458
472 864
416 785
475 1066
638 1173
399 1450
428 999
290 944
818 1102
112 219
449 548
802 1135
263 855
657 1056
247 565
685 777
407 857
417 685
394 1393
934 1097
194 750
692 1465
520 1321
974 1316
172 1413
396 502
1355 1472
1190 1415
752 1509
793 1477
824 1195
793 923
1227 1330
147 256
97 1067
559 1250
330 1068
898 1403
569 939
365 613
714 1210
1139 1432
448 1038
409 1482
218 514
1193 1400
555 769
665 817
656 1343
476 1106
742 764
635 1384
908 1092
824 993
533 709
641 1354
431 825
643 1017
531 1263
799 1390
530 700
357 1351
225 1117
1140 1213
94 576
1 37
474 1349
254 1374
160 995
772 1182
111 1395
296 1028
384 483
716 1197
542 826
690 1112
137 870
527 836
538 1027
25 947
998 1490
50 879
419 961
298 873
811 1474
590 1449
1046 1322
141 1064
775 837
103 172
177 1183
1098 1169
156 741
402 1050
834 1346
90 1047
20 697
298 564
28 1339
204 1008
125 921
273 1425
8 1060
68 725
520 965
818 1158
234 1392
580 612
211 1426
984 1001
752 1006
481 528
73 1155
959 1253
300 303
648 1361
12 376
117 708
78 988
994 1517
673 1465
235 636
488 669
404 1493
728 770
466 914
101 957
1113 1116
25 210
90 516
317 1505
232 403
269 543
668 1478
609 1326
573 1256
884 1178
649 1341
528 555
539 1051
897 989
328 676
440 1243
523 1183
418 732
233 731
459 1331
373 901
74 128
976 1146
38 911
516 1295
2 226
372 415
1263 1507
869 1257
647 1292
221 1276
88 1147
601 691
821 1231
344 777
154 868
774 1079
814 915
588 1073
1164 1255
451 970
433 1041
1177 1479
512 1133
855 1070
526 1478
1144 1395
680 694
605 768
597 1408
568 1239
271 1009
174 604
1088 1348
1431 1476
426 1126
7 217
250 972
33 1134
415 919
581 774
442 1184
812 1049
940 1485
189 265
413 1476
23 1249
104 1494
1383 1412
132 1504
963 967
229 1342
1066 1182
274 316
159 764
304 1345
46 470
430 966
736 871
388 1370
987 1133
294 1489
27 557
582 1444
100 214
1049 1237
240 1013
1065 1467
368 1194
71 478
1074 1085
1091 1357
420 1172
18 126
693 889
326 1508
98 231
608 964
429 536
1281 1463
893 1389
4 200
53 1020
469 525
515 1214
960 1193
23 1015
1247 1323
1043 1055
1021 1192
276 1046
206 776
118 224
37 1054
152 1417
295 822
58 972
217 859
740 1007
923 1151
1114 1317
1102 1249
67 653
385 1224
456 1286
561 894
98 1501
75 1207
572 802
800 1296
198 234
908 1317
420 1119
215 763
1371 1407
79 856
666 1468
455 664
150 463
345 1380
596 734
726 1510
6 440
10 127
93 762
609 1356
63 450
393 1406
677 1473
877 1364
232 1173
1260 1279
146 716
453 1307
501 876
1213 1325
148 1011
372 467
1035 1468
1108 1444
1141 1403
603 837
302 425
1001 1423
1031 1349
168 758
487 933
278 322
1179 1236
991 992
886 1372
737 863
80 1486
830 1496
310 859
30 473
127 457
951 1278
670 1019
358 812
55 551
931 1044
1171 1451
24 468
197 350
549 841
290 1434
184 568
1075 1415
97 1294
42 1230
465 622
133 687
14 786
547 618
665 766
357 1439
1305 1342
419 924
370 1375
631 1303
48 52
364 1045
83 116
284 1120
844 1457
424 1019
335 472
17 1381
470 912
1037 1329
885 1466
629 1500
58 1276
268 1377
682 1161
546 1391
38 1198
767 881
607 740
173 395
3 1306
29 639
114 180
509 1251
61 1313
404 1295
7 371
352 1331
65 1118
1026 1129
1289 1291
333 1387
753 1176
363 1314
542 606
183 597
193 738
405 953
1143 1455
280 1360
195 1125
428 1062
1043 1220
87 1160
176 982
403 1265
190 315
640 1215
82 354
731 1086
123 695
894 1372
307 1101
35 626
1315 1401
1072 1498
109 179
190 481
57 205
260 843
600 920
852 1358
318 352
671 1385
106 705
1138 1483
386 540
285 947
105 1177
931 1099
92 1223
1093 1391
1035 1071
287 784
13 402
24 1202
266 1202
517 853
120 1517
75 1214
702 1304
267 545
9 584
954 983
108 389
173 1029
1271 1477
792 860
224 1378
362 1503
1013 1256
871 1319
230 1165
570 1025
129 674
116 750
1075 1344
400 676
311 994
348 748
1070 1427
973 991
499 936
227 344
990 1438
139 296
725 865
497 857
756 791
870 1145
1294 1311
748 887
147 1155
155 804
360 1238
235 743
112 1176
13 158
21 632
1052 1129
473 735
426 1461
325 809
433 1003
202 222
1047 1052
369 1124
659 1390
903 1361
380 927
312 323
910 1088
310 437
541 1000
110 575
77 795
678 1308
263 1498
61 1084
245 756
225 1245
880 1283
683 1289
392 1210
938 1115
722 1441
1141 1275
664 1305
253 1389
1142 1203
103 279
193 1244
115 969
981 1227
1011 1404
1072 1448
872 906
1422 1491
616 914
138 313
698 1024
165 706
459 1380
337 892
761 1144
757 1219
401 1405
681 1221
611 918
33 571
1036 1319
1137 1439
833 878
719 986
230 458
1308 1337
935 1512
711 1460
724 1184
301 789
758 1247
1050 1200
1002 1031
575 1065
359 962
282 412
510 1089
325 604
409 1096
679 1054
152 617
324 1470
553 1022
660 1062
765 1298
208 1488
621 1440
955 1204
1030 1157
529 804
820 1280
810 1278
10 1437
560 729
181 446
744 1226
367 847
458 885
381 1106
745 1345
545 711
278 669
834 1503
258 778
143 1082
753 980
583 1172
337 895
607 1312
317 378
343 1376
502 1187
318 896
47 1291
219 1038
94 1009
62 1126
734 1123
55 1073
394 511
1082 1240
482 616
514 795
20 123
730 1277
909 1492
355 1032
482 489
49 371
261 844
533 1108
410 1489
552 1175
927 1296
496 1000
169 1115
168 1484
567 712
1103 1347
785 1191
268 1297
546 1447
305 1159
140 351
43 1371
452 666
628 1163
113 1259
1146 1241
537 800
1122 1448
329 751
985 1008
997 1484
50 365
462 984
799 1508
246 560
197 1493
807 832
387 1061
479 1420
566 1398
81 1192
634 1332
270 848
1101 1288
1282 1467
144 1354
46 1301
361 1350
191 1408
260 1264
210 1510
978 1240
86 987
995 1293
941 1190
749 1003
128 703
161 1277
142 873
478 796
77 425
430 1057
491 667
1113 1231
145 853
778 889
203 656
423 1358
1153 1201
773 1218
615 1513
596 840
686 1285
6 1363
429 1127
1104 1254
175 634
899 1416
199 1064
1208 1506
60 534
1428 1506
485 585
154 1232
471 646
890 1060
562 1445
581 1307
54 309
532 1051
131 1453
910 1454
151 1274
956 1431
382 766
76 80
684 854
301 1149
751 1059
898 1365
122 967
332 1235
814 1107
436 1286
49 148
265 1251
690 1104
951 1435
36 1303
1229 1504
274 588
16 187
242 1382
383 437
527 539
1005 1292
341 830
667 809
124 202
237 1150
29 699
1036 1149
441 901
348 746
986 1409
327 831
107 119
155 803
563 587
122 723
653 1328
32 86
483 993
1123 1322
879 1351
366 1383
277 1061
767 943
846 956
338 842
963 1032
248 831
21 727
507 1016
1421 1513
19 1458
113 1248
4 91
810 858
192 466
498 515
958 1112
169 1079
15 204
192 1085
1205 1459
464 1373
182 907
281 550
854 1203
273 803
805 1099
953 1364
195 441
851 1497
383 630
84 96
578 1275
19 447
295 435
623 1386
544 851
133 900
1419 1471
625 1243
583 1320
652 978
619 1337
1078 1293
592 1512
655 759
41 635
153 474
293 1211
309 1105
370 906
768 1197
387 843
1241 1424
347 930
675 1018
150 171
999 1329
733 1394
476 875
136 1094
51 255
805 1426
649 746
717 1130
679 833
662 1168
642 743
504 985
1250 1254
245 602
1020 1507
132 627
511 1460
926 1516
183 982
102 602
285 1297
360 878
651 1125
227 1253
405 1199
228 1118
254 594
484 720
422 794
279 326
211 757
93 652
144 1445
641 1267
247 1421
468 1410
628 1481
299 692
729 1394
661 822
109 1246
592 598
769 1067
1367 1436
942 1442
1081 1387
314 395
443 888
790 1068
1189 1235
1138 1171
495 1224
887 1398
5 1204
488 1441
492 707
593 1236
541 917
1040 1090
708 1080
66 99
623 1440
771 828
1385 1515
196 981
364 1280
16 959
544 673
646 1396
331 1284
345 1086
145 218
356 1188
584 949
448 976
85 944
493 523
1014 1226
512 1362
638 783
401 621
421 715
874 1336
78 1161
928 1015
299 997
1010 1156
524 913
644 1259
271 1450
932 1264
411 1309
796 1178
332 1479
864 1261
1211 1260
876 926
282 644
221 840
449 486
783 1271
34 423
570 1195
89 1110
375 776
356 601
1266 1443
827 1230
551 1352
417 1312
141 1418
500 742
450 950
787 896
738 1335
713 1090
369 977
1004 1299
467 684
920 1044
850 1166
257 418
598 1432
486 1131
735 1242
798 801
553 574
135 1272
1053 1333
893 1414
291 1127
1023 1033
182 286
349 1022
251 845
934 1191
306 863
100 1170
222 1336
595 861
117 184
71 375
201 505
129 439
526 761
39 1376
236 262
781 1433
922 979
28 354
102 319
174 239
608 1034
389 1482
201 485
342 1363
45 443
1258 1284
47 791
44 531
501 552
1412 1487
537 1451
902 1343
311 792
338 444
693 710
599 773
509 827
374 680
508 650
1382 1434
391 1457
940 1136
965 1057
251 1261
30 215
817 1215
56 237
304 865
619 921
220 1411
569 819
31 1041
143 1417
205 1273
177 432
880 1472
1 1327
1234 1424
682 961
272 1301
727 877
507 962
549 1362
942 1359
175 779
17 198
1034 1516
363 606
257 1388
591 1437
26 741
118 1194
59 1369
548 1012
283 464
206 1058
223 918
888 939
1273 1464
149 1170
162 262
186 613
72 966
92 1497
1205 1310
1087 1375
131 272
406 1442
585 948
866 1093
51 691
480 499
119 406
323 842
397 1474
442 739
709 968
558 998
422 848
280 712
561 1313
1154 1514
781 1475
2 1378
124 461
379 988
213 269
410 614
101 492
226 253
1400 1499
1402 1454
454 1334
27 63
811 964
255 1338
1132 1287
283 1393
524 1281
99 207
167 1379
747 1283
1189 1429
40 513
340 362
687 1071
704 1360
85 707
1143 1225
34 185
8 259
564 1081
22 786
489 1111
849 1402
107 1168
1196 1324
162 1405
121 935
1157 1346
238 536
771 1087
852 1288
815 970
1165 1265
1120 1201
69 1163
312 755
1103 1208
733 1095
455 950
136 637
525 1225
1121 1328
916 1030
203 490
719 1327
874 1055
739 1270
620 722
165 432
15 696
1180 1480
252 1185
1353 1480
342 1459
698 1150
44 1017
737 936
1056 1368
717 1446
379 1488
556 1206
434 457
436 461
706 1463
111 513
1109 1174
1109 1469
1252 1381
1027 1142
728 1145
543 1514
1219 1370
1314 1511
1368 1443
68 506
81 1428
522 892
233 689
11 447
95 495
292 1377
765 1423
178 1491
54 465
306 529
393 571
212 797
980 1511
191 331
703 813
647 839
747 1245
414 946
427 700
782 902
813 862
496 808
270 828
1023 1198
408 820
164 1268
1310 1353
517 807
43 385
550 704
359 943
292 590
289 1063
452 1399
284 1397
955 1077
208 636
390 1199
287 905
1095 1148
52 954
762 850
244 952
1262 1266
400 1330
891 1025
749 1121
347 1039
308 392
186 302
53 249
82 1181
1270 1495
945 1386
126 1151
696 1212
244 610
915 958
407 941
181 816
366 1069
922 1040
258 1267
650 1063
937 1302
867 1154
320 689
57 329
378 925
158 1152
718 1309
846 1156
640 1077
1042 1105
209 1299
275 328
456 493
494 1024
957 1269
32 518
178 1502
95 1174
319 952
1059 1348
316 1452
1196 1388
231 556
990 1302
79 1502
586 1234
207 883
294 1455
503 763
701 1357
140 1074
266 1069
905 1222
421 790
250 491
431 460
381 605
439 825
672 1130
617 622
349 960
216 438
808 1320
62 1262
611 721
163 1096
547 718
714 1485
64 633
453 1355
189 573
288 1167
1229 1344
780 1473
228 438
654 1004
31 1272
5 1416
121 157
784 989
775 881
397 1058
246 1028
1132 1159
335 710
1239 1452
754 1446
22 983
59 946
460 869
909 1347
580 1007
264 899
83 151
1258 1290
567 917
559 678
480 631
358 1128
835 1140
911 1212
1124 1461
900 1366
176 1216
14 948
1076 1188
806 1162
661 1396
500 618
11 658
341 1209
532 925
670 975
303 1228
220 1257
454 1100
836 907
289 1420
929 1045
1418 1429
300 672
1012 1248
70 462
639 1117
779 1287
627 1216
1325 1438
968 1352
1167 1209
39 1316
213 1002
1083 1233
297 614
324 657
399 1483
574 1356
1269 1318
276 373
339 1333
241 1425
157 1164
293 938
446 726
314 1321
196 845
969 1180
194 1496
185 694
353 797
505 973
648 1469
125 932
367 1158
104 1114
1033 1232
216 398
305 1369
240 916
589 1492
160 497
66 1119
603 675
759 1456
612 1122
745 1091
200 475
351 996
699 838
577 780
334 1339
26 1217
411 490
3 1499
12 1026
594 924
346 730
578 858
521 1494
683 1274
487 521
930 1285
624 912
48 1116
239 919
73 615
340 587
291 321
582 677
882 1181
137 1166
688 1098
153 732
655 1139
286 895
179 979
416 1110
554 1409
787 1005
659 794
591 610
249 1365
199 1238
313 651
701 1179
412 754
414 1335
229 866
1097 1486
626 788
64 1222
681 1053
248 519
510 630
281 1490
723 1453
91 108
506 904
554 1228
346 1029
72 1350
625 1366
156 336
534 660
577 1048
1221 1419
170 355
209 1131
435 1135
130 503
67 1147
18 1233
380 1311
