1521 1584
1138 1283
95 542
137 1042
1043 1390
147 1396
382 709
651 828
909 1124
286 1485
31 171
925 1254
360 501
900 1229
69 1358
166 199
633 1178
310 1390
679 1482
844 1333
761 1208
38 1512
449 875
13 1467
77 217
622 736
45 1163
365 1346
106 1084
494 832
465 930
283 771
704 1468
375 870
82 1336
1135 1152
987 1087
7 906
688 902
764 1002
162 1472
32 400
1044 1190
103 461
150 1394
792 1213
801 1423
738 1085
165 458
1219 1462
212 1457
466 1180
751 772
179 1186
372 1169
233 825
491 1409
396 1350
524 948
797 822
403 498
951 1464
245 1095
308 566
229 1442
639 708
926 1381
91 1086
791 1362
560 897
108 588
131 421
321 980
55 927
919 1448
260 1434
602 872
575 1181
808 1160
453 1118
19 1089
16 907
1104 1204
994 1461
333 585
80 461
229 324
913 969
376 1023
50 1410
240 1320
589 1106
157 519
110 819
48 495
39 1170
370 781
287 887
392 418
116 1437
211 1355
520 1279
274 1154
590 1500
650 1011
4 1405
627 884
66 1287
191 231
232 692
216 1404
787 1282
530 973
875 941
656 778
330 515
114 1407
1172 1285
283 707
981 1467
257 1196
61 135
971 1177
313 1281
277 1293
572 989
980 1046
130 1365
1047 1429
431 1082
819 1363
868 1370
149 483
184 1130
118 1376
603 965
148 1392
600 1097
1003 1295
241 715
889 897
775 1331
583 908
579 1090
315 726
790 947
302 1084
1369 1394
898 911
194 802
157 480
531 1261
7 479
367 1143
297 569
192 788
816 1125
860 949
741 1501
1158 1186
226 851
398 446
299 982
310 882
681 975
1483 1487
798 1260
281 967
932 1484
106 205
952 1129
1055 1370
199 852
880 1146
434 1440
1195 1223
197 343
117 1349
1 447
1061 1064
492 1001
1026 1339
482 1032
592 1191
556 1063
686 1154
1007 1425
803 1065
324 345
318 942
1092 1448
377 915
143 1367
521 1330
570 648
93 866
44 1093
862 1398
495 1360
358 536
939 1029
840 939
764 1406
190 663
1126 1322
332 1067
631 1471
187 1200
153 348
1150 1395
169 282
1208 1439
698 1485
426 765
459 1324
744 1471
834 937
173 1476
842 1429
675 1141
455 1173
156 294
610 1071
307 950
350 1256
264 1246
628 1199
261 1274
844 856
166 448
1457 1516
21 355
120 1475
177 864
243 1129
278 1364
122 1520
227 1409
151 597
491 1303
366 676
586 1455
336 776
1234 1381
91 1164
628 1150
427 1502
1275 1315
362 835
1205 1274
352 1395
731 899
1039 1230
625 678
344 663
1095 1212
390 414
1465 1518
629 1015
3 376
251 303
1120 1421
655 1377
923 924
161 540
1088 1116
78 1236
1235 1353
330 635
610 1185
333 1045
1325 1450
743 1001
395 847
1084 1110
292 1015
11 1316
1013 1407
684 841
460 1299
246 1262
380 428
38 451
266 386
870 966
757 1397
270 392
699 1134
56 662
203 263
214 419
864 1403
351 1386
703 929
308 907
15 435
665 1108
537 1206
644 773
265 1102
43 1471
1300 1454
272 1473
374 1363
425 1111
25 78
301 1004
330 477
368 760
1301 1357
601 770
1351 1369
1083 1504
558 1437
823 962
232 635
411 1295
759 1147
442 865
225 1518
621 1371
504 1047
2 308
404 539
625 935
716 1022
177 666
743 1024
823 889
74 1376
556 1445
280 1217
139 529
1224 1254
848 1284
409 563
1044 1125
694 1019
375 1056
611 1290
668 904
507 1368
192 638
904 1402
630 1506
298 382
315 1242
175 947
857 1217
196 222
565 1141
440 1484
1332 1446
1359 1477
64 1426
954 1219
255 877
436 576
115 946
846 1052
1114 1160
727 1359
421 479
239 1090
395 923
507 554
37 827
198 1018
79 840
214 1349
51 522
989 1162
172 597
1354 1422
413 732
128 701
353 1013
821 1289
144 1173
751 1051
554 1202
118 1471
10 918
418 1468
284 666
122 493
300 1062
664 800
315 992
779 1005
223 637
748 771
982 1348
867 1449
1175 1519
73 1455
453 487
796 1017
495 837
238 1314
1041 1247
555 1167
960 1320
398 1454
485 793
163 536
409 1035
671 890
1315 1456
1032 1242
189 1510
1122 1136
946 1257
213 1213
503 883
269 476
306 1414
185 445
599 1228
8 541
861 1245
227 1271
1385 1496
710 920
795 1050
1066 1229
683 902
548 1281
557 711
909 1020
157 1165
53 1361
1098 1207
932 1304
1115 1308
653 1000
51 1490
1003 1203
701 1302
695 916
377 1091
164 1201
63 88
144 340
1094 1207
328 1081
484 1060
825 1501
656 692
339 1462
262 423
389 684
1252 1318
622 999
9 750
187 441
512 730
735 1203
267 1037
243 854
133 182
477 1504
291 379
196 1474
559 1208
1140 1159
449 1426
639 733
685 1065
272 1166
741 1466
373 571
1180 1337
712 715
308 448
146 636
1305 1447
545 1161
587 742
169 297
809 957
158 1023
370 500
374 410
206 1498
900 1080
83 589
755 1326
930 1070
1171 1422
174 685
446 1476
867 1381
753 1130
175 457
403 661
30 677
333 1025
416 1088
1 67
786 1166
383 1227
795 1170
18 486
24 927
402 642
1155 1505
705 794
1097 1155
1254 1296
49 977
829 1502
417 912
1011 1216
288 1074
888 1509
813 1225
253 600
995 1155
157 1521
94 1399
123 397
961 1240
369 804
856 890
1112 1310
1430 1503
903 1037
254 1223
139 1428
224 567
303 535
595 994
161 928
1158 1288
219 1191
595 1507
669 1353
121 696
384 1243
482 690
123 260
34 333
496 1352
240 1272
621 967
654 1481
143 586
222 1063
626 984
752 1339
778 851
744 1486
614 893
662 863
399 682
1331 1391
789 1396
359 390
115 1142
1292 1360
427 1381
12 1071
104 602
457 782
1231 1238
233 256
487 1458
58 113
774 838
958 1128
6 1440
138 724
464 1241
657 833
258 736
11 799
386 959
1340 1465
508 1442
546 858
1048 1475
720 805
167 520
389 609
739 804
277 1404
81 225
351 1311
1134 1488
107 454
216 817
518 759
24 244
874 1443
207 679
18 1145
1144 1444
529 1085
513 871
58 1278
156 608
282 435
85 442
739 1329
511 1445
658 1069
160 988
42 810
562 767
368 1181
463 1096
561 613
799 895
120 469
323 1244
809 1108
301 1093
956 1205
218 1347
756 1433
127 1375
279 1228
302 1008
213 699
226 612
276 1009
746 940
1121 1234
248 818
432 580
102 936
648 1074
86 928
777 829
675 1495
168 706
836 1100
40 317
422 432
885 1299
596 604
519 632
290 1059
314 917
567 942
20 690
560 584
1212 1399
42 218
853 1356
59 1345
1042 1132
293 1489
247 936
157 561
137 1403
461 772
1143 1513
109 850
1174 1214
298 1190
278 1124
503 1314
996 1293
159 314
380 1206
183 195
329 387
512 1155
894 1489
334 1423
832 1487
19 497
142 1415
424 496
27 1367
142 360
73 168
179 869
242 300
546 953
176 1227
129 680
755 1333
1113 1274
126 1209
460 828
111 1432
642 1028
654 1338
1122 1491
547 972
219 271
82 968
806 887
250 349
249 1235
792 1012
1194 1447
155 790
929 1215
23 1019
75 830
146 326
230 1218
140 1400
160 1405
212 401
591 700
1406 1430
77 1068
1043 1380
1196 1237
1290 1354
286 905
660 1168
981 1252
141 558
129 527
1076 1183
537 1495
100 1334
22 1033
126 267
782 968
105 186
305 1438
581 594
63 316
289 406
14 1220
349 1054
1105 1226
1301 1461
657 1305
585 607
367 1377
53 281
620 794
419 700
922 1159
713 1041
748 1443
780 1007
593 1123
768 818
189 1481
549 1226
706 1091
789 806
217 235
1102 1509
204 1204
539 689
879 1075
615 914
488 1318
413 801
1157 1285
125 444
134 503
697 1073
637 1328
315 673
463 1334
1099 1193
346 462
766 1468
234 1068
294 852
574 1438
758 953
66 740
532 674
86 631
230 1493
687 1469
205 1337
80 592
740 1274
1060 1089
607 1294
357 498
261 1513
624 917
464 514
98 833
113 884
280 633
865 876
247 354
811 835
371 1189
892 1453
1254 1343
1176 1512
843 1216
716 894
511 1060
604 1250
874 1014
81 171
258 718
13 437
151 1269
473 781
582 698
1450 1492
61 505
176 1340
1147 1263
49 1471
564 1508
228 447
52 1258
71 1453
97 1099
727 1431
650 720
683 1494
102 608
859 1327
721 1503
407 566
345 1070
43 605
229 362
57 1039
933 1442
356 1248
643 1057
285 1335
943 1159
708 1324
1176 1416
248 329
1053 1395
99 140
330 885
525 1317
179 1307
405 1038
343 1451
101 253
144 325
46 1214
466 1441
277 1132
148 1347
16 711
722 872
494 1342
970 991
108 342
152 1111
55 786
544 991
454 1386
1072 1264
649 831
429 1165
68 667
191 523
95 749
962 1378
36 353
456 1515
402 729
745 1053
1028 1441
147 526
361 1255
747 1398
944 1270
710 1341
573 1002
165 544
801 1106
606 1184
542 1022
1179 1490
665 1050
725 763
215 733
45 788
254 783
1060 1471
286 1385
352 1101
388 391
111 616
212 995
978 1259
338 441
237 1296
827 1233
689 1379
1243 1355
210 552
99 1464
209 1241
1192 1336
895 1419
335 1010
1131 1453
1380 1424
185 802
3 510
493 842
180 1064
814 877
516 680
338 480
1060 1289
465 1096
581 1458
569 849
754 992
765 1101
3 1260
770 978
379 1066
149 1265
372 797
357 1314
79 1025
1000 1107
5 1448
489 1297
57 1352
986 1427
60 550
931 1211
486 1248
134 812
405 1326
649 925
450 1480
188 1077
1157 1236
5 709
472 1452
531 598
1104 1236
174 1401
533 1148
64 1113
22 1155
364 1273
643 1230
144 1366
84 559
886 1218
3 370
383 1507
144 1109
262 974
478 1046
328 1373
112 132
32 843
1275 1388
252 667
330 847
117 495
416 1514
888 956
275 1249
295 522
467 1271
276 1342
673 974
201 1459
358 752
644 1012
103 961
331 1319
178 1410
508 1148
471 619
1418 1488
348 826
490 503
33 924
810 855
170 588
319 839
308 467
506 1031
462 594
580 1266
579 999
938 983
145 439
1408 1453
471 831
31 815
231 257
593 776
547 1434
678 1188
528 898
179 617
186 1135
1127 1460
96 104
618 1139
577 1307
255 1033
318 322
167 785
762 1276
817 1511
553 734
726 1061
133 1499
475 582
630 1051
721 1453
452 1140
387 1436
975 1451
732 921
28 853
1138 1345
820 1136
601 1446
1276 1411
614 1126
145 1236
963 1027
119 523
144 236
373 1208
397 1076
509 730
313 1247
425 1291
1151 1258
1187 1389
378 862
17 322
307 437
83 762
1079 1225
89 1197
197 350
325 363
534 570
686 1060
645 1493
1086 1460
461 1006
516 1411
738 812
758 1508
179 747
1159 1400
820 883
135 1365
97 1110
209 1198
342 653
431 1159
319 1346
735 1387
793 1392
674 1174
483 1175
25 220
172 193
144 440
244 1516
623 1463
67 719
458 960
340 749
997 1224
969 997
490 768
361 1382
10 33
65 236
1040 1338
241 500
68 152
1142 1284
304 919
777 954
763 1244
415 896
524 1375
51 176
998 1506
985 1083
857 1087
913 1215
193 1092
256 1468
1163 1303
1277 1515
2 1421
200 1374
183 394
702 1197
35 880
583 1155
178 189
661 693
456 869
1201 1330
26 1408
518 1118
393 430
572 1007
249 704
406 1060
481 1193
158 1319
545 609
366 1049
339 990
62 1453
728 861
154 1498
41 423
551 945
526 891
891 1255
296 677
808 868
564 1418
734 1287
263 391
90 1385
229 860
228 543
1080 1468
1314 1335
1161 1286
485 1298
94 1200
369 1428
238 1341
866 1035
540 629
489 850
69 1036
201 434
1082 1397
1152 1412
517 555
955 1029
410 996
1306 1312
951 1452
29 384
203 590
288 1280
901 1327
849 908
670 813
473 636
29 1036
269 1432
691 1128
211 632
1054 1294
355 620
1031 1109
606 1270
336 830
289 1492
290 1366
181 472
202 1004
1257 1320
47 821
1427 1444
127 499
1067 1146
655 1103
335 1425
100 1115
725 1026
37 266
439 714
713 886
112 1320
878 1474
101 1389
911 1493
612 921
114 1448
603 652
964 1059
909 1478
358 445
816 881
945 1057
752 773
221 668
426 513
414 724
1298 1436
75 1006
750 767
245 1439
26 1259
124 571
1210 1466
138 1251
204 1482
141 1381
275 541
1393 1472
85 723
845 1364
1056 1231
321 1105
378 775
634 1156
1382 1395
598 1448
239 1034
54 1189
514 1372
188 1350
299 1024
92 525
200 1344
551 574
28 834
198 388
1127 1357
107 611
292 320
535 1499
766 1358
150 1283
74 1431
577 990
687 879
124 878
93 346
958 1277
563 1172
355 1037
742 1470
76 1314
641 1478
1292 1456
876 1198
316 543
159 779
728 1178
334 796
305 977
72 703
190 468
116 691
1373 1417
130 136
92 1239
613 784
774 1493
959 1139
1232 1521
659 1251
170 800
914 1149
293 1121
259 273
1179 1316
20 587
381 722
41 1269
1471 1520
223 543
815 1030
495 671
562 1468
478 484
640 1266
153 309
52 538
109 646
824 1107
420 1479
194 702
273 1511
17 1286
251 497
576 1313
21 476
807 1117
901 1413
206 429
584 826
306 1151
1049 1237
98 1362
60 949
428 1027
136 1325
285 753
515 527
1018 1119
4 538
801 1278
669 998
1020 1264
337 651
468 754
90 906
365 659
452 548
940 1381
784 1169
1321 1374
9 986
987 1232
8 1034
688 1449
309 993
712 1184
737 1510
250 896
35 430
96 1137
672 1017
88 311
647 1117
1149 1361
401 1280
341 746
502 696
207 415
811 963
854 988
270 979
1077 1388
252 979
50 347
327 761
470 532
521 931
404 626
1141 1309
363 965
234 1385
578 1162
459 1048
6 591
1098 1238
672 955
184 848
323 1265
54 952
311 575
412 1253
1417 1479
119 210
1153 1387
202 461
65 1267
752 1311
501 1477
84 934
355 623
44 948
549 1240
966 1155
105 694
1268 1300
461 1185
296 988
1007 1514
757 1005
553 1379
8 1371
354 1167
646 926
308 1306
638 1448
1008 1250
436 918
128 212
552 1521
983 1412
347 1156
504 1040
976 1486
39 934
70 71
1312 1414
381 971
182 1078
1120 1470
212 1182
157 505
295 332
279 455
412 838
723 1433
274 1144
785 892
964 993
59 1416
905 1021
89 356
1055 1383
164 943
433 634
581 1519
209 268
271 291
154 807
470 1309
62 988
937 976
985 1075
364 783
48 162
27 718
658 1073
910 950
745 1112
1060 1291
863 1288
1383 1468
121 1052
14 1471
769 970
331 1273
87 899
859 1344
358 618
393 1021
277 984
3 469
912 1009
780 805
320 1435
645 1321
557 1402
131 1062
714 1263
1267 1459
573 660
682 973
433 1323
12 1114
822 1372
858 1483
615 1220
444 1131
676 1245
180 371
1164 1221
312 855
617 1420
417 438
1119 1272
1195 1493
652 1494
578 1123
944 1261
237 1038
125 264
517 1079
408 627
510 624
941 1279
599 1297
91 1493
641 1168
23 1171
533 1188
707 1496
337 846
910 1497
1222 1304
212 287
327 400
509 1332
215 922
235 616
1084 1500
756 1010
1322 1505
1167 1282
208 1313
502 503
697 903
396 1182
70 1094
550 882
916 1435
845 1103
596 1016
1199 1368
40 163
488 717
1081 1309
503 640
787 881
326 344
798 1413
47 647
30 221
220 938
1058 1262
144 450
475 1419
769 920
259 893
1187 1246
333 1329
1084 1137
534 1310
1249 1356
224 399
1268 1480
841 873
173 1420
1378 1391
565 1424
284 1072
791 1328
57 1415
36 670
408 422
605 1153
317 915
1141 1308
34 359
242 1463
424 1323
481 935
1116 1210
110 492
676 897
836 1045
1343 1473
72 1497
407 1058
132 1177
1069 1256
568 1078
705 1014
760 1209
155 1110
619 871
46 530
268 499
87 1233
411 737
181 528
438 824
837 1183
208 839
56 1222
506 803
717 1302
195 972
567 1194
1202 1393
265 814
76 729
1100 1469
246 1317
957 1007
312 1491
1211 1253
586 731
1030 1221
304 1239
341 1401
461 568
933 1192
15 1348
693 1016
420 719
