1997 1998
994 1781
670 1387
843 1075
1277 1770
784 1533
675 1192
1047 1323
267 1405
561 565
681 1749
243 421
31 1798
537 1856
1757 1878
1941 1986
25 1465
759 1587
6 1133
549 1044
1429 1819
557 1346
363 1761
936 1147
487 855
1931 1978
1339 1484
220 613
349 1667
286 1443
123 966
359 1124
1286 1987
1318 1821
1123 1177
68 439
627 951
1154 1169
656 1162
300 642
403 950
374 840
1457 1556
628 994
843 1351
688 776
1221 1713
569 714
553 1771
79 361
496 1560
1479 1771
829 1846
1024 1792
314 1782
144 712
536 837
181 611
158 1628
687 1311
76 442
27 1559
615 1485
1017 1953
329 1082
935 1686
193 479
423 1141
1157 1436
1052 1376
617 981
52 1963
227 1225
804 1833
906 1070
754 1599
417 1326
524 1823
241 1270
574 978
825 1590
781 1784
380 1805
798 1950
618 957
683 1740
639 1431
1043 1700
523 1409
360 1526
516 740
1186 1553
1215 1822
82 636
608 1673
1188 1692
1209 1293
1682 1849
1078 1606
301 1847
96 836
521 764
606 1502
180 557
1509 1609
230 513
1012 1411
288 910
1297 1851
924 1611
1032 1800
163 754
209 1930
14 157
513 1637
899 1164
888 1852
125 813
955 1552
1150 1916
66 556
1244 1304
217 846
153 1965
1555 1963
407 472
1416 1855
78 1683
964 1218
155 1107
1199 1965
295 1455
60 564
206 1743
1393 1738
438 1789
91 1825
289 810
376 736
1407 1946
45 1067
114 1483
942 1270
1446 1970
1420 1725
722 1784
1021 1708
824 874
390 1148
517 679
144 1638
450 1523
788 1769
1009 1583
987 1123
70 1724
1008 1497
26 58
92 672
1274 1395
8 630
212 1427
1321 1460
409 1756
1670 1972
1375 1616
47 1336
857 1392
307 1366
369 1867
1388 1841
568 723
1014 1148
113 1574
523 1027
80 337
127 1289
358 473
1594 1842
490 1533
90 1382
854 988
218 819
137 220
39 325
1031 1886
193 1584
889 1376
30 445
797 963
286 789
691 1194
388 1974
462 1212
426 531
163 1305
1414 1943
158 1984
1054 1825
427 927
830 1786
1005 1818
1096 1424
507 1820
536 992
559 1294
482 1835
622 1575
991 1464
648 967
851 867
1051 1656
643 768
1651 1682
909 1854
387 604
1345 1786
492 1576
1192 1448
278 1541
1016 1169
422 524
73 330
229 405
492 1807
276 1936
1074 1425
217 716
5 367
777 1233
372 414
1421 1507
465 1755
130 1494
57 602
1414 1668
246 823
244 688
344 477
939 1593
519 1261
383 1848
1353 1687
91 750
802 1990
210 601
433 1506
478 875
95 451
1426 1875
947 986
136 938
276 1419
1143 1893
873 1510
583 592
466 1650
522 1663
860 1027
1460 1577
326 1937
1162 1908
42 993
657 674
131 1207
265 579
791 1216
137 1188
898 1237
858 894
469 601
314 1864
921 1322
1072 1121
740 1098
388 1306
514 1805
1614 1924
1232 1273
1597 1612
1582 1712
291 1803
1114 1768
1470 1958
1139 1627
358 1099
581 599
1247 1814
752 1539
256 968
245 1703
408 1716
556 1076
713 1565
708 1956
667 1312
474 1518
22 1077
232 623
1254 1586
1159 1972
1213 1268
699 1473
882 1715
493 908
260 1263
1781 1910
331 1779
1224 1728
527 914
315 1308
113 998
680 727
185 1698
394 558
1103 1822
93 319
110 1635
335 700
400 561
418 419
283 1613
501 1429
647 1300
350 1336
726 1753
903 1084
503 1231
51 1079
1382 1612
293 298
1176 1543
302 1644
1536 1933
532 1227
150 1185
485 841
959 1945
1038 1817
972 1728
208 332
464 1778
1505 1812
1145 1229
161 1211
456 1057
1209 1775
1041 1453
659 728
1001 1271
456 732
608 1576
1131 1602
634 1454
484 1783
1301 1837
605 1052
390 1387
849 876
1503 1585
1167 1760
100 1135
1141 1737
1578 1615
1165 1520
151 1923
258 603
1071 1095
706 1020
363 365
135 1542
4 1498
266 459
749 864
646 1839
482 1097
9 1401
703 1922
511 1157
533 1546
264 1407
1022 1471
847 1352
541 926
361 880
79 1804
306 1343
247 652
1193 1982
868 1258
324 1383
435 540
819 1105
798 1901
528 1944
681 1894
1125 1369
198 496
165 1495
47 1228
1618 1909
842 1238
1705 1975
658 1458
236 1122
1504 1734
49 701
2 1323
200 240
861 1946
1599 1831
1617 1835
238 1220
585 871
580 665
568 748
230 833
832 1984
323 1569
1281 1364
962 1830
259 1640
146 647
588 1048
590 1701
64 1015
1262 1331
41 1203
377 1764
727 1897
711 1285
102 1973
427 1941
1845 1907
396 1418
34 908
576 1372
213 1251
543 1113
1112 1406
369 506
1153 1269
120 1434
164 1104
1050 1551
319 1396
1488 1601
539 1094
592 772
1112 1969
805 1608
570 1360
774 1006
274 610
1798 1855
831 1572
1086 1109
35 1263
760 1880
82 766
280 690
347 1530
302 1883
1281 1752
1773 1827
578 1745
1126 1862
569 1189
404 1801
112 1993
996 1349
1584 1895
1243 1948
98 275
497 1324
392 1829
215 1040
888 1634
1507 1629
84 1284
710 1240
304 1840
362 840
1006 1899
1080 1799
471 1450
1066 1425
801 985
1719 1762
40 1977
1090 1248
548 1081
937 1002
1082 1700
658 1669
335 950
1151 1245
1190 1949
376 573
35 203
372 859
822 1662
84 300
327 384
408 488
437 805
960 1685
433 1983
313 1747
309 522
1193 1826
116 191
312 744
1198 1820
893 1187
956 1657
89 1224
174 1320
747 1000
1039 1252
428 1402
1519 1741
728 1034
366 1196
1258 1574
139 704
478 662
105 1171
825 1608
33 1170
294 1029
234 949
705 907
1395 1452
310 1179
1386 1905
199 1719
552 577
1004 1860
790 876
1501 1921
1068 1856
1368 1639
887 1105
588 1939
75 413
1023 1665
849 1163
1350 1632
43 1173
117 1657
1013 1685
634 1045
234 346
487 1223
1330 1931
1517 1810
1113 1949
1408 1648
618 1516
689 1271
730 1646
395 1891
1707 1928
228 769
1264 1586
1617 1788
81 1502
389 890
598 1449
880 1186
7 1690
707 1679
512 682
1511 1878
381 1107
452 755
194 1491
265 1220
142 1363
46 1813
313 1908
316 921
221 1833
57 753
1684 1900
922 1638
269 832
563 961
1198 1262
591 1210
1319 1474
274 665
416 1293
787 1797
168 1011
741 1176
346 1753
135 566
189 211
693 1048
1249 1580
632 1127
1117 1264
812 1065
600 976
915 1521
164 871
159 1722
803 1593
1167 1219
1561 1767
106 509
348 640
129 202
122 495
511 1718
933 1887
381 1581
328 799
605 1981
21 969
1503 1567
15 486
470 1309
94 624
835 1265
455 1163
1114 1644
779 1885
1447 1888
1144 1995
437 1602
434 1991
654 949
270 762
1103 1530
884 1974
415 1709
290 1704
1458 1926
1439 1916
648 753
19 510
1210 1625
1111 1619
1204 1535
146 984
124 317
1191 1834
130 1776
616 1349
142 786
63 1490
31 1230
208 808
850 1292
767 1993
36 498
257 1512
316 877
252 1130
94 778
1428 1434
1122 1834
337 1296
242 878
547 636
207 1594
962 1532
92 1911
898 1009
15 1536
431 1552
170 1985
1139 1816
772 1837
901 1493
1241 1748
267 829
906 1960
999 1683
420 472
621 1092
1042 1499
792 1410
767 1078
331 1824
275 1468
1029 1971
1134 1557
116 1454
554 912
719 1101
354 1945
242 1158
1374 1920
83 1250
167 1282
1322 1566
226 235
911 1671
287 718
287 342
263 1453
538 1064
477 1952
301 1743
1159 1875
692 1315
29 1500
347 595
145 1815
178 914
243 1789
1939 1997
629 1966
449 862
4 530
627 745
226 1487
589 1172
834 1351
138 1690
169 1156
1018 1251
1307 1658
152 1661
820 1128
920 1645
13 391
1380 1511
282 411
271 607
87 1259
488 1879
1309 1900
1093 1921
826 1763
612 1316
330 1589
954 1687
782 1278
360 504
717 1669
671 1279
476 1478
1274 1499
317 336
228 1627
1152 1605
1598 1770
841 988
934 1433
312 356
677 1081
1379 1391
678 1649
281 679
334 1314
489 578
292 711
1175 1562
931 1255
215 673
1808 1874
401 828
1236 1863
166 927
214 1724
179 355
252 463
466 551
948 1529
212 1282
724 752
780 1204
233 1532
97 547
1069 1137
283 1973
61 1310
757 1935
1547 1726
614 966
223 1235
303 1571
373 1369
10 1601
426 1239
638 739
280 1285
862 1059
1046 1183
815 1622
185 238
1265 1480
709 1438
1383 1408
424 1061
422 783
1147 1897
101 550
157 1044
1545 1645
632 782
1404 1432
534 1544
251 1357
2 1615
404 510
402 1046
43 1178
103 1259
170 383
545 1849
74 587
22 108
37 206
1486 1839
122 126
1174 1273
445 1199
816 1394
899 1482
890 1365
685 1205
1729 1982
850 1898
1513 1924
604 1140
114 844
327 559
952 1470
1803 1836
204 520
168 380
494 1025
794 1219
461 1066
1555 1737
78 1409
18 1149
955 1979
491 684
635 1302
1055 1303
1085 1556
894 1933
714 1696
759 1976
1840 1967
633 1631
817 1170
552 1181
1948 1981
222 744
673 1348
989 1405
263 273
118 1776
315 1352
781 924
1527 1534
1325 1695
1020 1378
469 526
210 1278
1549 1589
562 929
12 922
928 940
103 460
1538 1942
617 1867
1077 1689
1450 1992
162 1445
1591 1790
467 891
659 838
184 229
1084 1318
68 1711
778 1465
196 199
896 1240
851 1892
1128 1672
24 1534
718 1329
1498 1720
1337 1595
191 1624
26 1703
479 1915
1019 1100
597 998
515 1550
332 773
1516 1626
1563 1604
235 1272
643 1829
975 982
687 1699
237 1758
269 377
294 1468
324 650
211 751
430 447
1120 1871
670 1702
385 1226
69 147
532 1494
929 1708
143 1308
791 1254
935 1938
179 1926
365 1681
175 1448
407 1237
348 1420
746 1212
852 1482
1215 1717
173 954
248 485
414 1772
905 1155
1039 1680
1266 1501
963 1697
115 262
756 1440
399 758
183 1588
37 1535
127 1260
255 1037
546 1537
1914 1950
1476 1699
419 1659
1554 1838
42 940
625 1028
626 1361
1276 1677
172 1780
1914 1971
811 1964
216 958
593 733
1702 1759
814 1060
786 1311
1080 1389
836 1741
132 860
1723 1836
1620 1887
1083 1564
161 1964
1578 1668
1481 1906
1727 1909
1466 1492
291 835
675 1168
1366 1489
1570 1764
620 970
1235 1522
67 1126
755 1622
1370 1754
1200 1765
1185 1777
1146 1814
1300 1341
40 405
428 432
677 1857
1628 1711
885 971
1332 1877
1022 1955
980 1860
124 985
669 810
133 461
959 1180
98 1774
420 1201
423 1086
484 1558
120 1705
1013 1802
1137 1296
1184 1390
285 1094
1 1033
1400 1769
1243 1709
320 1087
41 760
411 1075
872 1792
734 1373
1568 1604
705 1015
1283 1735
439 821
702 1791
1518 1989
436 664
897 1327
64 633
923 1034
883 1861
785 1538
198 1872
289 1216
333 1955
657 1718
584 1256
1666 1925
917 1874
975 1175
58 1802
281 1733
136 1806
1806 1932
600 661
86 1119
338 1033
1643 1794
149 1443
1026 1248
166 176
1890 1922
447 1873
1513 1934
353 1750
1739 1979
357 1249
197 486
202 1109
165 1716
1550 1801
188 209
1547 1864
973 1356
65 787
1088 1847
1253 1521
1721 1754
660 1848
562 1440
231 917
595 1710
644 1509
661 1394
1062 1607
483 956
56 187
500 1166
1298 1794
1197 1859
155 1510
410 1451
919 1446
1328 1655
944 1967
1040 1675
126 629
1378 1870
196 1947
801 1742
148 1793
905 1623
54 571
694 1398
201 1115
85 1618
1316 1853
8 716
1106 1927
813 1731
395 918
14 77
612 1234
883 1292
717 721
213 1003
500 941
282 1987
1261 1750
1640 1788
1314 1564
1380 1485
397 690
357 1684
1800 1954
56 1881
326 1413
1428 1943
1127 1227
382 1306
184 402
1150 1619
997 1958
44 826
160 1641
438 1305
307 814
1051 1268
668 903
1246 1665
818 1621
1018 1816
1333 1782
86 483
425 879
343 607
1291 1632
1831 1896
195 976
55 240
299 630
341 1389
106 128
594 1091
19 1913
401 1353
118 1686
255 859
138 284
187 821
345 1277
642 1591
870 1384
722 1346
1096 1492
1056 1688
669 1267
24 1732
11 266
808 1393
53 156
480 1883
59 1447
349 1370
1071 1339
143 1976
20 1332
182 1844
434 856
1546 1629
475 1438
355 444
1290 1528
148 1467
463 1761
44 1542
305 1597
1525 1919
154 793
867 1514
735 1329
175 1642
77 1891
637 945
134 1630
417 1475
1520 1710
1065 1276
224 1515
23 1371
253 1799
667 1722
1421 1537
298 653
875 1184
491 1119
886 1374
1524 1766
182 1062
440 1767
544 1134
1179 1432
567 827
729 1940
38 1120
616 1384
53 425
703 1956
775 897
278 1239
1326 1674
951 984
499 1783
303 1319
1780 1888
1477 1865
432 563
525 1937
610 964
803 925
1058 1079
65 582
176 1541
724 1093
1313 1472
974 1090
345 641
1459 1493
865 1400
1016 1911
710 1652
415 989
756 1354
350 1144
232 1245
983 1182
1 451
102 1496
1845 1970
572 1241
515 1927
119 1007
1208 1480
533 1267
1466 1975
382 1863
446 572
1161 1449
1286 1596
1338 1565
333 1785
1313 1388
473 507
257 1553
1423 1734
822 1177
1104 1539
1766 1824
342 1884
695 1347
72 1345
824 1994
497 614
1058 1206
1161 1607
62 1592
194 974
385 930
250 737
95 1059
321 737
260 1490
816 1904
150 1600
30 770
1208 1869
140 926
290 920
771 1917
1025 1573
93 1738
1359 1746
1288 1424
671 1102
1057 1206
869 1745
318 560
1010 1290
1312 1906
1519 1643
827 1354
1478 1795
1691 1739
594 796
373 1375
1338 1892
72 514
1173 1832
412 846
371 1181
620 1910
1368 1957
285 344
61 1362
662 1988
1133 1355
684 1344
1773 1846
429 853
1587 1614
751 1295
181 952
69 1917
233 397
1774 1872
248 785
1417 1441
584 1866
325 1217
631 1877
993 1857
256 531
541 1061
1320 1920
1459 1610
190 1653
1067 1936
1633 1868
186 932
1183 1525
457 1401
20 653
52 1124
430 1464
449 1693
1673 1919
694 1431
454 1694
334 1626
1060 1342
392 913
555 1809
806 1730
1307 1362
1108 1995
71 1101
982 1280
738 933
1633 1662
253 817
916 1001
1707 1898
225 1042
160 750
872 1070
107 328
576 1158
1002 1823
599 1047
73 1357
1445 1694
406 516
596 1907
1853 1903
560 1671
305 602
1487 1826
440 1403
374 980
674 1653
1641 1865
501 1463
517 1365
881 1472
464 1135
75 1195
542 1828
839 1396
1416 1913
12 1523
775 915
1437 1903
241 391
468 1098
48 977
685 941
1028 1852
33 1481
776 1901
1304 1588
809 1736
934 1129
454 861
553 1810
622 702
1444 1763
758 768
183 1636
239 765
1125 1715
564 1670
704 1426
525 870
1142 1603
847 1168
442 1392
396 733
678 1095
1543 1748
299 1088
279 471
885 910
761 1331
549 1879
676 1223
13 1087
351 1317
682 1720
1752 1895
436 621
967 1295
1386 1568
29 1935
251 1100
508 802
746 1595
88 177
186 946
1522 1904
995 1160
1073 1287
204 387
246 1083
1202 1674
554 1625
919 1172
1164 1508
1069 1870
580 1873
123 747
448 1110
110 1091
1385 1947
1497 1721
1560 1832
628 1435
1228 1996
945 1415
353 1444
338 1291
272 1359
745 1156
1381 1637
1287 1294
1815 1871
444 916
435 1592
864 1441
121 1868
258 1116
32 1361
1658 1768
1529 1656
881 1951
222 223
322 1959
800 1130
129 1116
863 1367
761 1377
743 1613
1562 1655
121 1165
351 995
399 1214
112 538
11 953
59 410
225 1118
108 1704
505 1812
573 1406
807 1342
1205 1242
7 1418
774 833
378 1664
394 1190
977 1152
526 1207
368 1706
71 686
480 1882
169 1827
109 462
854 1841
412 1819
589 1063
128 743
979 1288
853 1121
887 1064
1299 1452
1698 1885
23 1136
1623 1951
1762 1843
6 741
297 1410
459 1726
656 925
341 1321
1089 1661
666 1222
177 1056
689 931
189 1283
1731 1744
87 509
329 1567
529 1551
268 1561
645 1598
45 1488
1272 1759
780 1876
1343 1989
1102 1367
111 1527
542 1417
676 1647
978 1583
277 1097
245 1570
570 739
807 1154
117 470
640 1930
48 1202
655 1054
339 502
192 409
5 188
36 413
140 1474
828 1213
474 508
475 818
1512 1649
249 1991
386 990
418 784
261 882
1257 1869
999 1986
362 1938
1131 1714
591 1634
1244 1905
593 1505
892 1385
1531 1579
214 535
1433 1838
400 1580
579 1023
587 1558
823 1231
696 1725
1053 1303
1005 1843
375 1344
983 1635
308 555
468 938
766 1928
389 1603
1160 1360
1053 1430
845 1988
865 1706
321 734
598 1793
1582 1821
1631 1695
590 1889
1011 1217
529 1473
961 1610
1398 1462
370 403
1049 1456
1145 1696
1733 1854
66 457
1315 1495
794 1742
1660 1804
1317 1648
460 639
70 680
804 1959
1850 1902
39 1672
416 1146
100 879
912 1624
1356 1713
476 932
571 1491
467 1108
723 968
340 1435
799 1178
1813 1962
1765 1942
575 944
1191 1442
63 1790
231 1301
17 1019
749 1758
384 539
856 1489
304 939
378 506
795 1021
296 393
50 1755
698 1572
913 1652
581 1563
869 1996
960 1397
1247 1932
545 1585
1225 1777
224 1818
795 1660
943 1727
1196 1377
366 1994
889 1688
481 567
997 1477
465 1486
731 884
441 1253
132 1732
1250 1508
131 1968
651 1678
268 1063
725 909
1549 1575
991 1744
174 527
310 1455
279 308
654 663
105 1747
1423 1828
1430 1809
725 855
1358 1925
90 815
153 1279
1811 1893
1089 1616
367 809
1412 1918
1032 1390
953 1679
109 1596
842 1363
583 1740
544 904
1275 1548
721 1569
197 1194
3 76
443 519
763 877
292 1310
1456 1712
111 1953
446 1129
297 458
1817 1983
352 356
205 1099
720 1997
499 902
958 1899
1422 1912
97 973
609 858
288 1830
277 521
1714 1890
777 1957
1373 1990
85 1579
585 830
1340 1866
971 1746
650 1886
638 1327
1036 1506
306 764
663 979
379 886
151 490
190 1797
512 1399
1257 1284
250 709
664 1882
83 574
458 489
641 1636
149 406
295 1923
323 730
259 783
221 1862
147 448
236 907
370 1118
359 1461
852 1756
1404 1944
99 1153
200 649
892 1479
691 1413
159 551
615 1650
25 868
736 1559
354 398
631 1334
119 789
970 1896
88 1795
672 839
1211 1961
421 1692
637 1333
28 1260
577 1302
981 1471
343 1689
895 1298
270 296
1252 1475
1467 1962
626 1760
364 1138
74 1391
686 811
546 726
450 1659
878 1881
271 1330
318 393
51 1966
81 339
701 1289
947 1675
55 655
398 1663
18 1014
46 857
1664 1730
134 1003
1187 1451
503 644
21 1275
609 1226
757 1469
431 700
1050 1605
928 1969
1221 1858
596 1222
942 1242
770 1992
38 1234
1611 1620
273 834
763 779
1031 1630
866 1554
429 1106
696 1526
1189 1246
706 1132
1350 1577
646 1807
1337 1606
619 1030
1171 1796
1697 1889
141 1297
178 635
1030 1736
1436 1651
493 1791
707 1334
1024 1680
167 697
548 1710
504 1269
873 1701
254 715
699 1842
192 896
713 796
219 1654
453 1197
537 990
1566 1717
792 1132
715 900
992 1041
9 1600
139 520
936 1609
550 1325
27 180
1255 1590
528 1861
1238 1808
32 1968
1076 1735
965 1055
603 1348
918 1340
54 1115
107 293
1515 1929
645 1364
720 1621
698 1581
586 769
738 1182
1138 1851
1422 1859
244 443
34 1540
494 1500
502 1232
1372 1427
613 1074
984 996
965 1884
1000 1038
693 1639
923 1230
1811 1961
481 597
311 1004
80 863
623 1676
104 1934
495 1775
104 1545
171 1072
96 575
848 1647
948 1850
1110 1514
1174 1442
60 735
261 1723
1035 1573
16 1328
247 262
205 838
154 1068
566 972
386 1678
99 844
729 1355
731 1092
1195 1531
1008 1379
452 1915
364 1544
1111 1347
1517 1894
708 712
1358 1691
284 874
558 1412
16 455
1233 1476
1085 1236
943 1411
272 311
172 543
625 895
203 1929
173 1280
969 1484
379 1796
611 788
901 1918
89 893
586 1049
1642 1902
652 1341
1324 1403
227 891
133 1667
10 1952
156 1335
336 518
320 1772
866 1978
115 1676
162 534
535 1557
692 1954
668 820
141 1026
237 1439
902 1381
201 1035
1155 1960
697 1140
309 441
649 1858
765 1876
732 1980
987 1463
17 145
904 1461
352 1844
530 1415
1012 1043
101 845
322 695
719 1751
565 911
62 216
453 1397
218 1677
371 606
3 540
1045 1419
1335 1940
773 1548
1402 1540
1143 1504
937 1007
1010 1218
624 1787
957 1787
1654 1778
1399 1980
249 1200
831 1469
239 683
790 1229
986 1524
1117 1136
946 1729
619 1496
152 1693
1977 1985
219 1912
1142 1483
1266 1528
1149 1666
742 900
666 1757
742 1646
368 1437
264 1751
505 1880
498 1214
797 1166
800 1180
207 1462
582 1681
771 1749
49 793
340 1371
375 1151
171 848
1299 1785
660 806
125 1036
67 651
254 1779
28 748
424 762
930 1203
518 1201
837 1037
1073 1457
195 812
50 1256
1017 1571
