1894 1932
384 1664
1204 1508
733 1583
818 1515
879 1799
197 1165
657 919
559 1893
241 1104
347 1283
516 916
179 1041
305 477
1116 1135
1254 1561
280 742
269 975
34 862
1033 1659
74 382
307 1600
99 1553
1298 1565
955 1579
308 478
947 1595
1686 1793
190 1836
878 1260
732 1498
889 1570
436 1723
393 1006
129 1189
481 1464
948 1264
375 1205
247 1640
887 1437
148 848
566 1209
28 1504
1615 1717
274 1786
1587 1715
265 494
922 1155
539 564
820 1438
1657 1858
555 1355
366 831
513 1665
60 302
617 1626
66 825
1724 1825
1282 1877
42 101
1008 1782
674 1647
306 1112
619 1835
254 786
1194 1364
760 1148
1078 1103
838 1141
97 312
1000 1283
765 836
196 1050
356 1672
655 1394
353 1890
611 1169
490 1049
993 1748
1415 1565
756 1356
404 807
425 875
1246 1294
338 1399
746 1252
64 908
167 1229
193 1751
233 1026
824 1216
177 785
757 1347
682 1746
185 1424
937 1425
1477 1545
171 1003
1149 1855
402 1146
863 1055
1317 1783
29 1274
52 870
707 1406
769 1454
1647 1670
296 560
75 1243
1326 1773
1158 1543
3 1507
633 1535
199 239
654 1695
42 236
1008 1493
250 1010
520 1295
273 843
47 521
429 652
494 1806
718 936
963 1336
597 1544
1222 1506
214 1477
1241 1790
82 380
989 1028
59 1747
929 1512
764 828
84 181
849 896
1128 1180
1129 1433
501 1038
102 424
1613 1864
1161 1388
309 1470
677 1483
776 1552
299 787
217 522
308 630
655 1698
1339 1510
234 1243
1354 1788
667 860
713 1735
341 1894
1472 1606
711 1649
13 1121
920 1226
173 815
721 1731
1192 1479
317 1664
1653 1843
285 734
50 525
927 1063
1271 1688
283 1333
132 737
692 1389
214 1867
208 518
1662 1862
580 1237
507 1468
464 1516
737 909
1487 1651
300 1827
109 598
546 1871
652 1156
135 634
170 776
122 617
484 539
1167 1354
1356 1397
106 1195
370 892
895 941
315 1323
984 1082
33 517
669 749
1756 1832
691 928
310 1814
403 1874
441 1148
176 1482
629 1605
373 1305
280 919
623 1285
276 1344
1063 1258
1011 1164
672 866
1015 1853
115 125
505 1884
1767 1869
1771 1843
1351 1529
499 1496
699 838
946 1111
1372 1807
1202 1453
1075 1289
697 964
102 811
279 1588
801 1692
716 1600
787 1450
1113 1364
621 1309
597 1270
500 800
339 394
1107 1201
869 1499
506 1711
60 1804
1375 1497
446 1024
832 1577
153 781
161 709
823 1386
286 1116
567 973
215 1890
989 1193
504 638
812 1105
216 1230
124 277
20 1374
292 451
16 1174
758 1559
223 858
8 988
269 1370
342 881
817 1638
55 1530
75 213
472 836
803 1499
1383 1576
426 1179
317 492
1542 1745
1373 1447
509 1084
1143 1485
594 1428
213 550
421 591
301 531
244 344
883 1227
165 288
431 986
299 749
1418 1463
534 1678
230 1754
1359 1837
114 120
1526 1644
1096 1343
421 1532
276 1486
965 1856
307 1648
527 1799
608 1237
561 1583
371 889
407 1500
429 466
1021 1050
110 1225
257 1175
1291 1790
277 855
788 1618
23 712
396 411
295 399
1132 1742
1141 1698
1047 1415
739 1252
646 840
159 234
888 1801
511 1046
866 1814
1135 1866
590 1181
511 884
363 1853
11 1052
642 958
395 918
424 680
544 1717
1628 1765
383 1611
1045 1231
985 1335
133 1553
137 1571
954 1145
1502 1646
771 1319
830 1340
334 469
217 553
54 1857
263 1660
1346 1718
719 885
365 413
246 877
485 794
43 645
225 907
643 725
324 425
449 662
549 822
679 1073
832 1246
738 1833
1445 1596
579 1225
1086 1716
123 242
391 600
573 1128
11 945
268 745
659 1490
673 1627
353 538
1094 1197
480 618
1201 1241
937 1683
1118 1358
153 950
62 1699
522 783
35 159
308 1151
927 1795
156 1764
327 636
629 789
990 1131
88 1737
1320 1401
905 1277
299 1556
772 1108
863 949
527 1774
476 1563
1160 1511
61 256
1331 1874
352 1010
658 750
952 1473
350 543
1625 1703
949 1866
231 556
204 1026
738 1106
219 1144
1272 1639
314 1498
502 1098
1257 1593
808 1875
498 1806
1239 1789
107 1457
24 178
1134 1485
139 229
859 1345
367 1839
25 1656
1083 1727
18 1515
1484 1590
697 1706
683 1697
454 969
770 1833
1603 1604
775 1623
743 1096
133 1002
64 1118
962 1377
845 1069
1619 1632
330 1760
852 1013
320 1023
95 1122
792 1317
759 1768
1398 1418
757 1805
39 143
486 545
348 360
62 1868
1479 1801
177 942
1049 1092
50 184
413 560
596 1697
526 980
128 303
401 839
698 1788
1102 1659
663 1168
412 1212
1410 1680
26 467
482 721
532 1302
294 390
278 1646
418 840
273 897
465 1120
16 474
1407 1826
68 1233
440 900
70 1870
376 709
252 265
636 1382
114 814
1037 1594
257 1702
859 1338
729 1561
333 1607
1189 1752
78 335
473 1821
72 676
975 1617
243 1365
856 1572
484 1812
63 1719
495 1137
360 662
430 1766
36 1481
137 678
271 1452
446 1168
1214 1308
1066 1539
953 1428
98 1505
601 1837
1094 1706
1269 1809
808 1527
657 1126
112 762
163 1334
131 814
939 1228
21 935
43 924
1452 1781
490 1878
1568 1609
46 372
487 1050
578 861
319 1059
1070 1767
1077 1713
900 950
753 877
1194 1306
626 885
510 631
336 1344
406 1348
643 992
1180 1875
298 1297
138 350
813 1761
1513 1704
1524 1540
708 1528
65 188
56 191
1379 1592
1534 1536
255 752
938 1224
543 1044
1324 1444
301 1163
1240 1687
963 1778
575 1388
1421 1816
489 959
1342 1628
381 1639
463 1316
778 793
187 777
1414 1808
90 1191
51 1524
799 1004
210 858
1050 1738
416 896
506 1352
997 1133
1012 1054
259 627
1284 1367
462 1088
471 712
1331 1537
48 604
1124 1198
311 1560
274 1081
925 1893
1093 1894
1549 1650
9 470
1645 1744
304 1206
1390 1858
1067 1822
864 1684
1686 1839
262 1523
155 1588
154 564
588 998
83 1202
685 1368
284 1566
85 714
753 981
380 1138
1000 1434
163 1222
681 1027
1642 1892
561 671
679 1597
637 755
228 387
1100 1190
1403 1852
905 1749
809 1649
433 1256
1278 1746
340 898
759 805
1396 1879
188 1567
1381 1422
466 1183
44 84
581 703
66 648
235 1745
502 1092
748 1873
410 1323
1107 1861
1019 1325
204 816
183 947
388 1716
431 1581
188 1419
641 751
1009 1158
656 1451
216 728
559 1575
6 1248
442 1207
1259 1579
774 1483
1512 1682
124 1678
536 1129
677 809
206 644
722 1807
551 646
1005 1032
100 334
1256 1517
703 1459
915 1648
612 1778
351 1449
307 726
1244 1711
158 796
160 1721
475 1729
607 1601
978 1815
227 697
439 1406
79 668
209 537
310 333
156 991
48 422
299 391
684 890
74 1288
977 1877
681 1482
566 583
121 1785
97 867
1187 1880
10 1514
258 697
717 1889
697 951
2 1207
1244 1312
555 994
249 557
881 1881
465 1830
1339 1718
296 1304
1281 1834
741 1841
664 1017
1266 1619
340 373
1557 1712
294 343
1139 1870
1391 1685
883 1058
705 1819
483 1042
1379 1828
768 1149
8 1314
1503 1671
17 542
751 1383
291 1087
1182 1233
230 1250
436 640
299 1458
250 849
18 1203
1397 1414
450 1637
111 397
405 1268
169 1416
761 1213
1347 1679
1076 1412
320 908
53 1239
220 623
479 1723
12 151
168 1170
792 1361
622 818
144 1707
983 1708
263 1088
579 1653
41 503
789 1839
33 354
345 632
833 1519
298 1315
696 1280
349 1191
378 1405
462 764
1367 1427
618 1165
603 1154
200 1220
116 1196
580 1484
226 1198
1287 1674
134 1009
1599 1757
705 826
525 930
225 1522
1300 1770
769 976
540 957
1753 1775
443 1657
106 1196
592 1299
88 569
417 1352
745 982
1562 1705
880 1602
994 1635
1655 1840
735 1576
91 1841
251 1487
38 1310
1472 1533
521 739
189 1442
148 964
664 1780
1106 1467
76 876
654 1531
292 639
616 1358
351 1396
236 346
719 1185
653 1536
1349 1434
419 1296
1255 1607
1313 1545
530 1053
363 941
733 756
315 563
774 920
356 1721
1224 1282
820 1001
357 1708
1121 1310
882 1548
785 1776
528 1592
1127 1235
635 1787
535 1205
112 1177
961 1773
422 1269
150 1260
864 1871
1392 1463
260 1203
1332 1852
1108 1432
59 352
258 323
1311 1321
196 871
833 1884
811 1741
541 1584
523 1673
394 398
491 839
1054 1803
1288 1618
382 535
1805 1835
408 873
1114 1196
266 1709
1262 1842
1464 1786
15 1868
222 804
982 1598
706 1440
810 1143
1327 1329
752 1573
1389 1557
508 1554
253 715
400 1621
329 899
69 1188
162 992
614 1443
768 967
127 1456
355 767
19 58
1602 1770
554 669
781 1053
332 1184
272 1461
432 1698
1188 1792
93 1303
14 1860
329 942
1707 1758
17 367
855 1038
214 335
458 1426
1044 1634
99 1832
1357 1550
585 1494
541 817
246 1620
1495 1570
203 478
684 1766
398 806
586 1251
27 1621
184 1454
172 336
312 783
923 1238
158 1820
529 1439
434 1627
609 1360
1471 1840
593 907
53 1518
1333 1886
596 1111
209 1301
118 1481
1212 1509
227 1426
260 848
524 884
1839 1864
780 1437
828 1217
325 484
409 1794
935 1130
275 1684
1215 1360
91 1057
508 552
479 988
621 1313
337 1340
550 1564
581 1821
645 903
445 509
724 1625
1488 1546
151 459
904 1709
165 1126
611 1580
245 1353
1743 1865
195 577
224 1569
812 1124
1091 1654
474 1710
89 1110
264 1769
661 853
493 1393
113 1488
1368 1538
188 330
338 754
134 136
309 421
195 401
578 784
122 271
421 939
205 376
293 435
447 649
694 744
1166 1197
938 1338
13 758
628 933
514 1496
1274 1366
571 1847
393 790
7 1291
666 1567
1177 1504
416 972
485 512
226 461
29 1559
327 1445
129 1034
1034 1319
224 303
984 1421
426 794
168 218
205 1791
254 1797
203 211
1408 1768
131 1219
847 1152
153 1554
596 1804
153 1538
247 1606
722 1051
326 1663
701 770
608 922
845 1459
1075 1172
813 1061
5 14
1006 1035
117 207
829 923
1458 1633
15 1506
1343 1824
1407 1813
556 1112
687 1348
1210 1391
252 827
699 1377
73 497
65 1669
221 624
895 901
110 1074
934 1041
261 1457
389 1703
793 1544
201 1574
873 1674
615 891
720 1404
337 736
1556 1701
452 835
657 1447
392 1068
1629 1800
385 1345
740 1183
1564 1616
10 1888
1312 1859
1427 1849
242 331
802 1519
313 1122
780 850
613 1677
685 842
1221 1537
633 1253
825 1012
978 1891
692 795
1151 1593
1098 1462
437 1614
557 1299
495 640
1301 1518
1127 1650
215 1829
819 1382
946 1448
437 1375
663 1051
702 1763
1386 1470
954 1250
657 1892
844 1601
428 1080
282 1802
524 706
1318 1580
774 1630
841 1230
926 1176
449 1284
290 1173
375 999
567 1849
892 1528
235 457
547 767
1632 1701
32 782
1429 1436
1115 1530
87 364
642 911
1155 1235
77 1658
275 1332
316 887
1635 1891
1150 1755
591 1311
1099 1523
955 1712
304 1675
486 1660
782 1502
237 1115
220 1018
996 1850
1176 1306
182 1696
1085 1275
899 1079
41 138
470 571
1016 1636
366 1028
651 718
1093 1733
272 1734
921 1422
293 1661
695 928
904 1688
1021 1734
405 913
1236 1720
179 1641
968 1430
1337 1852
93 901
192 386
1064 1754
649 1736
841 1531
567 890
1192 1555
1409 1720
421 771
399 1614
691 917
353 1839
1173 1405
441 729
73 95
4 632
40 940
1261 1309
402 575
453 1373
183 798
596 1069
670 1793
346 736
430 610
186 1328
547 717
140 1380
854 962
1157 1265
103 898
872 1279
1270 1305
647 1535
1492 1673
1015 1525
400 1815
1195 1818
70 1466
589 1330
208 1161
911 1062
194 331
79 1586
127 1018
810 1738
160 238
1152 1321
104 231
1341 1423
341 732
468 1616
585 1679
540 944
1275 1376
1064 1292
152 186
742 1665
125 1820
601 823
1002 1521
92 1453
297 1020
1245 1885
1563 1739
92 307
1037 1609
1361 1714
528 562
865 1759
1105 1872
385 1436
458 1551
638 686
172 606
807 886
777 1521
119 1845
447 1732
395 1004
200 577
482 1489
1080 1089
1074 1622
105 374
674 724
244 762
197 1007
501 1611
1441 1540
609 1209
778 1056
24 910
727 1855
358 450
80 428
202 596
567 1501
806 1772
295 1721
552 1822
874 1362
1589 1782
1072 1732
266 607
71 916
326 1125
295 322
206 1867
287 1420
108 1011
790 1214
438 1273
1381 1668
411 1566
671 1058
1783 1828
1228 1395
1017 1492
89 854
471 1771
372 1873
188 440
523 970
1048 1322
388 1539
100 761
1169 1568
734 1813
221 743
1355 1370
71 1489
55 590
1677 1777
1560 1599
731 831
130 910
496 1461
830 1175
1351 1846
548 1266
414 499
311 933
306 995
120 959
1147 1341
964 1641
520 1363
415 1525
1636 1784
369 1272
1394 1440
526 723
472 1140
1247 1850
302 616
22 1465
1090 1883
1704 1730
1423 1809
602 1137
461 1507
121 599
403 851
140 218
797 1150
199 819
1371 1573
191 214
606 791
562 1293
1186 1691
328 427
529 1469
595 1372
1378 1869
377 1030
747 838
791 1326
349 1727
1142 1726
228 763
1816 1854
83 620
704 1369
934 1208
253 972
343 396
755 1089
408 634
157 418
1114 1690
873 1631
355 1249
873 1681
1171 1218
1 1068
1731 1885
12 1097
1577 1817
1117 1478
1276 1676
49 1516
519 824
999 1171
586 1724
111 582
688 1760
867 1328
505 1765
132 1666
936 1456
886 1016
240 1838
1413 1851
576 1803
754 1362
932 1290
1040 1763
953 1715
1248 1880
1249 1759
80 1420
728 909
104 123
67 773
631 748
698 803
1003 1603
702 1077
25 1552
145 587
1193 1424
192 492
771 1789
1170 1510
1314 1335
598 1478
7 1741
105 1584
47 1172
249 493
821 1845
318 1281
1307 1652
801 1409
1060 1735
1084 1842
624 993
619 956
605 720
1277 1634
675 1132
605 1562
86 1062
656 775
1057 1705
851 1671
145 291
1620 1889
467 1091
798 1469
30 1208
432 1582
1095 1541
36 1167
960 1090
1223 1643
31 1638
1255 1851
639 1109
1503 1527
735 1247
741 1376
930 1792
452 1744
694 915
23 61
1529 1733
548 1520
680 917
392 1384
377 983
1856 1857
1663 1683
1551 1571
1296 1541
1119 1327
222 1887
1232 1654
19 1322
1218 1730
383 1876
1359 1591
1036 1435
1067 1211
32 414
147 918
821 1147
625 1728
1140 1887
476 1099
1059 1448
1435 1776
212 675
198 965
870 1633
658 995
1676 1743
730 1808
973 1181
1023 1460
1016 1162
612 1242
279 1101
384 1071
625 1320
507 530
1365 1695
126 514
882 1597
599 1102
2 347
943 990
964 1878
1508 1818
893 1794
1265 1533
1279 1308
888 971
460 976
574 906
1134 1268
27 444
389 406
481 627
1156 1555
912 1022
868 1501
39 622
1190 1624
332 515
600 1045
766 1302
1725 1781
1022 1199
1546 1762
1702 1817
243 850
1251 1493
1110 1130
281 1236
572 1109
687 1622
451 1061
30 512
174 1795
455 1441
951 1378
614 1836
278 1136
498 1204
568 800
987 1509
545 1547
952 1449
1133 1823
101 1844
484 1400
595 1475
488 865
20 1076
108 1439
87 427
874 1043
872 1772
1259 1417
626 1784
604 1056
201 1605
852 1336
316 1476
1350 1690
368 980
270 1777
433 1234
189 434
69 1066
1433 1819
799 925
154 894
650 1443
1623 1879
166 668
81 1174
166 1865
267 328
361 1221
1429 1764
44 52
142 802
584 966
715 1020
546 713
491 1644
558 700
289 1404
410 697
1642 1769
924 1271
270 837
232 282
181 198
281 455
960 1226
37 1353
1182 1229
1001 1505
324 688
763 1136
267 659
268 442
321 340
493 624
873 1626
193 1756
67 565
648 1287
37 678
838 857
1219 1725
676 1542
956 1881
558 1700
572 1082
1595 1791
1085 1637
256 379
212 1722
696 1610
339 1346
113 1408
26 1131
981 1629
838 1617
6 150
1242 1797
926 1691
175 1672
90 307
223 815
1307 1401
998 1726
463 1689
57 109
515 1357
660 1810
1117 1582
155 842
323 1081
457 1460
929 1462
364 1694
710 714
417 1480
229 834
49 774
322 797
371 497
516 1558
795 1465
116 1838
1315 1670
931 1800
178 716
255 765
169 1072
1100 1578
857 1412
1119 1876
325 940
594 1232
171 1031
1220 1467
305 1569
1337 1494
1411 1696
357 1550
1387 1438
146 358
1206 1468
232 233
464 1411
853 1289
1005 1178
708 1812
185 583
354 588
574 774
240 979
628 1324
1154 1693
569 665
897 1087
1384 1572
1775 1829
149 968
1586 1728
489 1238
288 746
493 1612
613 1882
1095 1722
774 1859
1390 1645
653 1844
1400 1416
576 1513
731 1187
903 1751
63 1254
76 1163
72 1682
1824 1831
1014 1325
1529 1640
1025 1848
1286 1631
245 641
1264 1810
1693 1834
214 822
610 1184
107 744
264 914
1104 1145
176 1395
459 1234
284 1661
397 531
46 290
9 593
493 948
660 932
1042 1262
1200 1757
164 1700
1656 1802
423 1292
1651 1826
944 1549
1393 1526
584 1692
130 194
1125 1863
45 667
477 1740
1040 1594
538 766
167 635
286 1029
174 987
969 1071
1392 1547
672 1185
686 796
415 730
1517 1846
448 869
620 1685
1451 1548
843 1216
693 1363
690 835
661 1349
906 1304
1374 1398
435 1123
248 1162
726 1029
115 307
94 1630
1013 1480
161 589
118 180
549 1585
188 287
760 1399
40 297
219 1273
786 1055
359 1350
361 1779
419 912
1079 1223
248 804
365 480
51 1070
1581 1699
1615 1830
82 1316
1217 1474
117 1385
421 1710
1027 1043
1031 1823
1294 1608
261 534
182 1719
602 774
162 1298
86 448
340 967
190 1369
386 1491
1200 1431
1245 1263
460 847
342 997
321 1366
986 1750
893 1300
1178 1861
136 359
1278 1758
1142 1210
164 1258
1749 1750
693 1425
142 1658
379 445
1159 1164
404 689
1039 1215
966 1060
421 1827
473 961
71 1196
453 834
77 1419
378 1831
1138 1888
1078 1476
35 914
1030 1146
344 1297
727 1687
58 1065
444 488
689 1796
670 1534
1153 1883
779 1762
630 1303
637 1471
143 1199
1014 1083
420 1662
1558 1779
170 1186
21 991
573 1019
119 1624
475 1847
96 1261
98 1025
1267 1780
1032 1263
1267 1500
779 1848
4 1862
439 456
1511 1681
469 1729
1402 1752
3 772
862 1514
875 1473
1610 1740
456 1318
85 1160
283 542
565 568
368 880
345 1811
5 700
837 871
682 1490
1342 1432
31 1371
701 1655
211 412
1035 1101
651 711
1486 1811
57 374
971 1052
68 861
570 695
533 1587
421 570
665 913
175 1680
1455 1796
210 1211
135 876
1157 1474
1590 1755
615 1196
56 318
551 1491
750 1495
103 650
238 239
1417 1689
740 1253
943 1626
921 957
504 945
868 1113
1575 1863
1086 1153
409 587
510 827
666 1213
319 1742
544 582
838 1387
723 747
707 1497
1668 1753
468 1007
537 1886
285 1285
1123 1574
262 1139
34 141
128 774
704 996
348 1854
423 1596
1413 1737
96 856
1024 1872
788 1166
1073 1475
45 1667
237 500
1046 1431
454 1179
1257 1276
1334 1612
1446 1608
94 1598
81 1787
483 773
826 1652
362 725
369 1532
1380 1446
902 1713
1159 1286
157 202
207 970
931 977
974 1882
149 771
1039 1675
1402 1739
1666 1669
1455 1761
1543 1589
313 421
126 1825
139 1694
251 513
553 690
496 816
487 860
28 78
180 1450
829 1785
54 784
603 1860
683 1047
71 647
407 1231
144 1520
152 554
289 1403
1240 1330
1036 1442
1280 1385
187 878
503 1048
592 1103
563 1578
673 1736
141 1748
846 1144
879 1290
644 1643
147 387
958 1591
1714 1747
173 390
300 438
805 1097
518 1667
1 533
241 314
532 902
979 1295
844 1613
846 1329
420 1430
381 443
517 985
22 891
1293 1626
146 259
710 1604
974 1444
370 1033
519 1410
536 894
38 1120
1522 1774
362 1466
1227 1585
