1199 1199
209 551
50 248
221 921
781 1197
933 1173
191 512
56 470
100 163
150 1130
335 336
675 760
187 797
82 158
595 690
382 920
311 617
374 1064
409 1016
436 835
4 702
526 1022
258 890
108 305
430 770
35 164
679 755
861 1024
648 716
28 318
59 864
197 554
638 914
706 939
156 558
996 1152
373 755
439 478
9 231
211 906
119 204
170 528
819 897
140 767
280 811
543 1045
567 640
1106 1109
168 813
109 1007
41 71
111 153
394 441
504 1011
561 778
513 612
151 1072
125 1002
355 772
878 975
319 853
352 1062
54 115
637 682
604 608
183 854
332 1069
87 1149
80 408
58 876
11 206
345 1151
534 960
482 678
270 625
85 288
214 332
731 1193
834 1160
299 1059
427 483
611 946
567 833
429 1131
657 867
264 847
689 1002
471 740
878 1108
886 1179
295 470
242 631
870 933
21 974
233 1061
418 519
442 457
40 397
676 983
909 1195
386 1153
260 325
343 1059
119 724
76 452
34 1117
117 486
459 896
146 340
37 391
463 1039
798 857
230 844
271 403
266 739
349 978
125 344
164 762
547 623
759 908
870 1132
276 569
55 224
493 643
767 809
185 1012
524 871
224 731
278 963
416 1127
785 865
845 997
556 681
515 706
235 641
636 763
161 809
249 813
718 899
6 1136
209 901
65 1194
278 1140
646 1126
330 719
857 913
384 661
5 621
347 956
284 1008
15 304
27 232
623 855
282 481
12 22
570 1050
62 498
889 986
81 1118
96 244
137 468
487 680
661 764
147 1003
61 910
350 353
566 593
571 994
377 671
808 1061
153 459
15 784
492 1119
77 1049
346 620
575 881
525 562
184 292
500 1028
277 337
545 630
1121 1131
564 703
304 1181
64 811
577 710
122 845
476 830
596 993
821 1029
296 424
166 639
90 540
648 1006
331 642
895 934
161 576
250 925
90 1019
411 1161
743 848
451 1196
998 1017
83 1178
727 947
340 482
544 893
508 840
612 1020
440 1085
560 1142
737 1015
120 791
29 568
507 655
477 957
276 295
354 389
126 1018
251 386
193 1135
154 686
127 631
539 955
95 930
723 877
846 1034
272 616
131 1090
371 1010
674 1114
99 344
8 237
231 1069
570 926
216 290
606 1182
549 607
308 1006
93 367
338 1146
46 987
718 785
78 356
160 912
138 929
334 393
41 524
77 784
376 879
98 1122
420 475
436 532
875 1147
1066 1190
496 738
874 1031
553 683
72 625
264 1001
20 682
678 728
46 903
249 1183
162 558
291 939
106 895
171 868
241 1025
394 529
686 990
410 501
695 732
253 875
74 976
265 730
317 380
649 727
425 1124
449 835
266 1102
201 339
42 246
723 1139
673 1150
136 849
902 1055
485 582
167 624
629 1051
361 614
490 746
320 1134
869 1134
31 129
658 1093
920 1188
18 464
947 1035
211 931
909 981
531 892
455 592
627 1081
364 483
409 502
267 700
212 763
548 884
245 501
26 1070
6 259
309 602
513 945
705 758
431 801
10 928
294 602
589 915
68 137
546 665
279 471
576 653
516 907
674 843
186 770
792 847
480 1171
141 456
118 218
363 1180
728 807
579 707
30 879
233 772
204 687
423 599
815 1101
189 1111
1105 1197
136 561
116 854
1082 1179
116 689
212 358
871 1193
721 810
585 825
63 1023
885 966
107 1177
618 1052
69 1146
149 479
321 525
79 148
323 518
610 991
737 1092
18 203
181 1147
179 542
563 594
628 1083
236 968
399 848
182 402
139 399
19 91
19 725
97 301
478 522
826 971
783 1040
2 583
532 753
486 1021
320 1081
805 1115
43 521
866 1034
51 959
245 711
313 864
356 859
988 1086
537 1076
676 1118
462 968
54 788
23 818
1032 1161
217 1068
37 312
388 418
307 509
818 937
838 951
653 681
965 1154
171 1098
711 751
24 611
635 1024
235 1125
30 1141
14 1083
341 404
590 825
450 1162
600 917
348 498
52 1019
23 900
182 1084
135 1168
279 836
444 1079
159 614
687 702
517 1139
906 1017
313 959
176 283
325 588
863 1013
457 948
16 925
133 812
605 842
172 363
993 1169
49 189
190 455
317 1060
639 883
225 862
985 1107
474 1041
392 1117
554 1128
152 887
381 1163
392 1043
801 918
243 1077
349 385
1026 1033
298 634
229 725
92 1137
691 693
1080 1151
564 1154
300 434
1093 1095
806 1103
698 742
1064 1094
85 1176
499 1120
551 1000
275 491
800 817
364 688
28 515
187 659
35 477
761 1020
443 749
372 932
496 880
262 838
122 357
57 473
735 954
518 698
645 824
1039 1184
262 505
226 1175
508 794
433 863
437 616
765 798
499 704
443 1051
603 1065
45 756
377 820
650 1047
284 1163
383 422
766 839
280 641
84 581
487 1040
822 1164
543 635
44 520
144 802
375 484
155 438
145 680
39 1084
370 371
97 888
25 757
372 656
333 1046
380 402
98 902
213 1047
84 967
1078 1171
252 662
101 746
3 94
442 1070
590 790
9 198
236 898
491 850
360 1120
145 990
395 449
383 999
882 942
953 981
749 916
254 769
750 951
220 1038
11 950
877 1043
379 396
287 931
55 180
660 1078
488 1087
375 428
102 216
575 1155
191 252
662 722
234 1132
437 598
196 275
86 343
300 644
484 869
948 1088
139 843
314 817
141 622
873 1125
605 1164
130 667
36 179
536 1196
669 891
463 707
87 133
799 1085
566 996
1172 1174
750 853
592 697
804 989
288 577
322 664
190 302
759 944
714 908
598 1159
302 573
362 597
462 924
342 757
268 366
237 307
159 527
73 405
840 1195
25 973
13 14
837 923
719 958
183 1031
50 961
425 852
178 796
186 1057
417 1138
1077 1106
793 974
407 881
800 897
786 885
202 891
664 1049
856 1129
506 1187
783 907
32 102
390 1148
460 544
401 782
74 745
393 994
839 927
552 695
29 1058
177 388
494 1009
643 961
540 1074
200 1135
282 327
253 692
395 1009
314 1067
27 766
7 530
422 1110
580 898
417 815
13 969
589 886
298 1199
432 903
741 872
412 1114
542 1107
213 274
1 1062
131 310
205 820
636 858
506 910
720 1143
5 773
323 472
701 726
269 747
413 965
995 1123
104 1015
65 1119
198 584
324 415
265 642
208 1145
1136 1169
174 328
657 1158
1013 1073
246 771
492 1144
32 493
495 683
109 1086
134 632
62 128
150 505
467 814
293 742
851 894
1000 1190
257 406
675 1141
927 1042
175 945
172 331
348 942
458 1098
80 254
142 710
33 516
327 568
238 621
467 890
199 263
690 696
387 1056
58 841
671 748
421 1074
239 799
112 652
242 243
522 816
207 808
16 419
978 1186
979 1089
68 1007
230 342
663 1113
22 935
291 667
539 816
547 860
285 398
679 794
779 950
776 778
142 251
121 1142
312 1099
308 354
272 609
414 569
775 841
415 448
421 918
199 987
44 365
71 400
165 410
218 359
107 917
374 640
10 67
426 466
215 299
47 195
550 713
197 250
362 967
207 419
355 1108
489 663
297 414
239 456
451 666
514 1053
379 651
169 303
585 1145
1 752
649 985
748 1157
556 1116
747 1075
123 867
1014 1099
115 833
941 988
445 929
480 855
315 932
281 545
326 868
135 587
47 271
51 1029
158 938
83 1185
270 334
163 666
629 1158
935 1023
519 1129
155 1104
460 1056
91 160
240 526
619 915
595 882
273 424
581 795
481 751
655 851
512 538
286 1128
341 365
330 999
973 1068
856 1104
157 946
672 1054
646 1037
495 1110
114 1102
469 593
286 333
138 647
73 510
169 735
936 1018
277 823
157 603
228 911
130 1191
39 729
113 982
453 701
36 533
208 1065
132 1103
241 810
70 716
474 954
970 1175
381 899
67 803
572 937
452 1162
376 1012
4 792
502 672
472 955
594 1021
1028 1088
123 200
361 685
574 1115
548 722
836 944
60 464
514 708
786 1016
357 874
151 610
461 1030
59 248
733 739
615 830
828 912
604 1121
744 775
244 378
346 1160
94 428
149 934
745 1082
724 1041
72 607
579 768
177 600
591 831
287 1080
787 1189
143 426
768 1165
112 517
1095 1170
688 893
553 1100
108 1183
391 1172
81 1090
66 729
261 373
184 367
132 992
382 1109
549 956
647 740
227 261
351 650
369 389
685 694
405 983
173 194
258 1073
578 591
223 584
511 776
106 1187
226 837
497 736
744 865
789 1137
114 880
175 797
193 949
75 601
565 1026
143 360
229 1055
194 905
144 509
188 613
335 709
511 726
247 503
368 887
627 844
210 1057
1005 1092
201 633
430 1192
804 873
92 166
152 433
378 1063
712 989
1053 1133
922 1152
148 222
608 652
281 782
446 1159
527 1003
962 982
124 807
301 743
324 328
316 761
922 926
105 1144
168 1071
384 431
626 1010
256 329
34 596
170 234
717 1032
396 1194
359 1167
26 118
832 966
654 824
274 720
167 914
165 615
1075 1111
476 1155
146 958
715 1126
644 1157
263 618
268 538
89 858
49 79
651 721
70 754
560 1173
99 296
626 884
862 980
450 872
550 555
758 940
1030 1096
557 637
654 1112
206 438
228 559
827 1071
129 997
448 633
38 1100
369 434
214 972
192 1184
345 861
260 1185
572 1072
303 788
1149 1181
398 849
3 52
105 822
580 1198
38 1124
110 225
738 1001
952 1067
366 787
717 779
69 1122
259 1097
103 403
630 1168
24 156
219 546
76 960
255 991
321 447
53 453
110 1038
507 1116
520 793
578 919
12 597
979 1004
619 780
454 485
938 1096
140 970
289 827
823 1004
120 1189
734 992
33 712
61 587
202 446
89 936
267 1091
534 762
670 977
117 473
289 441
730 943
162 699
339 998
892 1166
64 791
196 221
1005 1182
1027 1048
658 781
322 953
404 842
311 790
147 1060
7 850
319 435
670 923
400 521
814 1191
535 802
412 479
860 1105
715 984
350 497
338 429
283 916
57 310
606 866
774 806
708 765
490 1127
353 969
632 659
489 805
1177 1186
45 88
703 964
408 684
100 466
773 896
821 949
645 1052
573 919
337 753
48 826
188 552
447 756
111 500
529 557
461 1097
306 1054
176 588
986 1192
205 930
318 1042
694 928
796 924
904 1087
1165 1167
771 1033
468 819
63 290
255 1014
121 962
42 523
174 1091
93 439
126 562
134 220
269 940
103 329
692 976
309 673
48 1044
533 693
154 832
351 411
185 370
222 1025
66 780
316 1174
406 913
769 1143
17 240
292 488
709 963
124 656
113 397
445 1027
257 734
88 195
859 1166
571 741
407 700
559 1170
829 943
732 1188
21 31
82 760
181 1008
555 582
952 1156
285 510
941 995
475 677
536 752
127 1079
20 1178
427 454
964 1123
957 1113
699 977
1112 1153
420 803
56 247
53 795
358 599
326 1150
846 876
101 1037
764 1180
173 413
178 297
315 423
256 1148
541 638
528 537
574 665
834 883
530 888
215 714
677 900
390 660
180 975
634 829
232 586
565 1011
713 1156
601 684
911 1046
95 774
86 613
440 624
78 1076
385 1133
852 901
17 921
223 984
40 1044
104 831
1022 1035
192 217
238 444
583 705
347 905
754 812
435 789
368 691
293 535
336 628
736 777
541 1089
60 128
219 1198
1101 1176
563 1094
894 1048
2 1036
294 416
503 1066
432 1199
469 697
273 733
96 352
669 904
203 620
305 971
617 1050
494 586
465 622
43 458
523 1058
465 980
306 668
401 609
777 1063
1138 1140
75 531
8 696
387 889
1045 1130
828 1036
227 504
668 972
210 704
