1834 1970
510 1085
329 1732
348 535
417 1573
936 1111
668 1591
235 1702
60 1179
1334 1354
167 1122
128 1518
349 958
390 807
473 1370
461 1131
75 380
922 1433
288 419
265 847
358 803
319 412
1439 1527
348 458
1015 1539
1553 1799
256 1055
269 1304
585 1791
240 1315
325 1645
120 676
518 804
364 663
1584 1613
655 1001
1370 1555
862 1520
23 582
249 774
1007 1803
1040 1657
155 939
1037 1436
725 1808
1076 1445
282 577
337 1104
1346 1788
1527 1576
989 1410
1117 1331
1462 1564
1177 1828
392 1037
494 985
902 1292
415 1718
102 269
78 1639
776 1375
476 1088
44 1422
136 1105
1249 1587
126 1753
80 1001
124 132
1294 1383
1534 1770
69 1638
173 1370
339 767
1054 1254
209 1633
657 1431
482 1071
67 1518
1205 1575
1508 1584
167 1388
67 801
509 944
715 1200
587 1656
1014 1496
926 1557
115 395
171 432
1635 1698
727 1380
1339 1687
362 887
317 924
486 1632
738 1031
65 229
940 1229
26 1340
12 796
442 773
811 1667
1055 1448
198 387
1525 1698
751 1174
1547 1570
907 928
1665 1817
371 1035
729 916
254 820
524 1520
19 837
618 1834
680 789
1645 1780
536 1325
1133 1283
951 1067
613 1797
1005 1061
55 182
575 1166
1098 1659
1283 1529
327 856
640 1669
674 1623
383 721
360 1007
463 665
877 909
108 801
1030 1455
110 1481
783 1567
36 706
1019 1700
495 1583
1723 1797
148 184
933 1108
1086 1097
822 1588
20 1366
278 628
277 853
463 1400
1432 1436
510 1596
945 1608
905 1824
880 1822
620 946
158 1381
1191 1472
52 949
949 1397
107 1568
25 734
1573 1627
708 1424
218 809
1136 1291
712 903
940 1288
450 1498
460 1282
130 975
143 1759
172 1708
147 1452
433 962
1206 1774
598 1460
1350 1772
81 643
346 738
47 220
1001 1538
2 10
565 1783
137 1087
937 1646
238 1630
1269 1396
503 1178
623 1541
111 1191
883 1681
99 158
372 652
345 1752
41 722
778 850
1701 1734
537 649
388 603
829 1794
141 1355
1604 1625
1039 1789
491 1810
428 442
1290 1764
509 688
49 1689
181 1720
368 570
736 1215
601 867
835 1364
628 751
901 1136
59 1417
1450 1618
960 1728
1225 1337
376 377
484 1157
1022 1349
965 1465
1131 1464
110 1592
644 1766
248 1493
705 789
1012 1725
95 1831
131 429
211 1185
30 627
732 1384
720 1671
244 1220
97 496
369 1679
1315 1606
594 1018
83 744
517 1598
374 881
641 1666
983 1054
1223 1772
54 1666
1316 1743
237 1382
857 1483
208 563
910 1712
1437 1578
302 678
92 1659
530 832
231 454
1695 1767
86 1362
1514 1787
90 986
271 1489
736 932
212 266
508 639
536 1016
451 1726
255 812
223 1809
77 605
1560 1600
1027 1336
596 1045
504 1253
1285 1642
590 1372
765 1645
622 858
226 435
260 1831
401 1412
869 1674
935 1383
109 1605
365 463
391 395
1685 1815
780 1771
176 1242
104 1806
907 1642
416 1715
782 1425
956 1506
45 1546
1310 1380
1303 1628
238 1100
902 1091
824 1584
943 968
59 1480
1464 1760
252 436
1202 1664
263 878
1016 1109
509 788
683 1060
480 1401
189 525
1197 1672
51 1487
687 1632
559 1722
1597 1757
750 1386
93 1753
675 1289
52 1234
743 1569
329 1707
297 420
1636 1775
522 1390
709 795
148 1348
945 1305
241 1344
872 1276
205 408
197 430
154 1608
1313 1328
215 1358
781 799
1062 1595
753 1448
307 1765
399 1754
739 1713
326 1516
1518 1812
224 1254
771 1168
1152 1396
1081 1419
1224 1545
357 1232
844 1333
218 635
295 1189
1648 1711
182 556
1108 1729
34 1080
1099 1834
676 1391
377 873
397 914
757 1461
646 1202
110 1329
1393 1798
76 1585
581 1578
79 630
1101 1370
253 853
61 771
154 1201
257 1218
199 902
1579 1707
35 93
468 1408
436 866
432 557
201 1050
1063 1724
780 1735
816 1683
531 1561
298 651
47 1621
289 1612
177 1191
230 1122
1784 1794
1103 1715
1163 1625
440 1545
300 1609
875 1705
833 1074
395 1435
284 1159
806 1756
569 787
1194 1446
882 1503
122 1479
808 870
654 1123
371 1135
990 1801
813 1785
204 1721
695 915
515 763
1080 1725
222 282
707 1833
1200 1717
1336 1736
789 1355
336 571
596 1195
1066 1092
563 1155
859 1603
107 1788
431 868
459 718
202 309
192 410
188 949
667 709
776 1267
1228 1413
597 1551
1194 1455
839 1815
384 1279
689 716
1324 1659
662 696
200 1162
465 1592
216 308
891 1721
1443 1699
192 1554
118 1154
1376 1825
518 1775
1028 1385
291 1652
425 971
991 1147
472 1789
1265 1647
686 1284
485 896
629 978
398 585
805 1292
221 1156
479 978
295 1036
957 1768
599 1257
1495 1770
1094 1662
279 526
219 1495
135 1501
885 1259
17 1412
114 652
414 1767
1039 1687
417 1391
505 855
1438 1694
586 973
119 984
1184 1386
471 1414
506 589
904 1513
1326 1724
89 1330
558 923
714 854
911 1719
871 1122
308 1152
154 702
1365 1415
808 1572
761 1456
980 1137
464 1650
33 900
1048 1252
1217 1827
40 399
1008 1826
336 1303
647 1305
13 1025
518 1744
438 1473
999 1522
1567 1738
1045 1659
941 1761
881 1393
1403 1747
534 1134
817 929
1064 1513
855 932
240 793
621 849
1361 1639
55 296
848 1325
494 1146
1394 1441
138 717
300 1559
1156 1434
409 1683
313 1133
156 1264
967 1469
104 1099
705 1070
981 1046
187 1227
51 127
1345 1680
593 865
165 867
271 1823
1257 1262
950 1341
900 1102
477 921
246 550
759 1785
459 1605
178 908
172 1583
389 1175
1430 1508
464 619
763 1121
1352 1638
933 1212
225 1221
1703 1806
627 939
1058 1427
539 1566
726 1225
383 872
334 1322
1206 1347
395 1500
1059 1504
670 1382
122 1690
306 589
884 1245
175 1456
103 972
850 1062
1429 1581
338 1611
180 634
1501 1779
588 889
1213 1631
1488 1691
1006 1784
877 1286
239 747
578 1593
305 1113
552 822
636 1402
681 1198
890 1061
1406 1748
1112 1570
416 1257
1539 1622
94 322
340 1138
527 834
317 374
851 1007
406 1369
854 1812
140 1700
823 972
501 757
1165 1599
748 1683
164 737
1124 1141
1272 1546
815 1409
984 1262
1204 1732
760 1468
57 123
847 861
292 1191
977 1668
829 1216
232 983
333 1044
342 380
1379 1532
8 931
984 1449
743 927
217 1253
301 1333
14 1198
697 1214
1760 1773
665 683
293 1044
802 1675
264 710
693 1022
826 844
814 1235
352 1196
1115 1454
1147 1190
546 1342
512 1189
455 1670
543 961
139 934
191 410
1363 1768
625 1620
25 460
344 1063
239 1499
840 1440
1002 1551
386 1594
426 1499
421 1069
170 1643
1270 1547
1558 1606
749 1307
813 1493
1049 1233
1069 1244
927 1222
906 1531
178 882
50 1807
505 1364
86 394
567 1635
373 1036
56 1820
411 1359
201 976
480 543
722 1265
703 1247
252 1406
280 1313
16 530
448 606
595 1390
785 1706
942 1363
1295 1619
1521 1712
418 1474
549 1709
610 845
302 865
1421 1677
315 1166
961 1598
1221 1549
157 243
1114 1300
131 794
43 992
154 1115
1028 1047
403 1429
407 898
212 649
964 1081
64 1079
98 1351
351 1695
4 1758
1823 1830
500 1410
281 1030
9 382
648 1419
323 836
1029 1752
77 648
542 1491
1101 1482
839 1530
1255 1543
279 299
1293 1656
247 423
107 487
712 1706
131 1064
1060 1607
1664 1750
1052 1457
1004 1546
862 888
28 62
671 814
105 690
457 1312
663 1769
588 1647
1173 1274
171 1417
1525 1804
1132 1276
1024 1257
788 1211
1002 1127
528 697
46 1487
375 1751
747 1321
647 1734
768 787
1299 1478
1011 1818
261 685
1417 1612
78 289
490 790
364 1398
635 885
1140 1474
384 1621
579 980
285 797
504 604
698 1079
1180 1385
288 687
85 1273
1094 1459
207 386
434 1470
94 1326
1623 1766
823 879
1452 1816
56 258
616 952
360 549
54 859
1331 1830
1678 1777
145 538
150 223
125 759
554 1389
152 1585
390 1502
1422 1584
605 1821
125 1739
260 769
58 1817
445 1732
3 303
235 792
818 848
236 1168
369 1201
502 741
206 1099
1001 1462
436 701
611 1199
863 1765
1572 1610
1548 1782
312 1105
262 802
68 1734
1378 1720
378 1070
332 1259
1245 1494
446 1684
321 1351
84 355
350 569
896 938
990 1649
1357 1517
82 1582
497 1626
1090 1548
746 1780
456 1511
81 1624
243 615
1148 1670
1169 1328
995 1587
368 1164
631 1663
39 180
476 1704
121 911
1183 1675
427 1418
392 714
534 837
486 520
1486 1735
894 1095
550 821
145 797
354 463
867 963
722 1354
1090 1122
774 981
470 1736
110 294
350 689
328 1515
34 66
1058 1786
566 1822
259 1042
912 1495
1327 1693
889 1543
493 559
412 488
208 1299
383 953
268 766
370 404
151 1631
564 1613
1056 1565
503 739
62 1805
398 1673
1241 1746
540 1081
555 1395
805 1745
947 1390
311 1026
1017 1718
228 1791
1323 1785
1027 1484
595 1010
1174 1182
1533 1672
231 930
202 1161
772 1117
136 1644
139 1318
109 593
290 388
934 1034
301 475
127 1155
72 292
37 1188
786 900
581 1813
1566 1792
352 1219
1392 1674
305 1297
1140 1170
203 313
43 1020
1519 1804
453 969
666 1696
919 1210
1057 1711
513 547
554 1616
66 237
942 1609
659 1362
502 1629
742 1506
735 1145
517 1048
112 304
63 935
37 799
21 1729
146 513
429 1180
5 775
756 1750
328 1701
895 1171
14 509
631 892
1387 1657
24 275
1505 1778
592 1346
756 1192
385 1590
695 1776
577 1691
498 1471
154 1595
258 607
1193 1777
102 1094
823 1230
20 753
994 1360
1496 1549
318 1696
49 479
1295 1800
97 1431
489 498
632 1484
434 700
76 501
1093 1293
169 1393
253 656
1405 1637
439 1122
121 508
1160 1581
1629 1761
210 284
758 1600
462 1649
130 1316
898 948
1129 1759
53 769
241 1500
523 882
641 1524
15 1287
235 592
246 291
187 1763
420 1035
72 213
259 389
632 653
918 1475
660 749
1284 1542
606 1483
468 1747
707 1682
626 809
1308 1467
211 1528
974 1216
314 1057
542 1781
161 675
1260 1737
1172 1633
1289 1471
230 1807
1518 1800
879 947
375 1082
497 888
789 1275
584 867
227 1395
353 894
1317 1401
1347 1427
226 1676
676 1015
626 1661
186 964
1157 1727
1081 1183
742 1515
1042 1226
213 1256
1521 1641
1211 1543
909 1239
379 574
989 1269
88 255
1370 1572
1490 1704
144 1186
100 1076
954 1414
379 1204
1110 1380
1235 1400
1059 1121
672 1338
293 600
786 925
525 1654
1477 1516
249 632
400 1428
453 1193
101 1402
735 1459
116 1375
335 1670
1018 1737
1458 1654
411 830
682 711
28 1335
485 1377
1320 1693
720 1562
817 1256
957 1073
698 1417
1763 1782
937 1368
383 1209
92 567
372 1674
1066 1802
232 743
1031 1557
661 1457
560 1187
404 820
546 1073
1367 1645
31 1426
4 199
310 571
46 1513
297 308
152 791
696 920
216 997
384 783
917 1176
655 1288
826 1167
261 383
810 1650
640 1495
838 918
159 551
466 1231
50 858
699 1601
478 1615
1068 1404
257 1263
119 1779
1 580
1624 1731
959 1033
722 1056
326 965
22 1071
526 1716
690 1356
1224 1411
1494 1623
818 1686
1195 1668
1418 1688
11 772
129 1219
394 672
361 834
1023 1820
320 752
532 1563
976 1261
613 764
324 1483
283 1210
1094 1286
481 1169
637 727
1113 1755
931 1160
301 1320
561 1819
405 778
221 975
1502 1513
49 1237
740 880
1569 1660
703 807
562 969
166 441
488 991
357 1114
34 1343
22 633
1296 1811
28 64
330 1651
89 929
69 299
124 447
403 1749
533 1139
1255 1306
79 1298
31 1451
214 591
630 798
1554 1579
777 1151
173 1716
1065 1522
1451 1733
905 1267
310 1660
29 1118
668 967
305 454
506 860
1138 1728
1251 1433
718 1438
1439 1646
803 996
611 1537
579 1388
1094 1512
1172 1428
185 733
132 1323
599 1149
300 1240
87 1169
227 538
233 1555
427 632
2 1109
103 1628
105 572
133 755
34 1558
1010 1314
568 1243
170 1107
522 1277
7 614
962 1683
1503 1705
773 1274
1084 1268
1488 1737
343 1234
220 1620
270 1322
1213 1417
558 582
242 612
1359 1477
203 871
225 670
391 951
1278 1790
1120 1307
114 1084
76 474
481 713
465 1304
1162 1738
828 1825
1096 1236
10 1372
1531 1728
912 1826
211 1586
762 1618
270 1248
583 1309
195 1673
444 1799
183 624
53 1713
209 1523
521 1067
248 1510
1425 1517
737 824
1024 1745
1374 1492
472 1036
184 396
903 1019
29 1441
1218 1641
781 1643
694 1271
955 1086
1208 1226
151 1405
57 467
370 1728
568 1318
499 762
1075 1394
27 1564
798 1142
986 1432
433 1817
1068 1678
425 671
1089 1118
1278 1340
547 1809
1263 1688
1750 1771
1005 1397
1495 1733
34 731
97 489
294 1723
924 1407
163 1087
678 827
856 1096
564 615
83 1332
268 1302
469 691
1373 1679
863 1179
1393 1757
431 1600
311 1276
1449 1544
963 1043
819 1300
1119 1342
800 1139
161 1423
273 1828
242 921
1207 1273
673 910
633 1645
174 900
57 664
846 1051
179 222
12 211
1088 1456
772 928
1134 1683
343 597
61 1636
926 995
1509 1810
475 733
97 992
1469 1634
405 1667
1130 1684
470 1052
356 823
347 1365
690 1767
160 318
936 1420
556 886
134 1456
901 1509
456 1637
347 1556
99 1831
1317 1670
424 852
1007 1478
1321 1614
560 1390
816 1182
57 893
946 1574
573 1510
609 1540
428 572
849 1559
576 1004
128 141
891 1167
38 435
1311 1709
251 408
531 1513
828 1524
133 1562
100 617
776 987
286 1144
1046 1368
1294 1825
836 1206
874 1744
306 1550
402 833
920 1041
1011 1755
1077 1526
1017 1792
346 1306
947 1184
726 1072
117 565
144 954
443 1153
610 1686
30 1399
492 870
276 305
452 1282
245 1356
166 624
766 984
873 1661
9 1572
300 1246
153 1240
48 387
1100 1241
704 1251
71 1007
499 1033
1014 1831
669 1169
723 1158
1472 1497
168 717
287 1163
266 1610
234 784
41 1774
974 1577
32 1574
1044 1360
1077 1143
1176 1482
90 384
533 1619
618 832
1486 1511
445 1036
63 367
323 1519
44 524
741 768
281 378
1212 1222
169 878
308 779
511 657
701 1689
1544 1778
482 1690
39 622
165 1787
395 413
280 385
988 1577
544 910
943 1652
262 1129
267 1817
1044 1424
993 1767
468 1301
419 1277
338 1239
116 637
358 761
843 1107
6 917
529 1324
784 1681
409 1708
256 1653
1137 1310
890 1268
674 1330
984 1463
149 876
1275 1582
483 1599
818 1236
539 1630
869 1571
775 1332
1000 1607
684 1264
609 1050
362 447
250 1343
954 1357
1083 1480
438 1146
541 1171
327 365
108 1120
897 1497
263 1821
895 916
755 954
250 1178
274 553
1392 1731
948 1376
842 1187
1306 1746
519 1446
138 906
88 876
162 981
422 791
841 1640
449 713
339 1390
129 669
840 1416
426 1185
204 868
330 734
68 1341
177 724
518 838
254 1032
594 1411
265 1466
979 1470
623 1097
548 608
274 309
519 1213
36 142
142 1658
145 676
1110 1696
1243 1762
1529 1697
1209 1742
745 1776
112 1003
484 1301
1104 1413
1190 1743
1384 1483
810 1374
1075 1281
682 1541
576 1540
953 1719
852 1403
1542 1586
580 684
716 760
87 1207
490 1192
825 1296
140 1277
956 1181
987 1197
973 997
316 619
913 1505
1119 1734
418 1177
219 1248
1020 1161
174 578
247 1128
779 1338
512 1494
26 1631
74 1000
607 1149
608 1504
638 758
218 772
95 315
1142 1367
74 1680
97 1827
1458 1498
842 1677
320 1130
787 1454
316 892
645 1164
324 1358
545 1798
643 1685
1381 1526
8 969
728 1051
283 397
1103 1203
76 401
73 351
361 982
449 491
198 1671
740 899
48 666
492 1260
1575 1696
600 614
123 634
23 1662
207 210
211 851
1244 1734
344 1743
1287 1706
76 658
244 1250
642 1730
821 1205
977 1786
544 1692
591 897
1302 1832
1175 1516
60 1220
1266 1556
96 1697
528 732
584 1345
91 1399
507 818
312 1041
27 639
478 601
19 958
893 944
11 1258
1125 1739
915 1540
1102 1795
1308 1411
277 1032
135 1717
363 1589
1038 1337
746 1640
1242 1380
1145 1740
183 337
193 1714
334 900
228 1622
45 166
195 722
319 341
275 1648
677 1802
176 1348
1537 1742
985 1674
679 1029
664 1229
194 452
1186 1829
384 483
493 619
18 754
1309 1793
461 583
156 455
190 795
155 1369
101 724
24 930
331 1230
430 866
982 1233
146 690
555 1025
745 1590
333 1353
535 653
1085 1702
914 1271
875 1082
949 1801
1238 1489
1291 1540
1352 1512
730 1408
679 1214
335 777
803 1793
516 1306
157 1758
1158 1795
35 874
587 692
1023 1467
660 1319
803 1604
1380 1466
397 955
16 1532
883 1350
700 919
1012 1143
80 1208
529 1813
790 1447
376 602
321 1026
1297 1485
673 959
970 1627
1580 1805
106 864
84 229
17 400
236 1748
85 1261
314 1732
106 776
998 1327
514 1706
134 1290
616 621
1379 1534
1475 1676
7 620
353 457
566 1246
206 446
823 1250
450 925
691 969
300 815
887 1803
598 688
923 1714
574 719
845 1003
699 1833
496 1550
70 1602
1373 1421
496 979
966 1767
1047 1125
96 467
381 731
642 646
704 1533
345 690
843 996
1217 1479
91 356
217 1463
617 1353
1127 1571
424 812
884 1596
58 296
1135 1727
307 1116
1593 1822
831 910
540 662
680 715
468 728
137 1764
1507 1655
691 1453
359 1468
516 1089
772 1644
603 1227
658 1535
200 1213
224 1535
406 743
245 1159
15 693
575 793
796 1602
473 806
1123 1442
711 825
1132 1699
6 1740
952 1536
545 602
1584 1674
1611 1756
841 1371
163 1021
477 1601
82 1447
954 968
1476 1634
947 1523
413 1589
149 308
1111 1783
694 1228
904 1140
285 515
186 1238
332 1407
590 1086
166 487
692 994
770 1722
393 1528
1081 1616
551 1036
511 1298
440 1453
1442 1696
1279 1319
988 1001
325 553
767 811
181 367
857 1093
1126 1543
194 469
381 1443
776 1252
922 1741
860 1492
168 1754
287 764
993 1049
1366 1597
719 1280
1086 1514
218 1553
750 1491
415 1281
196 1009
1461 1781
205 1091
1203 1814
38 1617
800 1165
218 1653
562 1626
98 830
71 468
950 1536
162 650
970 1098
752 1008
654 677
264 1751
175 1796
272 913
514 1819
1280 1818
1078 1617
1670 1741
113 373
500 846
644 1231
18 1196
803 1106
698 1663
1465 1831
1561 1710
110 1188
471 1092
214 1580
126 197
661 831
1703 1706
396 681
474 1389
303 999
743 1116
902 1651
804 1053
439 685
949 1530
1440 1538
604 1444
827 941
1169 1387
1013 1423
960 1814
1270 1393
414 702
298 444
153 1181
1 1824
1329 1773
561 1266
1476 1481
765 1013
443 754
273 423
523 1128
422 1272
656 1737
113 819
160 190
70 1335
322 910
792 1560
645 1124
520 899
32 966
625 1769
437 650
1430 1762
552 573
436 1078
710 1170
251 729
981 1665
57 290
770 1074
40 1312
1215 1435
179 1095
366 1594
527 708
557 1444
120 1141
1199 1416
507 1811
150 215
864 1377
42 1726
421 1655
359 397
185 1411
13 1603
278 1344
42 1437
678 1038
21 331
164 1404
349 363
196 402
304 441
189 785
366 1483
969 1034
286 1450
938 1151
65 1623
448 1173
115 1053
971 1615
725 1576
451 1206
570 1565
495 521
638 676
1099 1223
748 835
49 341
111 1658
1398 1518
340 1796
998 1334
188 1749
234 1669
382 1021
3 509
861 1065
537 1490
1730 1790
1153 1540
1247 1311
651 1112
723 1349
794 1588
1249 1552
1409 1563
1126 1378
193 233
117 354
393 1232
947 1285
33 1415
548 1666
686 1339
1040 1072
1743 1808
276 908
541 691
577 612
586 1710
342 1692
1150 1591
75 458
1009 1550
532 1507
191 1485
1154 1568
629 886
576 1694
1552 1718
1044 1237
267 1314
159 1614
399 1682
462 1473
1718 1816
1361 1832
744 1426
632 1144
1106 1150
272 1083
782 1825
437 1434
118 1371
355 706
73 1445
5 1099
1148 1460
466 636
147 407
143 1258
659 730
1043 1420
721 1006
667 1829
