1280 1292
204 586
641 1207
157 820
301 448
120 952
39 290
98 986
945 1100
331 1191
1078 1230
542 1143
193 800
352 928
22 75
462 601
373 514
138 449
630 1238
873 879
115 377
85 821
485 712
865 930
222 666
991 1034
760 978
181 287
605 1173
528 1142
200 1092
522 588
818 1253
611 1261
260 987
344 1241
1016 1205
68 771
107 690
691 795
483 610
719 720
1123 1226
363 414
240 1234
465 1160
318 484
201 535
882 1093
777 1033
414 498
498 1008
821 860
335 799
530 1113
187 694
131 887
259 622
571 1071
850 892
773 887
244 262
497 603
58 602
475 949
254 278
237 593
652 999
21 760
180 377
696 1009
581 920
576 916
830 1042
553 1213
405 1247
215 293
338 351
221 363
595 829
402 421
152 683
1149 1245
303 366
779 992
274 1100
516 603
143 871
557 964
544 1180
145 620
232 464
1038 1268
159 511
188 288
317 617
999 1038
130 439
43 493
579 756
612 1019
76 1042
132 446
1139 1256
671 1132
155 779
524 1081
531 1109
135 1065
118 148
556 868
188 476
1009 1153
274 323
471 765
184 843
405 913
544 616
422 492
347 424
384 546
1082 1276
18 655
380 826
309 320
688 925
1031 1192
105 1229
51 888
108 1131
346 1274
661 733
111 410
721 1197
205 1045
88 1251
3 241
957 1014
47 220
811 1248
455 730
445 509
631 1215
286 1060
463 698
183 305
698 912
726 759
498 950
9 876
231 843
529 903
140 757
292 483
578 1171
476 1152
294 863
178 253
267 1257
86 283
539 681
399 646
399 790
177 948
305 364
371 699
797 1144
145 705
109 716
120 1217
149 453
667 804
243 1056
307 561
807 902
553 974
158 1249
456 967
42 457
176 909
631 1085
490 1255
645 744
1189 1246
392 634
1027 1107
787 901
1040 1127
387 1053
644 1062
713 1150
467 801
500 653
97 150
264 761
234 468
206 605
201 1120
739 848
456 1118
358 464
163 894
179 394
192 1124
1043 1084
314 790
15 1265
356 1179
828 1166
794 1041
595 1069
139 502
203 860
113 630
156 815
151 153
709 1064
69 1077
534 803
474 1254
936 1070
1089 1164
1125 1270
543 751
958 1201
361 864
29 507
516 1057
104 614
143 1216
50 1066
159 663
803 817
186 743
910 932
780 1102
26 1215
58 885
90 1145
609 655
651 814
791 1187
355 786
43 1183
625 1188
752 1266
226 243
556 606
75 972
301 1021
78 906
832 1025
89 532
1088 1126
2 1277
633 861
839 941
260 452
723 1095
494 789
215 225
1059 1110
5 992
4 346
501 540
54 136
640 1020
379 652
904 1108
324 563
72 951
191 256
660 930
167 597
239 977
8 67
34 870
678 1179
230 1228
391 566
220 711
985 1251
233 506
665 1229
570 1214
179 772
1005 1213
119 870
599 820
489 818
302 867
480 1012
809 1273
661 1047
601 1221
36 1222
504 877
163 447
70 1096
288 1080
37 258
575 938
337 1174
604 682
409 796
857 859
868 1112
510 580
560 1111
60 989
231 996
850 1235
333 844
386 1236
165 1261
62 527
365 1028
339 525
194 981
156 332
330 1064
57 287
45 313
185 1048
923 961
987 1022
944 970
9 413
988 1076
325 1161
165 679
577 613
389 742
461 881
897 1218
472 709
337 837
1249 1252
386 675
67 500
110 697
397 1075
27 368
217 1242
308 942
636 774
584 1114
349 811
153 623
203 1258
198 342
437 918
213 926
27 1112
436 1094
879 945
4 491
871 1101
62 427
768 1115
28 621
911 1257
172 376
296 793
161 1165
66 1119
14 365
72 1263
501 1026
524 842
493 1201
469 1105
857 920
699 994
19 1252
122 899
387 1232
589 994
111 261
635 878
211 798
393 782
227 1146
107 522
374 527
402 993
49 379
550 597
641 858
149 1061
210 776
566 953
112 807
36 921
253 668
13 196
280 1256
429 991
694 891
383 520
880 1010
2 936
549 728
18 1200
113 462
248 709
403 1169
282 1153
369 710
147 1158
846 1067
704 914
615 1050
747 856
66 525
223 284
459 1135
354 971
625 899
93 1128
30 469
83 298
146 1214
517 997
16 1096
882 1254
494 1243
35 872
166 478
745 1067
86 632
1052 1116
714 1168
1048 1181
702 898
328 833
92 164
781 1012
266 949
600 927
292 1106
746 1029
595 689
467 1022
765 1135
1157 1167
197 447
71 1091
797 1194
764 1072
38 873
521 1023
31 727
85 718
792 1155
812 1188
57 1195
68 518
101 976
783 1130
929 1206
227 926
229 685
968 1212
771 1140
97 376
313 1103
168 737
557 886
654 947
401 1253
482 1258
348 523
90 1122
481 1028
417 990
162 841
1029 1203
173 1097
122 221
796 865
174 1184
213 489
48 628
404 1138
362 721
554 959
25 890
1083 1242
598 1192
552 726
299 749
124 650
102 1085
119 1123
1084 1198
63 869
381 731
559 1271
359 706
582 1163
114 880
508 805
808 884
1075 1161
624 1275
390 731
667 800
656 867
533 686
588 838
64 318
326 677
397 406
775 1129
252 565
241 1199
175 933
134 418
969 1128
674 700
407 869
237 806
528 1141
798 1104
411 1260
160 1208
959 963
573 1031
141 976
364 449
60 173
104 1063
1003 1166
496 1000
117 956
236 1190
132 707
128 1034
628 676
935 1131
1 1206
158 1192
353 841
184 487
973 1271
181 578
717 794
293 738
29 1081
709 978
982 986
109 658
643 1113
772 1087
22 47
256 593
170 1171
657 1208
381 607
150 913
733 805
418 585
339 914
636 1133
257 264
51 204
849 1172
251 749
745 1007
1044 1259
427 739
960 989
289 853
263 776
194 373
689 1104
961 1190
752 1263
137 326
285 336
710 893
514 646
193 1058
290 394
904 1275
192 789
320 410
81 172
753 804
587 845
314 755
244 1234
876 1254
425 748
445 927
79 519
492 1240
211 758
859 1193
6 893
310 345
1054 1071
995 1198
298 714
199 327
555 569
267 1178
166 458
966 1149
279 355
1195 1278
538 1137
695 844
643 1039
433 521
271 928
664 1225
174 368
242 708
32 431
199 866
1156 1186
261 622
984 1003
948 1121
815 1036
537 1184
383 696
328 428
334 1033
612 1110
662 944
354 1277
254 1032
106 283
206 475
948 1278
777 810
25 70
430 1154
755 1151
16 1002
74 855
190 472
79 291
463 1080
567 675
902 1119
177 981
369 1220
24 793
157 917
591 724
272 307
1036 1279
342 465
1165 1197
289 526
486 826
126 931
189 886
505 1147
87 1191
169 1280
478 1061
161 1000
569 693
1045 1185
20 1174
1106 1223
246 627
419 895
934 1221
247 420
1011 1137
276 1210
217 550
738 773
316 409
31 1164
23 1237
453 757
982 1194
679 979
488 629
92 1159
171 235
229 571
407 836
420 1235
190 250
74 76
511 1173
536 734
817 884
444 1011
604 1013
627 889
1132 1205
426 919
295 561
209 732
1228 1239
89 922
348 802
140 827
1018 1127
147 770
257 434
474 1185
248 1125
816 1106
392 673
61 385
460 529
1099 1211
125 744
491 1216
762 828
579 651
343 1083
127 642
380 732
783 1170
88 615
712 729
170 1058
105 356
329 662
186 637
538 685
520 638
743 1200
425 470
374 762
77 901
611 1019
86 704
963 1224
919 983
509 754
352 697
424 1032
834 975
1050 1227
533 819
975 1280
657 988
378 962
263 1169
270 539
344 964
98 1267
251 1211
117 1073
618 1197
638 1082
861 1176
38 1117
666 935
281 421
90 448
210 1209
1124 1246
148 280
330 883
431 925
674 754
720 912
769 908
775 842
890 1148
840 1052
106 587
446 763
669 1017
520 1244
370 435
322 770
1160 1238
595 813
169 848
82 997
112 434
980 1108
202 1186
366 1144
11 701
126 300
573 1239
436 966
134 1001
1006 1232
321 1111
360 1223
592 1010
319 415
422 1026
670 750
214 552
650 801
56 972
345 1099
160 562
722 1090
451 1269
26 496
532 648
549 947
533 824
577 701
908 1044
384 505
133 1170
74 1237
218 584
285 551
183 439
95 1196
42 490
249 933
196 916
392 688
286 906
61 943
594 855
391 1199
99 567
412 1023
523 1115
388 778
323 361
245 1231
753 1140
48 432
15 1203
71 642
367 1151
499 1087
10 563
641 670
503 740
531 551
19 259
209 1049
340 1054
1006 1189
834 852
435 741
212 831
454 1201
659 980
624 965
502 851
155 542
610 658
25 504
65 372
684 1176
7 594
637 881
246 450
1118 1155
403 508
304 806
195 479
415 513
216 639
41 396
208 1057
336 1177
395 715
408 892
55 108
59 128
586 1105
311 952
671 830
59 1014
664 740
49 568
626 835
438 808
778 1233
151 487
883 1126
545 954
616 1051
676 1264
14 672
219 443
124 823
958 1078
236 477
139 312
911 1224
83 272
393 713
706 1021
444 842
44 690
575 907
214 1276
1015 1236
784 849
416 1168
995 1147
558 1013
65 596
86 1091
788 1183
200 419
100 116
596 937
878 1204
325 1030
517 923
619 668
299 957
423 747
341 965
87 620
583 599
564 609
212 905
766 1079
654 1163
482 1015
198 1002
468 635
417 702
842 1039
663 751
488 705
135 940
114 946
73 413
836 950
379 1060
359 495
138 829
598 996
94 684
303 1088
485 545
769 833
1024 1182
1241 1260
127 600
145 400
93 722
547 1177
235 341
932 1245
99 266
730 1220
554 1109
317 562
238 983
717 1265
570 747
294 846
146 452
458 629
129 840
191 708
17 856
115 719
774 1030
141 1230
100 1255
353 1065
998 1243
180 680
814 1098
12 1207
276 608
6 847
73 592
56 1210
1 116
389 396
375 761
1043 1114
572 917
343 1027
10 648
34 832
218 282
35 278
37 1134
46 187
245 839
864 943
548 580
64 1226
277 827
63 1212
5 795
252 1222
30 77
350 993
510 1120
507 971
741 1059
232 1049
428 1143
32 268
700 974
535 767
360 854
13 297
802 875
398 1142
441 634
641 677
17 835
423 614
33 1098
131 954
970 979
824 1055
872 1172
891 921
357 618
84 1158
53 1101
142 456
645 938
441 669
436 515
656 953
271 1074
385 437
207 845
896 905
703 1047
486 736
46 142
716 1116
222 548
1130 1136
649 673
395 430
499 606
450 1145
123 1247
426 823
433 602
1041 1062
466 998
784 1055
154 484
224 942
644 1187
451 686
1139 1274
560 626
473 1267
692 847
135 617
129 1076
176 331
81 526
12 718
350 672
822 1219
54 680
312 813
613 691
412 479
497 703
300 863
687 767
608 851
665 785
304 1209
442 660
1053 1141
503 1204
202 273
960 1051
171 862
265 362
275 748
167 572
639 929
695 1102
216 388
810 1066
541 1225
889 1073
647 782
308 565
470 1240
152 185
164 1007
1103 1167
270 763
1024 1095
909 1273
238 877
20 334
1092 1266
537 734
249 792
764 786
533 1175
1072 1162
440 946
136 1262
457 459
357 546
80 226
559 727
242 885
130 1233
310 693
69 682
96 443
649 1068
133 1157
372 838
33 862
295 1121
574 1272
284 898
262 440
265 316
225 1136
206 329
481 962
80 1070
118 279
175 725
392 1117
375 1268
189 787
11 900
370 750
302 358
52 332
197 574
788 837
406 681
125 429
506 619
224 555
102 1269
78 746
269 1255
924 948
347 1107
780 896
766 897
306 550
473 1018
900 915
208 1218
82 1181
1056 1196
101 724
95 955
338 454
91 632
25 28
291 924
442 874
228 1093
1001 1159
1074 1156
623 1250
411 1192
590 968
162 273
432 903
759 874
460 633
50 324
207 438
44 969
219 471
416 480
854 1086
24 816
371 536
758 1097
96 866
518 732
1035 1178
512 736
41 327
205 1025
401 659
247 692
230 513
21 977
799 1250
812 985
84 321
240 1017
110 1086
1004 1146
647 678
144 1202
583 895
281 1063
585 640
541 858
250 1138
1077 1089
325 973
39 144
955 1008
404 853
825 875
255 1150
390 621
91 791
269 735
822 1129
297 728
182 515
258 897
306 984
653 725
564 990
772 1162
121 576
234 543
382 1037
939 1202
1037 1279
182 1035
40 939
168 549
1219 1227
582 756
351 785
3 519
123 400
1005 1046
547 687
23 455
907 967
367 1231
819 951
707 729
534 894
296 1264
495 723
55 910
768 1270
398 461
94 940
53 589
349 1193
340 590
154 1068
683 1016
195 1079
7 333
115 1217
715 1182
45 1133
52 466
121 1004
408 477
915 1152
1090 1154
1259 1262
512 781
233 1134
540 1106
742 1069
852 1175
255 922
382 702
568 1046
103 223
309 1020
937 956
40 1248
239 277
315 711
322 607
92 888
315 735
809 825
228 918
378 1148
319 931
