1035 1072
448 654
201 211
139 650
224 255
430 883
494 517
199 999
717 763
661 813
145 574
68 908
626 990
7 805
54 875
600 968
279 462
335 543
266 665
598 676
177 447
790 1034
273 909
475 814
464 973
210 560
290 905
650 708
288 994
10 183
261 564
492 967
273 300
481 735
184 1013
123 911
536 550
460 507
34 800
154 316
496 637
342 775
277 769
341 356
784 971
511 673
43 482
237 350
297 810
165 647
11 397
605 715
68 323
220 280
96 294
325 850
580 822
155 1027
582 966
235 839
616 1014
539 963
91 219
469 829
432 965
249 497
553 787
688 972
45 56
124 938
500 649
401 623
701 822
418 643
235 859
487 981
399 458
272 646
618 1016
133 756
356 389
799 808
522 782
257 522
4 296
219 786
791 879
17 766
343 823
64 420
807 955
29 1025
602 889
838 934
554 629
391 1035
932 1022
139 719
110 1019
89 530
684 788
542 830
985 1016
189 1009
371 962
128 858
243 751
444 521
26 422
473 474
475 734
140 683
762 858
264 530
675 996
191 820
39 335
403 637
197 948
227 313
101 854
589 891
231 1017
93 904
323 556
791 885
533 669
467 903
887 952
157 944
129 694
444 472
248 704
34 983
45 579
562 568
231 934
88 458
161 283
150 521
408 978
792 803
98 103
222 856
227 928
768 847
72 565
600 816
475 968
190 975
479 1001
485 739
395 804
460 858
516 852
567 969
6 579
363 504
108 738
423 983
752 998
246 429
381 986
478 832
270 899
179 938
117 484
79 1020
809 1000
262 348
41 119
30 385
213 380
59 749
313 989
547 798
942 988
382 987
76 277
405 819
208 645
262 440
2 935
407 785
776 989
593 946
535 819
44 285
178 872
19 591
155 611
459 504
711 955
440 959
18 666
10 876
226 679
803 837
226 361
552 729
312 953
263 737
215 985
815 844
617 669
188 641
242 485
409 634
496 592
1014 1028
529 712
37 870
41 857
330 375
528 784
581 915
127 563
740 874
417 470
20 410
549 779
418 673
567 800
459 977
548 599
367 873
304 712
22 660
307 466
18 861
272 310
282 602
221 479
434 878
653 698
906 1003
20 948
6 674
433 756
259 700
416 618
202 423
528 815
152 321
477 1028
459 723
73 357
32 372
408 1007
575 631
236 886
354 376
249 713
33 559
412 921
487 617
198 1024
566 752
172 693
126 428
346 459
526 724
238 1028
642 690
58 957
135 461
578 882
167 1030
2 816
334 549
500 896
337 916
400 464
540 692
833 920
169 377
354 536
347 657
619 876
856 984
259 276
289 351
27 869
187 974
344 1018
770 851
430 1005
370 498
866 1004
77 890
624 765
151 611
546 736
558 787
209 237
82 747
878 901
647 867
181 834
334 678
339 709
145 251
269 348
931 953
702 731
424 490
14 939
162 596
608 777
289 410
111 439
614 944
499 545
531 930
817 894
83 1014
973 1012
506 634
281 891
510 544
311 708
319 1029
73 332
604 790
204 862
343 806
689 993
223 727
589 856
760 919
245 767
340 580
38 164
427 732
873 979
736 772
167 597
310 1004
366 1023
72 830
724 763
15 900
464 1034
448 871
575 693
180 242
90 100
52 131
515 779
96 967
196 302
527 976
584 778
22 363
404 655
456 738
287 322
956 1021
698 785
664 714
321 857
320 361
412 796
368 730
640 1007
642 895
439 1031
176 1006
120 505
573 620
557 841
519 707
65 286
216 902
100 858
840 995
251 683
473 875
132 545
230 384
437 975
423 462
416 703
781 789
595 877
40 896
476 742
290 327
88 812
137 183
71 755
520 613
258 745
148 461
204 659
331 338
357 945
310 759
70 615
86 868
200 497
261 499
203 906
538 739
612 818
610 838
333 435
133 252
174 1003
207 291
628 926
292 850
116 662
615 918
324 364
228 381
202 843
164 480
362 982
436 588
193 330
620 904
230 959
561 757
704 865
882 911
372 773
548 587
428 481
152 635
676 801
672 962
360 433
161 685
142 367
533 845
544 750
489 691
393 665
260 758
370 478
284 577
352 585
733 943
725 1011
40 117
442 927
236 379
233 741
83 1008
60 799
328 495
49 706
534 849
141 601
376 914
396 794
410 607
753 913
298 576
19 667
138 825
142 311
753 760
601 718
23 1002
208 833
378 512
43 443
493 733
234 269
31 638
176 295
914 992
705 978
594 851
136 894
805 925
780 856
153 212
163 461
88 662
171 964
467 482
781 890
980 1016
130 1031
483 533
110 735
55 1016
47 866
710 960
266 275
158 886
710 949
503 582
373 1002
8 946
286 464
651 858
298 758
62 158
627 766
97 199
331 453
364 749
302 771
843 1015
537 847
154 595
301 539
435 912
806 1021
232 488
115 337
149 955
552 1025
447 605
207 909
263 362
160 421
187 400
535 638
773 937
778 925
182 546
587 919
210 682
339 503
703 852
91 707
77 824
89 583
338 484
480 992
327 680
502 700
205 352
502 1020
35 389
677 862
253 542
350 835
174 762
90 131
9 347
102 1005
520 621
513 933
172 258
109 296
236 679
450 622
423 858
796 860
463 883
691 799
365 827
461 525
445 751
898 913
216 782
474 636
252 594
349 632
14 239
38 380
159 1032
540 869
957 1033
147 267
118 505
69 826
246 281
24 988
12 310
168 951
731 901
625 1016
186 646
225 949
394 897
54 941
547 692
470 910
629 937
188 1026
120 979
144 276
722 990
527 649
268 955
205 532
75 824
121 140
920 1018
87 976
292 604
388 799
564 1000
436 737
667 1033
287 627
106 907
114 687
413 694
508 635
260 309
697 799
244 681
715 952
745 923
426 661
643 936
452 475
301 593
4 107
742 954
636 655
507 569
50 55
250 597
179 893
684 950
658 1032
468 717
543 789
656 887
159 541
57 732
69 842
723 793
163 720
112 987
488 680
112 881
182 233
421 449
429 652
304 671
726 972
156 774
443 933
410 514
336 519
29 856
768 941
13 639
405 801
108 236
831 995
8 193
312 880
97 465
248 969
200 970
109 254
103 788
87 727
324 351
464 584
388 471
244 902
282 475
88 107
213 961
855 926
375 711
229 864
554 899
16 24
7 93
67 849
160 706
359 558
420 465
912 945
180 453
344 769
764 868
720 997
466 526
113 932
157 743
721 991
721 916
271 674
265 491
797 1023
409 761
30 392
177 256
358 568
383 651
754 930
65 212
46 398
26 122
125 1029
399 445
53 670
406 744
86 885
115 820
294 610
368 371
178 863
13 489
291 696
596 1010
836 1017
94 630
452 757
856 884
25 147
532 619
104 569
143 314
80 111
279 432
66 75
175 419
84 307
403 818
37 185
240 755
572 1019
524 714
223 454
392 678
113 871
63 80
48 935
175 318
271 434
57 746
390 472
64 672
365 980
517 905
402 551
61 308
9 560
450 578
576 713
328 970
17 741
417 761
62 81
78 829
217 993
378 743
626 740
493 947
35 563
49 241
21 923
135 802
834 1011
28 77
315 924
513 524
92 236
104 165
71 254
52 150
415 848
379 961
118 734
555 977
114 812
614 867
451 1010
191 844
553 998
211 748
247 924
136 898
621 695
648 863
359 374
310 688
677 846
21 36
424 907
759 848
119 166
116 512
306 986
414 431
515 997
349 750
206 551
355 640
377 982
123 955
623 981
393 529
329 775
85 828
645 764
228 726
441 490
84 525
257 795
608 927
63 318
437 469
255 509
491 644
125 234
23 814
410 591
3 784
67 486
425 951
653 895
236 940
586 699
59 573
275 449
148 232
270 699
194 831
716 1006
24 797
794 827
32 128
105 345
300 498
5 396
577 823
870 950
171 639
666 722
315 562
94 102
247 836
384 1013
141 250
1 795
561 926
51 729
51 303
457 877
201 881
129 776
189 675
33 511
748 854
947 955
285 682
686 754
27 198
571 1026
456 701
48 53
221 341
475 718
309 681
880 974
5 939
903 965
284 958
46 243
124 865
153 192
518 603
326 783
746 845
56 747
122 991
780 1016
31 652
616 929
66 668
425 709
329 550
320 457
483 853
60 811
310 767
44 366
74 739
592 888
438 446
15 516
134 426
218 332
423 860
39 185
537 920
136 209
156 241
268 451
310 346
194 900
910 931
570 719
382 609
293 839
82 130
459 804
404 668
369 954
411 510
278 633
397 538
454 832
61 394
42 358
501 826
166 942
305 387
267 631
385 835
146 874
413 971
106 671
85 278
3 956
492 657
149 353
438 999
11 613
603 702
195 1016
95 588
36 940
196 893
523 590
697 994
303 571
134 599
556 659
214 609
407 559
663 917
379 1024
633 982
622 725
192 299
239 411
784 859
813 922
50 326
495 889
42 288
632 739
190 501
78 245
99 508
28 570
24 771
353 624
101 585
181 590
197 842
345 1012
728 908
170 606
297 656
415 574
132 1022
170 855
88 541
744 833
137 687
402 807
240 253
169 841
509 695
79 658
74 809
25 811
566 915
317 523
641 1027
265 581
214 716
203 963
12 892
342 362
360 670
644 817
802 922
218 606
136 406
322 793
151 238
222 810
422 892
398 686
95 220
127 921
76 229
446 1008
256 777
705 853
314 455
186 386
837 1015
625 654
225 494
514 1009
146 727
126 310
774 858
293 333
1 1030
534 572
374 630
555 1035
280 798
441 821
477 689
929 960
195 305
92 664
387 696
316 792
173 920
325 928
386 846
612 783
565 663
217 966
463 468
215 369
471 1001
47 897
414 982
162 786
105 486
391 531
427 872
206 586
431 918
306 355
138 884
518 808
476 861
143 996
607 728
401 958
442 1029
295 943
81 99
419 964
828 888
340 879
283 984
317 395
299 648
16 936
506 628
383 772
264 373
144 765
308 455
390 821
557 840
58 121
671 917
168 825
319 598
690 799
70 224
583 864
98 173
184 685
336 660
630 730
