1856 1990
799 1430
856 1191
151 1851
793 1353
117 1144
858 936
890 1110
714 740
1158 1754
1394 1849
555 1652
416 1077
1706 1751
267 1394
64 714
88 1334
903 1087
204 290
622 1772
520 725
381 798
506 1794
305 1660
37 66
10 619
1270 1692
264 634
598 974
1284 1768
877 1306
56 962
269 286
484 1558
191 1098
1013 1319
938 1734
839 1620
355 801
1036 1199
959 1235
63 1210
50 307
107 608
12 1126
394 1355
366 1646
530 1296
62 241
789 1637
180 1741
1035 1664
203 844
1379 1507
19 476
741 1683
418 959
988 1235
420 930
382 1119
667 996
1129 1631
1419 1850
763 885
217 1286
1057 1573
139 1331
1752 1804
211 1481
1100 1760
603 1068
172 522
919 1708
812 1527
94 888
970 1315
546 1007
87 232
1212 1357
93 1579
815 923
1257 1658
260 1591
1637 1723
415 1561
121 614
755 1058
1151 1155
38 495
566 757
43 504
2 1190
199 915
907 1781
716 1679
985 1806
976 1566
1113 1631
542 1048
976 1295
480 1218
586 1412
958 1338
722 1509
1496 1792
995 1098
1298 1421
443 1104
1368 1513
531 731
188 863
1594 1787
1208 1302
636 889
1253 1382
948 1641
445 1255
256 936
1004 1165
1050 1222
542 775
246 1640
138 353
134 671
67 1460
656 1258
1400 1535
548 1793
111 1736
1279 1531
453 1214
441 910
710 1599
622 1671
338 1179
253 591
808 1400
650 833
287 664
515 734
993 1513
18 777
209 763
81 1693
898 1646
124 348
997 1105
291 492
892 1704
1259 1799
1185 1618
222 489
1338 1441
8 1731
645 981
302 940
975 1171
734 1035
339 920
130 242
1095 1355
522 1442
10 1085
470 1764
1572 1624
417 1333
301 1357
918 1132
539 1479
601 1805
517 1623
1501 1718
774 1583
412 906
556 1291
860 1421
71 953
230 1038
749 1498
896 1294
968 1777
143 460
1081 1568
207 1287
323 353
386 708
324 826
831 1463
356 1443
477 1580
218 333
109 594
19 610
1245 1259
249 779
312 1117
961 1734
900 1183
431 1054
429 1666
924 1206
133 742
1303 1436
335 1081
1459 1776
108 750
832 1819
1174 1279
895 1172
317 1034
190 578
1151 1620
389 456
446 1696
1055 1582
1153 1708
1661 1832
206 1401
107 670
1154 1839
931 1395
1003 1175
761 1390
384 1682
689 1247
149 977
1605 1784
274 1026
1299 1822
379 892
950 1208
467 1723
160 383
508 1381
370 1356
1140 1183
369 772
620 1711
247 493
1326 1416
100 507
857 1084
142 485
904 1579
475 669
490 796
125 1025
354 1662
75 1584
7 1843
276 1601
586 1107
430 751
463 1750
475 1399
210 1720
303 1540
674 1684
925 1082
36 1012
725 1788
554 687
284 491
8 1617
1544 1754
266 1759
648 1173
717 875
334 356
1744 1771
1396 1613
1789 1797
25 1224
1097 1658
175 857
388 1041
61 347
762 1783
165 1677
605 1348
132 1045
965 1834
214 1162
153 265
1486 1678
226 1281
1276 1565
1112 1158
64 391
231 1082
16 35
584 1169
224 1480
588 876
238 1377
578 715
844 1321
1300 1398
437 1725
384 1225
46 803
518 1688
392 898
864 1061
1516 1547
239 535
482 585
357 361
340 1503
784 1260
565 879
57 737
261 1764
499 701
326 1813
453 1455
543 1469
515 1461
1196 1426
169 1316
79 556
1540 1826
935 1005
398 834
593 754
706 1592
422 995
646 1426
733 1274
373 1182
1366 1722
1073 1739
121 1543
194 1197
503 1195
605 1465
220 899
591 1642
1057 1597
861 1745
1429 1605
51 1253
1059 1063
376 468
415 426
159 1502
579 1072
466 1074
455 1224
1608 1615
28 817
1083 1675
449 758
425 1429
1008 1436
286 720
300 333
794 1557
1439 1463
280 615
1071 1251
194 679
1417 1666
16 861
349 1575
616 863
1471 1499
1571 1598
56 401
618 1079
394 1489
526 785
1717 1849
325 658
619 835
916 1047
1443 1622
329 1624
115 1153
706 1227
712 1830
787 968
1662 1823
603 1636
826 1351
1219 1363
882 1440
417 1024
1163 1328
535 1070
68 85
315 1274
1140 1449
155 255
619 719
691 1248
120 590
1226 1534
340 1634
33 1362
708 1501
64 823
387 1370
769 1284
881 934
245 820
607 625
676 1293
1590 1633
369 776
814 1475
359 1431
804 1853
1407 1511
244 429
421 1643
113 982
1318 1666
148 559
452 740
213 1389
716 1160
202 639
795 1139
368 593
1329 1511
756 782
919 941
50 1144
318 1766
300 943
472 1646
182 1156
1589 1817
162 308
890 1376
1307 1815
393 1268
418 832
1517 1692
179 1273
81 211
993 1262
1805 1826
1531 1715
886 1060
841 920
685 1756
60 1673
893 1748
1336 1375
1045 1153
786 937
498 1372
126 205
203 1845
165 910
410 753
1393 1703
1059 1668
351 1571
364 1017
1067 1457
1182 1518
906 1610
794 1020
1333 1392
942 1434
1441 1458
395 1194
865 1307
1345 1367
738 1088
123 140
1526 1627
408 679
349 598
766 1122
317 652
860 1379
1198 1828
62 775
987 1444
402 1048
814 1496
352 1229
1212 1763
978 1667
619 858
867 1769
1039 1556
935 1625
1080 1730
346 771
453 781
693 1289
1176 1300
386 1097
707 1415
1239 1592
926 1452
56 1086
564 1203
509 1482
379 1076
859 1280
986 1844
1203 1555
874 1841
395 1228
579 1705
179 1205
1119 1268
500 1122
88 1201
1237 1678
490 1545
581 1822
3 244
1407 1830
728 852
675 899
786 1218
947 1464
360 1387
201 1041
317 950
663 1092
17 727
283 1564
84 1788
1115 1714
657 1126
86 1621
1482 1811
339 1016
1515 1644
371 1714
80 154
143 219
613 897
298 1055
487 1168
82 1366
736 978
1089 1623
390 1469
732 1043
16 131
442 1215
139 1091
869 1365
582 818
661 1046
617 983
1756 1824
153 1009
49 450
1066 1802
386 627
240 1479
454 1756
1609 1661
955 1306
403 1220
1 1582
536 574
1079 1411
1129 1458
1747 1782
767 780
272 878
485 1210
1322 1795
1234 1425
128 1680
1413 1591
1042 1530
668 1249
407 754
533 1213
1521 1569
416 1466
351 1854
693 1795
1228 1254
992 1069
259 1223
23 1685
392 1343
1423 1537
98 811
185 1294
406 1080
493 1450
1 122
1149 1438
166 1771
850 1715
1260 1508
694 1551
1012 1023
472 1312
717 853
528 606
1291 1384
1695 1833
307 1780
693 1230
425 957
189 1086
105 902
621 1053
560 755
620 1124
66 1176
527 702
357 1492
225 377
652 1776
496 1814
52 1275
883 1261
1239 1803
175 699
713 1378
525 1755
572 1066
187 1046
299 1070
83 155
954 1264
570 1301
466 1405
1292 1525
1645 1741
692 810
227 721
278 1378
312 1149
1581 1586
599 727
322 1453
198 427
1320 1686
1345 1817
1446 1536
581 1216
816 1581
540 1402
42 1767
790 1276
1145 1707
653 1154
44 1021
162 1729
276 479
1342 1481
1280 1657
348 926
321 532
1013 1103
967 1677
566 1464
385 478
426 1383
596 1726
510 516
1392 1460
966 1533
152 373
1505 1640
1527 1855
159 458
62 1023
865 869
1311 1825
1775 1796
490 1240
1033 1354
140 1772
821 1335
216 1851
1283 1596
350 1030
1300 1855
97 1595
889 1500
172 1430
1016 1673
359 760
608 918
197 683
938 1784
1391 1848
748 1523
1478 1717
1111 1536
229 354
693 780
1352 1510
576 1462
17 638
443 1726
870 1406
1128 1604
862 1330
303 1005
738 1084
1365 1638
1252 1797
116 259
273 283
326 569
1175 1609
876 960
1172 1847
221 1177
723 1257
568 779
1105 1309
1646 1793
1141 1790
930 1542
702 1508
980 1048
600 1269
93 158
414 1647
1633 1757
537 697
174 1304
97 454
358 1835
638 1154
152 1660
1155 1672
275 790
460 850
743 956
698 737
281 516
437 658
325 511
548 1348
1454 1632
245 422
112 1322
1447 1808
1235 1798
626 1603
502 1732
811 970
115 1034
440 1565
230 1159
599 632
289 400
157 177
335 819
336 1483
432 1255
1201 1458
439 603
621 1092
1110 1763
229 805
1101 1106
75 593
146 334
1620 1730
917 1380
1136 1359
646 1587
270 681
160 1391
29 956
1054 1773
22 1380
370 777
70 848
684 1614
224 274
887 1221
550 1369
262 1672
725 1313
14 1350
345 1548
113 167
1149 1404
77 1453
52 984
280 539
440 1298
1226 1728
671 1374
1241 1476
117 1161
1289 1456
378 486
243 1380
1202 1833
1574 1619
872 1111
899 1742
15 867
400 444
302 516
172 478
430 1380
465 550
586 1422
402 1165
320 908
1659 1807
257 951
151 1114
222 347
1329 1544
428 438
1451 1660
47 922
665 1660
266 560
255 1061
1359 1601
74 802
85 273
945 1061
156 1700
963 1594
1038 1780
1351 1575
1064 1782
1172 1354
40 1474
630 1510
1287 1585
5 604
419 1373
57 1175
1542 1648
473 805
451 976
459 778
1202 1709
122 126
573 1666
1794 1856
1204 1846
459 945
226 1033
254 452
414 1025
261 932
389 862
90 306
1543 1789
726 1626
813 1586
554 791
982 1290
611 1519
524 931
176 636
857 1098
776 848
855 1051
329 1638
1064 1791
1648 1820
501 851
82 413
453 1539
744 1625
573 1770
654 1141
81 1043
1219 1319
177 1261
774 1649
199 1786
997 1694
399 1221
551 1580
32 932
279 519
579 692
41 1368
688 1385
807 1552
336 1235
1684 1743
102 1397
827 1015
590 893
221 1497
359 1821
624 1263
537 1184
1002 1252
1058 1632
236 1668
272 1373
412 1600
54 1621
130 650
461 1417
293 1549
99 1089
172 1838
1424 1762
700 809
1295 1655
551 1477
1523 1525
365 1539
178 1351
374 589
1713 1840
849 1234
205 1785
451 1603
694 1408
723 1056
67 1636
120 762
1211 1669
322 647
146 677
1388 1814
1138 1845
612 868
1018 1487
405 591
48 1334
223 797
1564 1834
497 1190
344 964
569 1439
1236 1562
953 1178
1326 1734
845 1049
1018 1492
431 1494
568 1800
1174 1515
586 1490
163 212
1096 1132
589 1738
686 1626
1327 1729
73 913
948 1413
26 1718
308 1428
1154 1667
1020 1737
284 1102
1572 1671
161 1152
688 1801
668 1555
588 1368
1343 1435
21 240
133 1750
1184 1381
62 1854
633 969
678 785
800 1065
583 793
1536 1744
671 1486
538 1591
502 1335
670 1341
1049 1145
1052 1736
931 1827
534 1653
34 237
584 606
309 718
127 817
1148 1560
1094 1100
84 1244
1427 1809
1267 1368
138 468
567 971
715 1173
1063 1436
611 1242
206 1519
78 972
1001 1748
456 469
215 564
1310 1810
1691 1735
424 1131
1240 1629
1449 1777
282 1108
35 1282
1101 1194
355 996
513 1615
11 450
15 875
987 1044
20 1010
547 1067
8 1521
6 1712
778 1578
1248 1654
1000 1006
990 1014
503 1181
696 1432
96 295
494 1535
265 1246
501 1040
251 1272
21 943
627 917
62 697
10 1732
365 998
1209 1356
840 1665
27 1462
274 1304
181 1680
362 1192
94 1576
277 1433
1456 1848
87 575
1393 1818
685 846
884 1385
1434 1448
329 712
850 1799
375 1597
1388 1561
1001 1826
1191 1330
690 905
705 726
1156 1558
1011 1262
1317 1802
742 1215
549 1093
891 1690
350 1838
275 601
391 1711
628 1821
464 1610
189 1205
894 1050
842 1854
683 850
1422 1522
167 710
216 1325
287 1566
449 1481
1214 1448
258 625
43 184
810 1836
256 1494
298 923
1017 1315
1554 1676
90 1601
547 828
481 563
886 1416
190 674
722 1285
802 1537
1269 1743
698 1674
549 846
108 825
1163 1189
1227 1816
724 1520
783 1204
1146 1267
4 1685
967 1115
1014 1363
252 1042
905 1543
441 1234
258 635
1577 1592
106 285
609 672
1541 1755
129 1043
144 1467
801 837
76 1749
1029 1428
215 1062
704 1339
1528 1763
342 1842
885 1069
364 1412
329 595
360 1142
308 1627
1264 1791
1278 1397
186 544
1370 1681
423 1121
788 1656
914 1766
1167 1840
420 1595
884 1765
1019 1485
696 1605
1010 1454
419 1504
672 1615
703 1293
396 665
798 1039
819 1127
612 1724
724 1670
769 1028
1122 1806
957 1765
86 686
1060 1630
916 1297
562 1470
36 604
260 482
538 1114
496 735
23 854
827 1826
119 1089
842 1168
1554 1642
408 593
1364 1632
70 1706
1073 1823
933 1641
512 1818
74 1816
277 1645
397 1704
1160 1488
699 1344
783 846
1230 1502
368 854
587 1361
1154 1796
330 1502
980 1751
544 1779
293 1768
196 375
58 909
234 435
746 831
815 1828
311 1022
27 1401
45 332
582 914
607 730
1548 1619
823 824
1063 1530
325 1663
766 1130
94 757
1324 1546
1022 1423
474 1666
1113 1272
219 1233
136 1553
281 1769
433 1118
483 1533
405 899
1193 1433
1567 1829
753 1275
77 1591
1526 1697
1130 1420
1387 1578
474 747
878 1485
985 1283
510 1697
896 1583
521 784
191 1808
737 843
372 689
992 1576
238 642
944 1517
297 1390
1090 1377
7 1524
471 541
574 608
746 902
644 1134
979 1403
98 1504
94 771
1502 1518
1484 1716
765 1213
183 1506
137 1349
490 1250
553 1445
643 1538
492 695
101 709
315 1457
341 769
116 751
603 1290
1234 1634
797 1053
227 806
1274 1850
65 103
366 949
634 1786
423 1599
540 1305
37 901
843 1251
532 1602
663 1593
1331 1747
109 701
462 1630
1104 1562
267 946
711 1565
571 1265
233 1823
114 747
390 1172
520 1328
662 927
331 1164
1206 1446
533 1011
313 949
1217 1740
202 836
1091 1199
69 1804
446 991
807 1770
102 332
495 637
511 934
748 1491
1189 1743
44 666
182 1098
1611 1798
484 973
974 1520
788 1709
168 664
32 105
32 39
1150 1340
192 844
5 942
150 1826
1237 1246
170 1021
614 1699
490 1701
445 731
40 1078
695 929
263 1125
30 575
1002 1498
470 709
149 271
371 1138
173 1041
313 1009
653 729
401 1062
1137 1598
181 1827
700 1098
1398 1734
1180 1301
1500 1608
410 491
1292 1550
237 1236
457 879
1223 1405
346 1142
198 838
290 1733
619 1090
56 1839
528 851
912 1524
1075 1455
616 1497
635 812
848 1095
33 187
990 1263
1152 1532
558 1745
470 984
68 1778
195 1746
178 330
319 1702
675 1523
800 1573
184 243
539 1472
210 1349
358 1375
144 1019
615 1414
171 1409
660 1815
80 1232
434 830
228 345
75 512
1006 1496
168 955
127 409
1444 1459
8 404
1177 1674
1167 1502
407 1710
631 1170
370 477
99 1225
891 1231
193 1037
1612 1819
186 1698
9 1148
1481 1800
413 1159
278 1029
1336 1395
583 1663
294 927
1462 1725
792 1593
580 1472
654 1679
1139 1432
481 963
188 1792
13 1043
1015 1297
59 1845
769 1157
1296 1462
764 1157
367 721
565 745
977 1851
398 983
529 1559
1445 1568
367 1136
1254 1288
1127 1245
1250 1362
895 1698
530 1474
773 1235
71 1585
931 998
540 954
800 1452
118 770
100 1427
1195 1207
946 1803
877 1209
457 1543
310 617
1256 1435
725 847
16 972
1162 1234
911 1837
1243 1742
341 1749
288 1096
795 1418
218 479
274 381
597 1468
643 741
1324 1753
1027 1099
148 631
669 1560
960 1238
624 1274
1076 1810
141 147
447 596
539 1123
981 1484
749 1856
961 1123
1323 1549
1316 1317
641 960
200 308
1689 1810
104 505
847 1052
220 306
193 649
853 1048
655 1373
888 900
853 855
559 1476
1546 1713
1041 1657
1044 1559
1528 1831
352 754
257 1056
782 868
95 880
1180 1489
1361 1783
904 1734
1450 1733
411 1222
1514 1535
640 1507
553 1064
1374 1389
1852 1854
645 1394
327 592
770 1036
1538 1762
464 728
22 1271
921 1476
305 1664
1232 1588
1120 1553
682 1396
960 1125
207 1493
61 719
304 1465
656 1468
28 31
752 1078
433 752
355 602
899 1170
489 820
969 1812
163 200
1038 1611
53 1309
92 499
1314 1394
119 1358
759 1577
744 941
279 864
673 1384
799 1187
24 51
1509 1832
455 1000
1346 1837
251 1197
720 952
597 1741
296 1047
476 568
173 933
166 248
651 1543
342 1845
1135 1601
1483 1760
316 1687
849 1106
1147 1652
837 1809
1522 1707
195 1835
114 439
11 1150
739 1403
1220 1842
4 48
519 1512
1068 1669
301 355
833 999
498 1503
164 1149
1037 1172
456 506
63 1043
45 1655
497 1216
442 1480
325 735
208 741
124 1109
285 567
913 1134
1665 1774
409 461
268 309
908 1466
123 758
134 1812
1243 1471
295 1028
1467 1651
673 1854
1488 1647
145 1032
483 1570
533 649
250 1699
880 1314
561 1166
376 1099
32 684
971 1596
42 733
106 563
448 871
1040 1282
14 435
517 661
388 852
1055 1567
13 1613
247 1690
633 958
131 659
713 718
644 1325
118 1799
1592 1721
428 626
1383 1838
822 1617
1639 1712
1048 1643
508 1108
637 1852
739 1696
319 711
1340 1702
176 1171
610 1360
297 1509
1327 1350
1112 1481
1437 1601
248 1743
1242 1431
73 1688
462 1143
30 523
268 1451
521 531
145 1829
6 296
944 1094
841 1364
304 1841
125 1124
235 1831
363 781
370 1143
1382 1420
214 632
24 1691
337 592
648 1569
1346 1551
806 928
18 1278
321 800
1722 1846
31 764
1442 1853
314 387
768 1721
69 1824
1323 1552
20 962
803 873
223 1120
311 931
32 816
78 687
872 1410
1007 1614
1475 1843
768 1746
732 1031
1181 1799
75 666
1065 1695
1628 1739
47 1458
1256 1703
1103 1536
1386 1767
759 1495
157 657
291 1087
137 921
545 730
1120 1843
119 233
79 467
628 813
676 1496
46 1683
406 1109
16 318
1107 1133
1003 1676
1490 1778
765 1480
448 745
317 1311
239 1758
680 796
1616 1628
403 1372
463 829
585 1785
825 1563
434 1616
366 613
231 1687
204 1741
577 1606
809 1773
1233 1612
72 1529
1352 1720
91 829
380 1410
874 1584
154 310
235 1055
907 1557
883 994
1462 1813
1032 1705
488 1347
232 1437
141 1752
1247 1424
65 1337
469 1675
3 1787
129 1516
438 1477
161 314
25 411
1299 1629
1153 1639
557 1061
34 1376
591 911
225 1310
586 1164
55 1064
866 1093
979 1321
571 1529
682 1779
76 1514
1318 1368
487 1774
270 924
26 1693
331 1493
1332 1351
729 991
1425 1532
541 1030
642 973
853 1320
562 1592
844 1131
242 488
999 1491
897 1506
193 456
951 1027
132 164
397 1505
1305 1820
937 989
536 1700
378 1286
110 1266
587 1153
1415 1719
513 1074
38 1659
436 1185
29 447
552 660
104 142
808 1024
9 1775
453 845
1406 1743
208 1102
8 1799
119 767
915 1117
206 1534
12 263
212 1461
1536 1588
939 1408
96 1499
421 1541
507 1302
343 1137
1116 1175
103 262
1071 1602
850 1270
1470 1654
901 1719
678 1004
385 903
282 363
1308 1487
835 1724
456 1179
760 1728
834 1274
580 928
1116 1249
234 396
383 1241
150 436
89 1600
1186 1404
975 1271
1277 1845
929 1545
55 1332
337 1207
705 1635
529 602
201 1285
964 1402
183 623
976 1238
647 1198
789 1394
481 1735
320 1615
518 1072
516 1757
58 1632
546 1358
324 486
750 947
432 1360
288 1607
169 1650
271 1811
773 1147
1266 1843
940 1694
264 1740
623 1200
2 172
192 1399
736 1737
228 1547
1166 1644
791 1556
769 1473
1478 1807
925 1128
859 1825
887 1236
376 1088
361 1550
213 1200
171 404
399 1160
818 1192
500 1473
1731 1738
651 882
338 966
514 1761
249 1606
1258 1418
1085 1758
135 1844
561 988
393 772
629 1061
241 655
236 830
690 881
523 1414
111 1075
1277 1681
292 1686
328 912
53 458
193 1196
95 840
89 1763
252 1353
465 1312
1188 1682
505 543
59 1288
525 1367
128 691
343 1716
514 960
1064 1339
737 894
545 1261
662 1281
1217 1565
323 609
743 1509
156 595
83 209
196 328
1440 1570
41 677
380 828
94 558
725 1589
377 473
1265 1409
1371 1622
316 521
110 1656
909 939
253 1727
136 1337
1650 1689
504 1077
170 1369
552 1342
681 1386
1587 1590
965 1373
526 1244
329 1604
299 1341
557 1563
471 1188
1574 1847
1347 1371
756 1447
1135 1635
250 856
821 1607
1051 1670
274 1169
112 1344
444 1653
534 659
254 1790
327 704
158 269
871 1083
680 836
572 1008
1026 1512
1133 1651
382 1710
576 873
641 952
217 292
1211 1649
362 1510
480 524
147 344
494 1121
92 1187
1193 1761
49 1438
761 824
427 600
629 787
1231 1605
509 1836
989 1495
707 994
185 1535
91 630
866 1161
101 372
570 1229
639 804
374 838
197 618
640 1186
516 986
174 289
54 539
792 839
1178 1373
667 1618
180 1801
527 577
822 1419
594 1701
555 1411
1236 1273
424 703
246 1303
922 1313
1146 1759
1308 1371
844 1781
39 1118
294 1031
72 870
135 1753
60 1727
