409 1944
69 134
162 172
50 327
3 17
152 256
19 302
246 371
289 394
228 376
210 270
318 336
352 405
171 324
21 398
70 236
68 349
316 344
84 386
223 344
125 223
293 327
88 253
39 165
151 395
201 322
68 403
336 383
215 256
73 138
5 399
260 268
189 272
13 248
145 154
62 304
115 376
34 399
262 347
317 391
152 193
97 308
120 339
310 368
86 348
131 233
36 332
121 363
182 226
128 135
181 321
232 273
69 333
233 245
11 325
48 397
17 231
279 329
262 305
184 372
82 266
243 330
56 218
24 276
220 357
206 308
302 403
341 382
216 404
138 199
226 348
250 344
179 342
125 166
346 400
141 358
169 265
66 261
338 372
82 396
68 247
147 374
28 283
98 231
136 285
165 296
329 344
214 371
12 145
28 108
80 117
138 218
184 402
27 88
106 118
32 337
197 201
161 217
144 255
37 249
68 380
109 393
30 54
10 328
69 222
229 264
30 199
94 267
194 196
136 358
141 148
197 355
68 160
312 370
258 409
159 224
82 219
149 293
337 384
69 235
252 286
281 386
32 91
131 306
213 402
261 329
107 159
142 320
347 399
167 199
88 249
54 356
232 304
143 201
213 350
209 345
94 387
46 382
268 386
321 387
275 357
94 299
156 295
165 342
65 352
58 118
129 287
161 234
143 152
24 58
365 399
202 375
77 196
41 127
149 275
291 390
17 210
50 358
150 277
9 249
88 322
177 300
9 18
97 281
30 56
74 155
51 385
297 314
52 302
116 293
142 323
39 127
201 229
16 363
168 188
83 375
113 189
296 388
235 327
69 137
159 336
196 354
130 136
55 204
76 408
100 343
17 123
129 211
38 150
126 217
36 157
155 270
122 135
104 268
157 180
7 224
151 360
28 240
301 383
116 168
341 408
167 205
59 217
93 143
132 185
36 251
229 378
44 381
114 277
282 293
89 102
287 386
141 152
106 195
12 358
81 140
238 271
133 264
139 270
86 254
197 236
175 209
118 212
334 396
146 325
83 233
24 137
88 303
30 130
12 142
133 401
48 151
31 184
125 380
220 266
369 383
198 316
85 390
324 399
208 278
63 253
95 277
55 259
260 286
54 58
37 167
178 319
196 307
37 70
138 166
134 197
76 302
46 324
139 392
105 201
6 218
25 28
126 395
155 169
11 44
111 345
237 400
302 322
18 101
100 389
61 386
1 337
104 147
229 356
72 184
24 46
27 349
32 296
197 234
61 132
192 214
113 139
83 239
174 301
107 331
128 377
17 148
14 37
57 288
29 222
151 384
194 317
89 164
42 187
209 363
57 152
229 398
224 301
256 393
100 330
120 329
173 207
146 227
109 216
100 280
91 287
46 406
133 362
101 181
259 367
225 279
86 269
144 145
75 309
67 204
135 231
80 284
172 404
200 403
72 283
153 350
336 376
204 206
219 359
109 260
211 239
164 288
27 178
204 314
80 253
104 113
160 365
55 284
219 283
227 266
260 331
171 300
136 335
139 250
8 373
78 106
181 283
268 327
56 85
6 387
2 150
6 369
158 368
298 339
91 343
136 195
25 227
154 290
96 207
112 209
13 178
160 197
174 362
37 408
60 370
286 333
3 253
142 241
58 377
107 186
137 308
131 349
267 292
301 369
16 24
72 287
350 381
262 298
74 202
19 358
131 323
270 373
100 222
128 248
87 409
24 52
126 374
352 406
22 240
165 345
36 215
121 281
14 355
110 258
178 272
1 59
158 398
366 376
111 324
152 323
40 352
50 207
51 386
89 283
288 398
135 201
32 207
143 268
64 370
335 408
107 366
30 388
231 291
357 398
246 372
88 264
156 165
161 278
61 298
71 165
129 328
284 350
139 398
105 223
98 251
30 259
101 218
55 61
187 403
56 309
164 279
117 290
66 274
205 354
77 109
5 228
55 300
134 326
125 195
38 272
193 208
103 390
72 99
133 154
122 153
125 264
99 103
343 345
120 401
221 228
61 258
78 334
66 76
182 319
232 250
153 392
157 366
394 408
113 378
99 201
107 248
156 237
351 382
257 298
83 309
112 144
21 168
252 371
46 113
348 375
201 230
295 360
246 366
266 278
109 120
247 293
365 393
119 235
70 160
19 284
34 390
266 280
254 372
288 391
190 225
272 288
218 371
161 378
85 138
94 133
40 161
203 282
236 248
92 286
69 164
6 32
249 341
295 333
62 159
49 245
382 409
19 385
41 213
95 256
19 151
151 280
367 378
3 383
77 210
76 402
279 386
9 125
40 257
283 383
36 398
152 209
103 136
272 355
67 340
91 229
83 396
49 88
218 379
134 198
15 24
29 109
138 390
273 345
59 388
199 399
330 377
96 321
87 381
73 342
193 277
272 289
209 219
160 321
244 407
295 349
15 191
182 269
305 404
232 299
129 249
147 263
219 345
133 251
210 235
37 354
26 127
64 267
210 367
8 250
16 348
137 343
380 391
42 379
30 118
121 195
22 43
13 220
74 331
72 395
334 337
175 375
41 269
104 298
131 227
108 299
138 378
122 232
36 368
73 108
316 336
130 245
216 365
295 364
41 292
222 252
6 199
32 179
93 298
347 371
220 258
189 394
354 398
24 327
98 405
126 293
104 123
22 388
77 97
220 269
66 88
250 299
181 241
336 408
64 65
296 346
55 315
65 94
257 268
320 357
117 291
184 321
141 252
197 351
128 133
181 339
297 397
142 374
85 128
226 357
74 393
301 341
40 148
87 327
188 363
171 206
31 41
80 275
162 184
44 65
257 398
165 375
61 84
49 370
98 341
38 187
54 368
282 324
259 362
98 214
166 292
67 90
27 39
154 276
198 354
208 396
64 86
77 385
21 237
158 385
170 314
10 148
94 138
23 380
28 313
14 23
177 225
5 142
36 401
309 391
137 167
100 117
52 272
238 258
10 306
28 361
324 370
351 398
44 344
86 125
80 357
189 301
7 140
15 143
154 191
282 322
14 367
69 354
52 342
53 89
156 373
129 350
94 341
61 216
186 286
88 246
5 249
8 148
22 375
123 301
72 218
292 311
6 305
45 131
135 285
123 146
138 328
23 167
24 342
198 313
247 360
8 361
175 347
112 386
31 59
250 400
193 313
45 61
74 81
54 261
172 273
64 264
289 376
179 319
94 211
207 312
76 370
258 402
93 238
42 352
205 231
51 166
353 379
212 272
156 315
269 356
149 283
248 257
257 344
105 292
38 328
131 312
71 402
33 170
372 389
10 264
10 232
26 75
57 94
14 407
278 401
234 262
213 382
132 329
107 288
107 394
112 123
253 405
156 209
168 271
17 155
3 36
33 350
198 237
186 215
40 83
138 300
199 330
114 212
68 236
378 401
171 217
152 336
239 243
13 23
148 262
178 246
134 361
296 360
28 209
144 265
99 299
34 324
160 254
185 187
253 328
170 216
52 185
33 207
374 379
107 183
67 390
106 181
236 307
323 390
107 285
207 373
69 372
137 223
181 308
119 208
153 251
71 236
1 101
19 307
95 166
344 354
300 364
98 286
48 54
103 220
277 340
281 293
132 325
297 311
102 239
86 354
203 235
4 153
15 197
127 382
61 345
113 315
162 197
62 223
267 290
303 347
154 326
188 209
148 339
75 300
275 364
52 124
7 108
178 368
86 146
1 118
77 243
176 286
170 173
113 264
178 294
221 401
208 403
238 310
237 408
93 403
169 249
49 266
7 88
165 251
5 39
66 290
165 353
13 112
23 149
333 377
78 195
35 57
312 356
39 117
230 316
177 231
196 232
79 133
88 257
35 252
108 212
194 357
23 67
236 258
204 208
144 339
2 325
252 281
23 401
119 373
88 237
112 164
239 360
101 386
44 407
47 348
68 372
81 147
170 349
320 409
268 362
164 268
124 130
246 345
15 303
304 356
51 225
80 179
125 308
339 366
36 61
21 376
349 364
122 405
43 388
167 212
134 193
116 207
18 251
113 298
50 169
266 300
19 56
202 216
93 231
233 267
88 240
262 283
200 230
33 79
70 383
324 362
35 189
23 132
105 409
264 303
99 155
279 373
307 393
150 155
216 275
30 92
49 349
159 248
36 76
10 39
3 171
77 154
198 391
144 279
355 382
5 401
174 191
258 337
12 371
44 103
205 378
90 106
195 289
317 363
64 125
132 187
299 391
116 291
178 284
81 182
151 245
21 336
144 330
41 355
3 88
119 406
35 127
58 195
83 148
125 360
92 114
247 386
328 350
105 202
69 402
129 229
60 160
89 215
141 186
57 181
45 265
141 195
48 370
75 268
115 379
352 390
94 184
81 174
93 113
40 232
20 115
42 242
50 171
62 197
163 259
14 404
10 373
116 268
35 73
66 136
84 369
158 282
136 168
41 382
134 207
153 247
331 372
354 373
71 311
56 118
225 240
316 394
42 365
133 338
29 346
97 261
146 381
133 179
184 394
197 215
67 129
118 338
54 59
142 231
27 286
140 343
222 308
136 171
57 171
85 283
183 337
29 83
262 302
87 182
207 288
112 249
6 291
16 114
183 400
231 360
68 114
109 332
109 243
214 403
153 359
100 333
176 238
69 226
158 272
66 241
140 383
34 76
310 359
44 211
301 311
134 304
1 355
115 298
106 247
141 219
216 303
240 364
80 199
207 261
254 390
194 268
356 375
144 147
79 176
291 381
125 290
199 337
160 214
156 247
319 391
12 331
147 251
225 394
137 369
168 368
43 98
103 406
127 258
275 353
103 290
157 259
112 247
6 323
43 46
336 347
213 297
290 352
67 249
228 408
73 344
292 353
114 397
132 280
9 343
47 103
149 377
23 279
46 137
234 350
158 389
21 319
39 61
257 280
150 241
228 357
181 199
261 271
292 332
20 142
254 276
6 334
204 366
237 296
234 257
60 196
11 171
74 178
71 326
12 23
224 225
131 188
54 94
268 387
2 156
188 294
281 396
117 195
4 37
87 320
168 367
287 400
38 291
118 304
21 285
50 328
176 247
111 195
44 154
7 381
95 149
58 384
151 253
103 293
328 380
1 163
142 366
176 186
29 306
196 310
285 335
132 342
222 264
108 361
20 148
10 263
333 405
77 94
85 160
87 325
90 209
7 215
167 232
70 212
87 385
331 341
72 400
168 239
21 142
81 228
279 350
114 141
14 359
115 169
59 171
103 283
341 380
250 257
144 189
229 353
34 171
74 250
47 156
67 220
210 338
114 315
148 233
109 252
2 68
380 404
91 323
155 320
72 243
184 351
120 331
72 125
228 246
12 227
28 111
123 131
313 407
281 313
216 393
55 277
91 300
264 317
21 325
61 264
124 249
253 362
271 281
60 161
166 238
212 341
21 401
12 351
210 239
16 131
212 354
21 273
114 136
282 317
8 282
290 365
310 340
53 226
17 48
297 373
18 109
192 404
116 254
16 233
12 183
129 174
9 347
181 233
17 375
151 404
24 81
143 293
49 342
134 255
61 328
348 363
160 180
258 347
309 403
385 395
60 327
22 90
19 107
76 282
102 363
47 92
66 172
22 396
5 369
90 119
114 250
21 327
152 257
344 407
318 372
55 124
93 223
149 397
44 267
18 156
29 49
85 99
62 320
290 378
22 114
13 320
72 290
196 326
186 408
295 350
66 111
57 325
3 252
9 348
65 313
140 357
136 356
193 335
9 352
16 180
73 297
389 405
234 330
247 301
93 374
77 98
329 360
14 139
166 355
3 306
72 308
49 138
207 227
137 394
305 331
120 386
99 380
51 61
99 378
64 78
17 355
69 171
33 162
31 242
40 173
117 397
22 117
92 102
41 165
64 91
33 341
14 393
289 382
242 293
112 382
170 185
197 231
231 345
231 254
144 319
367 377
290 340
34 84
217 271
52 84
27 108
264 369
149 256
262 397
104 357
68 169
123 270
187 202
103 379
22 272
48 159
104 184
55 237
142 288
91 114
88 103
114 354
207 408
182 339
268 403
116 182
352 394
165 252
193 207
49 147
206 229
130 359
8 127
137 288
132 295
248 355
60 404
104 409
196 306
153 244
159 211
170 383
275 339
265 310
152 327
36 403
12 131
153 337
78 243
174 235
3 340
270 392
15 330
66 347
213 343
93 286
121 405
259 334
166 300
180 203
114 116
4 191
255 392
42 344
8 330
75 395
216 363
106 297
296 331
86 256
162 287
332 407
40 229
141 322
13 50
191 309
57 106
24 193
66 223
231 294
4 245
303 332
33 138
145 300
95 170
253 399
144 158
340 369
84 257
40 394
89 388
292 388
53 166
221 260
34 229
221 393
227 353
37 371
232 327
142 183
271 285
90 129
110 134
123 216
118 239
334 367
137 349
10 125
34 127
80 271
47 123
272 311
2 175
51 367
196 332
19 111
19 62
24 306
128 266
58 63
118 227
133 167
297 355
11 263
47 193
5 87
95 317
180 227
57 219
51 261
135 276
271 298
185 257
32 258
205 332
104 154
97 195
143 385
66 330
87 161
97 101
207 252
69 178
180 328
69 167
200 280
273 322
220 307
123 135
5 57
207 375
315 319
105 259
72 242
57 135
294 309
52 385
257 348
37 400
40 136
110 269
64 354
57 215
44 360
63 231
254 311
29 341
159 319
167 187
221 298
151 408
97 320
216 409
170 325
61 149
374 394
5 88
21 183
63 342
242 394
297 312
101 280
24 162
53 366
253 406
92 222
10 68
234 256
309 396
279 286
126 368
29 283
123 362
224 350
260 291
127 346
155 238
343 404
157 269
75 142
136 239
188 341
20 323
51 237
21 254
39 206
66 400
325 370
9 219
45 376
117 199
189 376
264 373
103 389
85 217
96 108
171 403
160 268
223 301
3 354
87 345
176 404
126 317
43 173
202 341
218 322
304 314
56 287
346 375
83 183
6 175
29 138
1 389
123 194
250 268
295 329
10 89
306 370
326 336
13 22
152 273
178 245
176 409
168 379
368 390
88 112
231 358
49 262
92 276
117 180
5 73
11 241
106 389
93 353
371 394
319 360
105 143
174 400
277 394
168 189
58 79
206 367
88 122
75 185
103 141
90 290
210 391
171 355
82 180
65 304
248 345
123 245
4 244
64 121
156 281
184 264
108 339
34 356
130 323
47 191
157 344
191 236
251 328
248 394
95 287
330 388
7 114
14 159
160 249
131 284
300 306
129 355
87 261
10 379
50 154
57 387
5 165
14 360
251 334
4 105
100 115
333 381
254 379
298 320
173 281
241 268
28 383
87 343
58 222
33 36
81 327
43 371
165 178
40 174
130 258
31 400
4 80
5 275
175 387
17 23
235 399
270 338
133 361
20 330
8 291
62 167
154 236
48 57
240 371
162 202
217 313
70 168
289 337
240 408
129 234
88 92
72 344
11 212
27 409
29 80
57 257
207 356
50 74
8 394
290 351
46 248
39 273
89 113
46 119
96 164
322 345
47 267
2 332
87 139
4 392
57 111
138 369
60 69
156 291
30 104
171 336
71 124
248 255
182 292
127 226
72 348
10 313
157 389
158 296
274 323
287 322
199 366
213 405
177 183
208 344
151 247
230 346
23 136
40 240
83 193
11 45
70 286
39 403
11 204
34 193
330 409
71 250
127 402
184 248
102 174
356 401
244 292
247 279
9 345
248 377
188 333
26 99
237 361
115 310
125 153
201 320
69 312
215 269
176 245
1 334
241 252
166 199
96 210
87 357
117 158
356 369
68 355
152 399
214 258
23 108
43 194
153 257
34 226
182 245
243 363
100 324
101 336
64 348
400 402
302 315
223 370
168 191
141 301
234 309
51 254
178 375
241 340
50 301
19 227
205 359
74 328
175 332
50 335
245 350
59 308
90 278
294 337
70 309
225 361
8 152
212 318
48 357
116 256
106 374
4 406
25 396
250 382
153 325
59 390
239 366
3 210
75 219
294 389
110 247
33 305
143 322
186 284
15 124
36 181
19 246
14 388
269 408
33 122
3 48
64 79
138 335
306 336
136 228
91 367
95 332
11 217
156 408
268 363
276 322
50 246
42 349
23 62
192 379
27 340
85 194
67 209
92 386
343 382
334 387
78 191
201 265
68 342
153 374
188 300
74 152
179 260
66 343
29 79
9 350
292 380
46 211
26 101
13 85
132 391
177 373
283 355
194 389
330 407
58 251
267 280
156 356
90 105
153 304
266 321
218 283
153 194
253 318
139 265
59 93
174 202
284 371
101 236
274 315
89 219
133 348
194 227
284 360
11 367
292 313
11 181
157 400
100 112
178 404
83 361
4 334
154 330
243 287
37 201
11 278
109 356
131 285
225 295
63 197
206 304
310 352
30 400
193 243
79 387
373 393
212 255
162 373
112 271
298 354
54 158
53 197
71 272
92 155
158 170
172 224
132 219
129 254
161 389
178 400
164 326
25 65
92 174
370 405
47 178
10 271
55 317
192 236
165 335
47 133
19 239
203 254
22 339
147 300
87 277
323 351
93 202
283 331
116 242
2 393
152 219
57 210
200 215
261 399
67 378
241 337
65 151
150 370
39 302
124 246
137 392
216 289
20 287
143 309
316 317
265 267
207 218
107 275
88 201
129 302
17 153
236 247
198 256
51 328
55 359
264 287
56 220
234 287
233 294
93 331
49 100
181 309
5 95
39 124
181 402
153 219
215 407
80 140
137 164
320 344
229 384
25 41
4 72
116 243
10 27
66 398
67 166
233 287
92 336
95 213
198 329
192 225
238 407
166 229
79 177
145 179
223 380
85 158
269 296
275 371
233 243
36 305
6 119
