1906 1918
83 1481
34 1495
1339 1894
64 1634
706 1438
1000 1350
456 1174
199 783
450 662
579 1884
980 1373
773 1042
167 680
344 1813
1252 1810
459 604
1338 1816
776 961
659 825
675 685
1160 1872
1147 1383
184 1047
674 1592
262 1687
284 774
611 982
1712 1832
284 409
472 1034
408 559
562 1802
1112 1120
333 785
1154 1562
59 1615
1018 1425
780 1879
553 703
886 1112
825 1294
1303 1321
513 1048
64 661
334 577
1415 1556
533 1401
673 1277
1347 1811
755 1878
333 1514
390 1823
1301 1837
90 1070
123 910
1181 1282
1336 1861
305 1505
447 1678
800 899
85 1204
324 657
531 1465
1331 1716
669 849
639 1716
976 1365
1015 1522
55 140
395 633
476 1647
1023 1431
1520 1543
1384 1822
579 927
1056 1389
1071 1121
1170 1632
337 830
172 371
17 742
315 1831
444 1041
438 1762
817 1803
1117 1147
704 1870
7 96
560 827
838 979
1392 1408
707 1051
313 1898
41 1633
610 1058
193 1663
44 1205
588 687
917 1752
584 1556
226 818
1280 1461
1012 1685
1445 1500
251 1136
156 430
52 606
189 1755
1224 1630
335 658
852 1144
696 1661
489 519
837 933
699 906
32 895
1152 1515
681 1217
943 1860
557 1090
8 782
331 890
133 1656
1192 1484
369 1010
1646 1901
107 1256
1319 1325
1679 1892
410 1474
120 507
1573 1711
269 598
675 1699
246 1799
312 1475
1377 1387
682 935
71 1569
255 1016
130 516
891 1345
944 1483
1267 1666
847 1881
1211 1378
16 586
1055 1768
134 809
253 1570
325 1381
1450 1715
77 304
782 1680
288 791
394 1132
156 1004
1028 1353
51 414
822 1660
63 1635
340 386
735 1846
176 494
62 250
496 914
479 1674
789 1630
114 158
1155 1730
13 1066
743 1100
340 483
950 1189
996 1262
720 1850
1251 1496
287 1508
576 1695
551 1166
517 1221
34 1087
441 1580
82 521
631 1615
1086 1890
441 449
571 1741
19 1356
217 1540
944 1212
275 942
47 318
413 1476
267 724
53 953
35 516
628 663
480 854
350 1395
587 1531
1027 1463
179 1298
239 742
1191 1237
161 945
1427 1723
870 1231
212 1310
1257 1739
541 816
831 1772
1215 1402
509 1199
270 914
24 282
1013 1075
1284 1492
162 750
787 860
136 1410
525 1049
872 1870
82 1360
89 1515
1007 1097
99 587
1641 1844
382 746
1216 1417
3 1128
766 1337
1033 1129
505 1548
373 729
279 1894
1198 1362
1533 1584
793 819
393 1062
63 187
1039 1222
796 810
1150 1761
992 1594
962 1151
323 1001
963 1906
1368 1398
54 901
1748 1779
697 1210
230 644
664 1081
791 1542
272 1796
689 1527
1218 1631
283 1316
93 1478
536 1744
947 1791
376 527
585 1692
407 826
68 235
589 866
677 955
4 702
834 1736
420 914
634 740
1519 1550
150 286
881 1328
22 1009
1544 1714
510 938
1572 1581
1060 1122
279 1845
174 926
462 1069
1172 1575
635 1466
941 1285
467 1406
665 1649
1312 1776
302 1447
701 848
600 1826
1285 1436
635 1200
911 1735
204 1104
534 1589
1374 1390
655 876
801 1183
482 1700
464 899
520 1790
332 353
1675 1868
407 868
679 982
1055 1228
149 811
337 453
1534 1550
1151 1178
501 664
92 468
1130 1529
3 1452
971 1664
1677 1782
493 1726
524 1843
131 1507
151 1139
1369 1662
715 1627
1847 1853
1344 1725
990 1240
375 1127
917 1033
307 1618
716 1690
190 988
780 1830
805 1801
535 716
602 1241
846 1745
278 1153
695 956
162 1432
389 1119
433 585
182 534
86 1227
723 1854
1015 1264
263 1255
1129 1131
655 1621
148 618
705 1054
1424 1684
523 922
1137 1733
817 1375
160 1856
416 1271
844 1601
378 1574
556 804
824 1547
240 1303
1017 1277
61 1357
485 913
48 1527
1433 1477
1565 1707
201 1537
348 417
1316 1891
457 989
228 741
1624 1900
861 1456
666 1546
1167 1542
732 883
1020 1822
1105 1273
678 1136
236 320
195 324
914 1391
33 496
181 1042
1034 1607
768 1825
226 1028
620 630
1261 1783
506 589
1134 1811
1335 1885
186 1551
120 900
307 1067
609 919
43 1525
1448 1501
412 1701
619 1902
696 1276
910 1797
897 908
1187 1774
399 1618
21 1553
55 398
1341 1790
728 887
1057 1205
677 1103
25 1241
840 1010
1002 1124
129 1361
470 1465
1164 1872
310 1490
404 1264
811 1675
832 1249
365 1087
119 1197
2 1371
567 1320
1000 1260
1544 1772
446 1744
1809 1847
209 1126
845 1896
330 1057
221 260
564 1713
406 1687
1164 1376
1162 1426
1396 1440
813 1064
439 622
28 792
336 1417
274 366
311 1851
445 698
1011 1666
464 596
141 1437
983 1598
349 1389
270 442
125 1182
18 1213
249 1376
1220 1672
372 1742
205 757
58 739
592 971
244 384
455 977
823 1778
1272 1636
984 1320
1546 1599
889 1346
1407 1696
599 1590
301 861
1824 1877
198 1533
1561 1869
918 1031
969 1904
692 1250
192 1109
1643 1677
1030 1567
549 1106
448 1251
7 833
356 1517
769 1197
831 1819
420 1698
437 1547
1433 1657
107 615
361 1403
265 1751
785 1786
374 1334
652 1722
126 1045
514 1302
1263 1617
1851 1895
994 1295
332 630
1516 1572
829 1036
74 667
1471 1808
116 1624
717 1843
342 1537
732 1877
481 1079
615 1279
557 1120
1484 1577
278 1589
996 1514
467 832
1163 1815
258 1078
454 1625
498 1787
100 756
614 1769
869 1029
316 1439
25 1735
1326 1779
721 1694
590 1591
219 1588
57 396
707 761
370 907
108 529
894 1191
243 341
607 1604
176 1467
896 1317
847 1707
258 1761
884 1359
91 646
583 595
1335 1437
970 1287
436 1145
112 735
902 1162
308 1736
550 1107
213 1292
60 651
26 413
1185 1635
643 1075
948 1513
815 1821
1411 1793
744 1668
1412 1867
794 1587
1451 1773
364 1420
593 1509
1149 1175
15 1889
165 1135
101 511
376 528
1370 1764
1700 1810
339 1403
14 1142
113 1667
1126 1304
726 1156
748 1422
973 1409
822 1080
708 1026
1656 1759
461 626
1014 1766
1221 1248
760 998
237 755
46 1369
548 1189
459 1727
213 1875
1568 1817
920 1508
1111 1584
1079 1837
222 1469
302 486
421 1342
1313 1359
504 1734
613 1186
914 1031
1133 1302
1138 1141
18 1153
540 623
451 518
673 1496
995 1291
126 225
352 1642
215 966
388 1645
978 1447
103 323
451 1530
294 1665
503 1697
310 1732
282 844
872 937
1625 1868
159 1252
164 1003
280 1235
432 1864
1669 1842
668 753
139 1169
1299 1520
115 540
387 1305
173 1439
931 1354
415 1442
648 1307
246 1693
11 1853
132 1305
265 966
1080 1466
110 726
183 734
799 1019
598 1168
985 1852
5 808
1019 1254
449 1717
1475 1705
718 1001
1327 1578
158 502
1269 1562
1409 1590
1413 1474
984 1073
649 1516
993 998
394 1218
419 1322
244 946
730 1035
75 722
1159 1333
1771 1862
242 1321
288 1840
907 938
19 1177
203 1769
1415 1815
172 322
217 1724
712 1148
133 634
783 1364
271 896
770 1336
326 1101
573 714
234 1875
572 1636
987 1611
49 928
57 321
219 1669
647 900
363 1163
259 1670
58 426
50 1767
1232 1758
838 1620
27 1448
195 1297
200 1195
141 493
919 1733
1408 1685
232 1018
767 1629
751 1355
319 1640
461 1747
646 927
522 683
422 1160
599 719
1198 1719
431 504
395 423
171 1883
201 1473
670 1596
642 897
935 1443
613 939
892 1592
42 1229
1206 1598
558 1597
65 93
751 1641
731 1760
308 1426
1223 1228
541 1337
304 914
10 492
1208 1551
826 1640
47 104
478 1440
1330 1331
654 1158
878 1254
116 1627
150 357
523 1626
435 638
519 1088
1157 1193
403 488
242 276
81 1074
254 821
1014 1780
1459 1830
48 426
433 1195
500 682
442 969
575 1480
778 834
346 1576
609 1762
974 1785
700 1680
345 1502
667 863
662 1148
400 759
143 1247
652 1633
562 1124
343 913
411 1390
179 210
979 1065
795 1650
1367 1651
936 1043
753 835
637 1379
113 610
379 1593
409 1608
92 1061
144 410
920 1146
1356 1714
1414 1658
525 1069
41 1455
153 1757
197 1208
802 1564
930 1758
499 1324
104 1514
720 1176
663 865
1299 1745
300 1140
558 1777
552 1037
243 1463
846 1619
294 1363
1106 1558
495 733
572 951
866 1329
1560 1778
20 37
786 1883
106 128
869 1616
250 1371
713 1266
329 758
874 1486
50 1603
135 212
727 807
40 207
883 1727
473 1049
28 88
551 653
1691 1692
772 1611
553 1794
1248 1554
527 1703
119 1458
327 1314
168 471
72 427
44 1780
1340 1380
621 1565
1436 1814
76 1134
406 1270
358 1397
214 1748
292 926
940 1351
275 1566
403 1450
364 650
305 725
803 1549
1211 1651
378 564
181 198
1454 1487
75 1838
349 995
803 1781
1098 1771
582 1181
466 1143
654 1039
747 974
424 1300
1470 1610
188 804
1444 1595
72 1432
1096 1517
1150 1612
578 651
248 781
1485 1580
554 1196
312 1722
232 1089
719 1709
693 1819
74 268
256 588
964 1874
637 1753
1295 1869
1038 1412
405 1462
1230 1638
1797 1857
1446 1858
816 1457
632 1876
875 1086
622 744
529 632
711 1063
976 1103
1514 1688
1613 1784
193 262
591 876
95 274
859 1498
1672 1725
759 1424
415 1629
1605 1653
45 109
178 1077
385 1512
604 1268
1037 1720
381 1145
1114 1881
643 1904
111 497
1612 1802
1411 1806
38 544
180 1493
914 1807
167 1279
722 909
78 1187
235 741
45 154
881 1893
578 806
147 1156
787 1346
157 661
644 977
485 1609
29 402
151 286
303 884
627 730
240 1494
227 469
1116 1874
656 1222
56 88
146 1052
848 1348
656 1777
1065 1698
80 1066
211 697
233 930
521 715
532 1140
1167 1522
418 438
1083 1738
905 1292
672 820
800 1499
853 1414
1214 1610
703 1863
705 1643
997 1750
1634 1838
6 535
1158 1694
192 559
228 273
1600 1798
252 1382
301 347
159 389
684 1002
778 882
1453 1765
874 1281
127 1871
1791 1854
937 1528
570 1152
802 1291
1233 1721
264 1786
948 1661
890 1385
67 1686
1354 1726
23 580
251 763
71 1888
153 1899
501 1841
546 1388
56 1118
892 1596
138 338
776 1567
512 1168
1047 1514
388 452
574 1860
1583 1828
293 1602
17 1021
1452 1535
414 1360
38 1366
61 1871
155 669
11 124
993 1053
184 1084
863 1460
520 1579
679 1514
999 1328
1165 1746
191 1703
1054 1514
1199 1247
105 224
370 1483
514 1657
290 1899
303 606
348 601
617 760
1523 1734
706 1421
233 379
830 1005
617 1020
686 1743
1288 1521
786 1040
1063 1608
672 1848
143 1715
174 1754
316 718
1511 1689
777 1729
384 1720
367 583
594 1480
710 924
79 788
698 1579
581 1826
1713 1857
103 1888
1101 1800
285 1557
344 1275
1006 1866
256 770
859 1179
109 1705
1095 1318
1258 1402
1165 1632
97 446
1035 1339
77 1593
1059 1564
241 745
196 204
31 885
517 818
1115 1623
580 790
142 1509
638 1553
180 985
350 962
247 795
309 1702
487 781
40 1639
582 959
1215 1238
463 1514
999 1559
229 1506
699 1366
873 1250
1265 1684
2 1206
1144 1468
328 736
686 929
264 427
66 988
1394 1849
1529 1898
31 319
983 1591
266 1859
124 402
115 220
835 1027
512 1281
1404 1709
470 1293
140 1499
1343 1524
443 864
1044 1718
1423 1673
1536 1805
273 1775
1155 1754
391 428
854 1763
565 1816
297 1257
431 1652
1524 1660
1099 1654
738 1455
397 701
855 1808
1334 1893
614 906
171 1301
429 752
434 1379
745 1268
254 1594
1501 1839
118 1770
1482 1711
1434 1729
754 1435
545 1364
676 839
27 533
238 1626
422 1245
918 1566
169 1504
134 1386
586 1614
1212 1457
678 695
1296 1502
259 1504
4 1333
84 639
981 1266
380 1188
67 1209
505 855
877 1378
949 1312
552 823
784 1194
24 1024
465 653
86 147
1278 1330
263 1836
154 238
477 509
60 1111
879 1846
1543 1855
524 542
836 1606
592 970
797 902
889 1852
462 1536
353 538
81 1444
539 1500
1045 1271
1310 1788
616 648
122 764
9 292
915 957
492 1317
1113 1219
1125 1488
915 975
508 1597
137 1659
1476 1827
1226 1470
1102 1570
1380 1419
160 1296
1024 1806
997 1209
101 1554
98 837
1135 1873
401 1108
1582 1903
821 1399
39 1161
1418 1706
1425 1583
497 1441
498 1827
326 929
570 596
155 925
161 814
96 1240
867 1016
285 1029
234 1674
526 711
14 313
1710 1776
1005 1461
1081 1169
819 836
1032 1855
366 914
543 1559
797 1283
833 1548
1119 1514
392 668
1534 1695
327 550
911 1647
191 886
439 1730
867 1242
209 1358
623 1678
30 1792
1166 1552
591 691
912 1217
554 1642
173 1498
790 1644
214 1481
1091 1539
611 1363
110 1449
36 1022
772 1530
309 849
95 763
299 1658
183 965
325 851
748 1273
73 1104
118 812
1243 1712
764 1737
146 1256
257 1178
260 1639
1091 1897
398 690
688 1130
666 1817
1170 1453
757 1238
1421 1486
633 1041
1127 1416
473 1555
177 1492
297 1394
1110 1262
84 476
1488 1652
163 1258
8 1467
576 1462
329 1122
542 1473
620 636
424 1349
1361 1514
1315 1322
261 351
189 989
1108 1829
563 1901
80 812
773 1809
290 1179
1196 1900
380 1353
131 624
247 737
336 418
736 1891
645 1766
1458 1581
66 1798
602 642
1242 1315
42 1595
850 1017
1616 1676
616 1514
798 1886
295 1849
967 1859
477 641
1084 1214
296 437
315 1294
455 887
556 1306
1059 1479
69 903
888 1523
1391 1401
627 1681
862 1013
79 660
880 1096
76 568
145 331
1216 1384
241 484
460 1323
190 1878
99 1691
1036 1431
1573 1756
458 1261
733 1903
879 1653
345 1298
215 689
436 739
321 1123
1563 1773
53 1471
765 1067
1234 1764
359 491
129 1236
369 1586
499 914
111 898
1459 1605
1704 1818
949 1278
85 421
1188 1407
1082 1413
132 346
1043 1410
951 1503
89 1757
531 1060
660 1040
709 1848
820 1602
354 963
128 828
130 1244
784 1728
528 799
70 1430
1038 1621
374 1655
619 827
1 186
1141 1775
281 683
383 702
771 1497
277 1190
1128 1324
1628 1788
1574 1833
511 1180
771 1732
363 1132
1283 1539
1718 1906
957 1121
994 1090
600 1897
1176 1582
561 1879
1107 1190
765 1382
775 925
547 1012
1260 1506
194 548
1 746
231 1085
792 806
102 448
694 1083
106 1789
727 1396
952 1329
185 1793
425 456
224 1446
1519 1905
805 1192
747 904
871 1441
296 731
32 916
335 574
199 975
423 761
117 1053
94 709
671 1454
510 1399
1865 1886
903 1460
973 1062
1231 1648
1731 1812
385 857
300 1026
891 1428
1234 1887
1557 1755
453 536
1526 1856
693 743
569 1845
945 958
432 914
210 681
1099 1588
717 841
1507 1831
1094 1370
13 1835
1006 1400
530 1274
871 1681
775 1568
573 1513
1313 1377
749 1229
544 1343
1022 1801
828 1259
368 468
54 135
723 1599
914 1683
428 549
700 1814
466 546
729 1405
923 1885
202 1143
245 893
311 532
317 444
712 1349
1138 1743
460 954
621 950
1259 1688
710 1690
386 972
508 1576
674 1560
249 252
1578 1741
1207 1249
1183 1558
122 507
105 515
916 1173
625 1792
148 1193
206 766
175 762
52 1805
142 941
494 1490
1073 1286
873 947
1003 1142
149 1799
375 1293
986 1829
9 471
59 257
943 1804
289 769
163 862
365 568
1493 1604
1154 1358
170 1571
1586 1823
936 1093
555 640
1224 1464
218 658
575 1824
1050 1511
845 1532
225 1518
503 987
1818 1839
1004 1171
343 355
624 1232
1375 1571
97 1149
691 952
377 1828
1538 1896
922 1139
1173 1784
1341 1386
342 1348
1284 1518
368 1203
958 1789
1619 1864
1345 1347
921 1025
738 1623
1172 1226
807 1482
1318 1689
567 1309
276 625
22 537
1007 1046
271 479
1186 1290
1074 1503
1068 1545
391 612
245 491
754 1701
992 1326
495 1686
372 1236
390 618
749 1239
1078 1585
1338 1600
87 1282
1072 1428
196 1710
796 1514
967 1405
1246 1679
268 351
713 905
603 1862
1113 1844
758 1233
868 1834
87 1835
809 1350
381 419
688 768
216 373
1097 1717
144 1820
317 547
306 1795
137 200
991 1683
515 1125
43 222
882 1813
393 469
230 1032
112 1659
704 1737
145 314
645 1114
253 1077
1374 1603
216 430
895 1728
1740 1800
16 1286
1030 1807
62 1750
330 1545
223 1351
581 842
121 207
750 1774
659 1048
371 1289
1137 1740
1512 1820
360 1510
1025 1117
267 590
629 857
865 1514
1429 1832
281 978
69 1768
1008 1892
12 356
1064 1449
1201 1708
341 396
500 1884
489 972
169 1276
1445 1796
12 1287
1418 1514
170 1637
1009 1673
1095 1746
102 1265
298 676
383 1280
794 1340
1082 1306
901 1184
70 1825
923 1609
1058 1406
1269 1355
283 934
934 1372
864 1696
1244 1759
488 813
90 1393
248 1392
670 1880
487 1442
227 440
1288 1783
1274 1719
203 306
1171 1314
1388 1662
231 842
840 1182
560 1606
530 1023
1230 1697
152 721
1654 1665
33 921
1072 1655
357 1840
1469 1794
138 347
463 853
1676 1867
1194 1225
1089 1102
401 1841
1207 1485
474 1742
15 1204
49 429
601 858
815 928
450 1905
829 1785
397 1430
211 597
904 1834
1362 1753
850 1304
440 1438
36 1528
843 980
968 1227
164 1397
322 1770
502 1213
898 1890
127 177
139 584
5 1308
221 291
518 1749
690 1803
597 1146
405 1663
20 694
789 1203
293 908
486 767
1420 1739
852 1549
612 1419
858 1646
272 1404
640 1177
856 1487
595 924
1505 1858
152 1395
1456 1781
417 636
1159 1563
793 893
314 1472
291 481
458 1332
35 1367
725 1747
1239 1765
878 1116
933 1255
404 1699
1118 1123
490 1344
1011 1094
569 1327
362 955
166 1763
914 1100
555 1767
1650 1731
814 1637
1161 1721
465 1435
740 1882
1180 1540
320 1070
914 1464
157 359
1387 1538
68 708
1235 1569
114 1429
561 1393
752 1237
1311 1373
168 986
280 1682
888 1061
399 671
377 1068
475 1649
255 1648
801 1494
1682 1880
756 953
650 810
482 968
261 1253
894 1202
125 1202
1297 1311
1668 1902
1535 1541
26 1833
1223 1491
236 457
626 1795
39 808
474 478
23 136
851 1383
565 647
1434 1628
856 1601
121 452
1253 1622
78 1319
1352 1782
1051 1577
788 1724
1220 1357
631 1008
334 1521
1645 1706
605 1585
1092 1620
1443 1836
1290 1510
194 490
361 1098
480 506
100 178
1109 1821
117 289
208 1021
46 1076
447 608
443 1887
932 1372
229 824
277 912
942 1308
1423 1622
206 1088
382 1876
108 1575
166 1110
483 1381
1614 1812
298 940
543 839
1667 1850
1200 1526
202 1184
29 1044
566 1702
188 400
205 208
187 328
946 960
513 1050
1552 1787
1245 1270
1131 1477
577 724
961 1895
416 1368
964 1398
522 954
218 1489
94 777
1352 1472
685 1889
539 608
354 629
197 981
367 1541
472 1497
237 605
6 1289
182 362
607 1704
295 566
51 1882
649 737
1246 1752
318 1046
1325 1749
1309 1478
1751 1873
594 1307
185 538
425 1093
387 1385
1617 1671
98 1842
445 593
1210 1416
1495 1756
165 266
932 1133
37 526
657 1804
1225 1525
714 1451
914 1342
692 1175
880 1555
939 1422
339 1174
687 1863
220 1056
30 1071
665 909
959 990
1085 1185
603 1300
269 1267
338 1400
1272 1489
1115 1532
843 1468
83 1243
1263 1365
798 991
641 1607
1052 1866
91 1861
484 1561
392 1332
358 1723
299 1491
434 1105
21 680
1531 1693
175 571
1275 1427
628 931
223 684
1092 1644
960 1664
1219 1865
1201 1479
408 877
435 1613
728 965
956 1587
841 860
563 762
411 779
1738 1760
287 475
545 1708
1157 1671
65 1670
352 355
239 1323
537 875
412 1631
10 870
454 1076
123 1638
73 734
360 774
779 885
