1998 1998
484 1576
894 1330
953 1124
1101 1534
24 1170
1029 1459
502 1817
729 1462
840 1714
81 1635
1247 1583
774 779
23 784
287 1001
1468 1549
355 538
739 1353
102 984
385 910
679 1287
836 1610
905 1539
387 655
276 1469
551 1841
49 1700
914 1241
575 1122
388 1662
825 1149
730 1033
181 966
386 1260
1054 1265
593 1579
832 1287
610 1222
1461 1995
1 87
453 1135
82 1363
313 1305
1225 1718
1030 1290
512 1372
1732 1844
1839 1902
1361 1909
1089 1223
1211 1912
697 1708
740 1175
349 1977
1699 1968
1336 1948
569 785
76 1079
459 637
1605 1922
528 1764
233 1695
468 1992
67 705
597 1806
8 530
777 1170
641 1004
397 802
148 441
123 1135
1434 1738
75 1599
824 1934
29 1643
82 755
193 559
757 1234
578 991
139 528
365 956
225 1893
519 625
1369 1423
566 1926
99 235
864 1539
194 1304
660 834
146 763
1492 1667
304 1745
88 1383
1357 1947
865 1388
573 959
790 1644
1518 1560
1548 1958
1444 1688
380 1452
1117 1276
76 818
576 1788
874 1611
213 843
271 1640
1648 1965
228 277
1329 1795
1096 1482
370 1814
1177 1555
316 816
1018 1284
1127 1970
52 1046
442 1958
670 1324
392 1405
916 958
594 956
1396 1930
1544 1612
853 1204
2 221
86 525
239 595
1111 1462
263 697
1386 1924
1063 1579
1031 1233
904 1878
517 1376
7 671
45 183
918 954
484 985
176 1913
1194 1722
14 1103
891 1331
787 838
618 1499
628 1762
1812 1848
41 894
1783 1927
1122 1937
288 332
114 291
112 720
197 1571
831 1979
378 810
354 1973
1600 1953
321 980
96 1928
793 1110
304 1651
544 988
1317 1557
688 1748
546 821
397 1109
39 901
710 1050
281 1243
1335 1595
1196 1338
255 626
1080 1909
1309 1609
418 1301
433 1364
349 855
546 1566
816 908
520 609
405 1659
322 806
990 1967
437 1723
1675 1829
179 1802
393 1988
1244 1740
1353 1546
1002 1537
985 1576
117 1099
1733 1970
974 1561
205 607
1119 1910
1141 1639
178 1554
1070 1689
727 869
653 1668
596 1735
1591 1896
722 725
1720 1864
449 1405
382 1580
186 361
1253 1324
780 1206
811 1586
1730 1763
486 1000
460 1454
202 1333
341 1387
549 1437
1257 1988
450 714
553 976
97 328
1125 1547
371 1715
752 801
456 922
27 1664
1061 1404
1023 1775
160 965
1188 1400
135 1663
43 1455
108 419
1558 1827
1000 1263
404 1360
1545 1765
149 165
15 704
18 1616
771 1641
301 487
739 1546
1604 1702
572 1529
664 1410
560 1634
67 1532
1429 1660
212 1819
204 1486
70 1665
414 1318
364 1349
747 1677
585 1351
590 817
1519 1851
1106 1751
548 803
1428 1994
601 1869
434 1428
907 1300
789 1799
607 1066
13 509
873 1784
1509 1698
58 1997
195 1992
935 1537
986 1652
636 1639
685 986
560 1687
518 1861
542 580
1101 1261
885 1384
1819 1850
223 1281
251 1238
1249 1878
1011 1592
92 219
865 1725
246 1307
1136 1747
543 644
635 1033
566 1520
639 1636
105 796
650 651
111 1307
1603 1836
151 854
496 709
410 1271
212 1850
399 1012
84 1430
713 1563
1216 1960
1394 1929
448 1191
90 1297
1529 1568
665 808
1755 1900
329 1563
1333 1957
1274 1794
1006 1156
1443 1993
196 778
721 989
336 1558
360 1230
116 152
1578 1802
1493 1831
1118 1550
1265 1408
211 396
537 1525
16 1179
836 923
234 624
353 996
108 921
1065 1562
1028 1346
192 536
471 723
860 929
1620 1692
45 1790
1941 1989
509 1352
320 946
710 1607
1597 1648
472 1689
436 1521
834 1256
103 423
1495 1701
672 1328
42 1509
34 1605
357 1026
1133 1183
896 1961
898 1164
704 945
1279 1913
1646 1656
1314 1618
1280 1288
463 1351
485 1836
1583 1905
444 1120
170 1679
1789 1895
1225 1542
224 1971
1042 1089
1555 1712
1091 1434
1598 1872
1068 1767
718 885
52 1842
1432 1488
673 1418
95 520
689 1768
388 1128
1102 1145
951 1116
842 1312
1377 1541
337 822
57 1481
1347 1598
879 1873
691 1100
914 1456
911 1675
1626 1644
580 1728
559 1298
1516 1854
752 1500
466 1159
243 1517
264 1904
475 1498
1095 1239
333 1201
9 1717
25 351
655 981
601 1003
890 1896
1477 1615
80 686
782 1862
998 1200
425 1206
187 1242
352 726
1081 1655
1443 1766
1016 1448
1449 1845
120 570
822 1251
282 979
567 1629
177 1234
1653 1935
172 653
364 1628
154 567
137 1742
400 869
1124 1975
896 1193
438 552
210 1157
1194 1358
4 1751
541 562
240 868
442 1548
818 1079
805 1419
1082 1237
1090 1907
1103 1172
1032 1885
235 617
853 1425
1001 1577
593 1063
767 1935
772 1341
658 1793
57 1504
284 638
70 558
862 975
657 1888
715 1854
262 378
374 1436
401 966
478 723
717 963
1450 1670
823 1099
266 1691
1108 1746
496 1072
91 1984
846 988
124 480
767 1653
1447 1494
296 506
189 1022
134 1820
373 791
564 1762
1143 1508
997 1916
46 634
904 1249
648 807
1705 1918
193 1298
492 1507
841 1980
127 1327
813 1729
464 735
60 289
284 967
695 1769
500 859
1460 1973
125 1470
169 1705
557 1299
890 1591
550 618
150 1065
377 1212
499 1744
21 1404
175 916
163 942
470 678
731 1474
23 926
606 1659
268 499
776 1702
1402 1876
983 1806
132 872
884 1795
552 1445
661 1248
1040 1622
1661 1780
1163 1503
80 1291
1715 1880
129 602
147 1914
337 1251
188 1636
854 1496
125 798
1021 1087
293 1383
307 1567
829 1560
939 1656
1190 1561
59 744
843 1058
765 1098
992 1752
1289 1412
392 449
545 1982
129 1165
839 927
974 1190
598 640
430 1064
163 728
244 1874
144 323
335 1590
119 707
602 1165
324 1320
1045 1934
519 1345
365 594
1766 1993
1565 1953
255 928
1597 1965
1242 1306
1310 1570
951 1858
514 642
761 1319
543 1891
298 1866
1129 1323
1255 1540
1217 1313
643 1252
66 1231
227 1074
60 318
174 1043
321 742
1212 1439
1173 1473
1596 1739
422 524
732 1919
725 1863
820 1093
58 1843
1754 1760
1027 1556
1269 1621
771 1771
310 1761
1148 1750
35 1335
477 1543
1507 1959
369 1638
931 1991
1097 1671
169 1918
741 1374
912 1273
699 1394
692 842
1758 1964
1270 1681
203 402
73 1567
1717 1773
297 1366
1494 1572
258 1681
1264 1269
20 1798
302 1374
1083 1138
471 478
835 1760
41 1330
1149 1838
328 1084
175 958
151 1496
743 1617
1557 1911
849 1602
153 1392
898 1899
63 1114
1132 1243
862 1199
311 1227
140 1337
622 1365
707 1824
1641 1771
242 1260
486 1263
1015 1051
280 1506
375 1867
20 1938
1177 1712
604 1431
456 1741
22 1144
56 947
588 647
222 589
285 1693
65 1904
154 1629
128 1983
1493 1774
35 1595
599 1781
1039 1041
1202 1755
495 500
414 1808
716 1855
450 1446
587 1464
1757 1759
1461 1710
1421 1660
286 732
249 1437
44 1211
736 1121
821 1566
733 1293
289 318
40 733
383 1488
906 1498
185 1815
428 1119
1424 1697
116 198
772 1115
1036 1098
73 307
1510 1855
230 1763
786 1016
376 970
430 690
698 1867
1034 1551
299 913
277 1245
346 1884
432 1409
1438 1503
1526 1716
105 1945
557 1825
14 1172
870 1952
437 1057
1502 1882
943 1666
387 981
692 1312
798 1470
1843 1997
7 866
619 943
206 851
1736 1823
809 1203
936 1213
1736 1962
290 1038
902 1468
379 1585
250 913
1187 1240
355 623
1371 1789
1088 1213
677 1866
1614 1778
1876 1966
214 668
420 669
975 1199
424 1196
372 1430
1042 1223
1709 1746
495 859
1222 1348
776 1604
77 1442
978 1004
218 833
398 473
517 701
1009 1678
348 651
1535 1960
935 1002
426 1788
294 1810
319 1643
141 1486
1472 1625
81 236
231 536
237 1759
1323 1523
659 1941
64 634
182 838
510 759
336 1827
438 1445
712 1575
605 627
709 1072
796 1945
131 577
573 1350
729 1111
581 1030
498 1463
703 1171
1050 1607
909 1020
1258 1685
481 977
716 1510
918 1721
635 730
886 1078
982 1419
1076 1082
244 295
1552 1883
213 1058
667 1893
521 1826
1441 1544
761 1278
216 511
670 1253
265 1946
214 309
22 1969
447 1087
1779 1864
164 750
259 1950
454 925
1367 1543
699 1929
963 1186
1264 1621
187 1306
2 101
608 1906
633 1019
689 1205
122 773
939 1646
217 1258
1266 1433
515 979
434 1994
911 1829
494 1198
269 1415
574 1810
693 1041
1209 1987
366 1175
63 406
296 1168
306 1228
230 1730
53 1487
1310 1645
615 1483
1478 1592
352 415
133 1228
1035 1787
260 1856
403 1195
1402 1966
507 1457
555 1094
1232 1868
407 1713
292 1277
50 312
681 1044
200 1332
1071 1266
562 1130
94 915
118 1056
954 1721
74 1373
855 1977
530 1226
991 1385
88 293
504 611
395 1060
461 750
61 1791
1240 1606
675 1950
270 1259
794 1125
469 1014
751 1679
207 276
157 863
390 1107
1406 1415
1107 1295
345 1719
738 788
31 1392
858 1748
18 1676
508 892
1105 1232
94 1085
1214 1575
959 1350
1142 1697
391 1947
790 1626
795 1442
947 1822
260 1154
83 909
1127 1733
55 1246
205 1066
644 1891
1093 1559
1454 1647
765 1036
340 1770
206 1184
232 1749
12 799
791 1356
54 1143
170 751
561 844
1427 1551
353 1010
286 1919
783 1366
1399 1654
841 1816
342 1013
408 1633
272 1851
701 1376
539 817
1830 1833
89 1463
335 1359
348 650
222 1422
1055 1811
861 1457
130 1382
1077 1658
247 1355
686 1291
941 1138
32 416
479 1382
287 1577
1466 1828
665 1511
334 961
1195 1686
421 612
344 1145
490 1902
418 1411
527 1008
876 1527
272 1519
679 832
51 142
252 1602
946 1772
1627 1967
758 1044
9 1773
570 1897
283 1161
674 1292
1 190
1814 1954
115 1075
1349 1628
1334 1700
1146 1343
1262 1670
326 1884
512 706
409 1483
724 734
803 1282
960 1221
107 462
828 1331
362 545
554 1490
1140 1296
1187 1606
1278 1319
658 875
1452 1837
1259 1840
1520 1926
97 1084
1987 1998
273 1189
172 1668
531 754
98 895
1224 1932
1029 1939
1241 1456
1275 1740
402 1471
571 1297
180 215
467 1391
706 1372
1753 1791
405 606
619 1666
770 1487
66 920
256 863
700 852
1285 1695
275 1943
1390 1431
1467 1491
1506 1734
176 1279
265 1192
44 1912
1481 1504
31 153
1163 1438
969 1140
550 1499
755 1363
1202 1900
1320 1476
815 1055
852 1796
363 1032
27 1250
62 879
274 1355
301 812
362 1982
518 1181
455 1623
324 1476
1009 1112
136 1940
65 264
1398 1599
620 927
1342 1817
166 314
1252 1339
158 1672
326 346
332 1892
1022 1860
28 1120
722 1863
514 1303
342 1800
829 1518
864 905
833 1220
769 955
564 628
147 1017
17 1890
254 1316
19 773
118 964
34 1922
748 1311
753 799
103 762
1403 1553
210 962
279 491
1379 1886
532 629
632 976
167 1086
592 1380
279 871
446 1340
285 1524
738 1690
126 497
369 600
1379 1818
238 1377
275 1047
452 1136
1161 1704
399 1451
347 1916
217 1685
831 934
1364 1711
779 1637
1657 1991
1048 1436
69 407
688 858
211 764
938 1618
784 926
613 1573
1308 1809
86 1976
162 431
1128 1662
1447 1572
161 1081
436 1514
257 561
893 1288
1080 1361
915 1085
93 191
106 331
62 1873
262 810
1017 1914
472 1070
533 1986
84 372
467 1996
270 1840
281 1132
768 1890
195 468
8 1226
663 1387
26 1906
481 1123
1174 1826
1178 1642
1171 1283
338 760
613 1207
297 783
19 122
85 1399
1274 1569
893 1280
134 1024
180 631
268 1744
207 1469
1371 1895
1459 1939
6 93
117 823
825 1838
719 1059
184 1812
624 1792
10 1862
356 448
788 1690
695 987
11 1737
586 1151
575 1937
143 1180
934 1979
101 221
462 1533
526 748
168 711
445 1026
1181 1861
368 807
322 1581
717 1186
591 1797
603 868
1777 1917
813 1743
209 907
452 1747
258 1270
145 1933
876 1286
283 1704
1631 1761
329 713
347 997
315 1210
135 1113
488 533
156 1069
75 1398
995 1877
1160 1373
646 1859
49 1334
104 1803
1024 1820
138 930
1304 1835
77 795
1834 1852
940 1185
565 830
604 1390
626 928
775 1528
171 1189
656 1870
620 839
501 743
278 1984
1246 1921
622 1322
971 1944
895 1608
36 583
1634 1687
830 1294
656 867
971 1674
202 1957
242 386
828 891
124 1480
1250 1664
837 1134
446 676
236 1635
95 609
1522 1844
24 777
1286 1527
1378 1714
381 759
693 1039
1951 1990
1680 1752
897 1482
1188 1813
223 1683
556 666
579 1696
1347 1872
178 1978
409 615
1218 1495
684 719
1218 1701
1729 1743
1049 1336
37 691
181 401
654 1778
1005 1255
1034 1427
140 1531
451 605
1849 1915
1421 1429
314 389
331 1389
503 746
366 740
584 1924
731 1630
363 1885
271 645
1151 1706
582 1381
1095 1865
184 1848
714 1446
413 1828
1682 1770
953 1975
469 529
662 1797
21 1061
218 1220
351 1785
465 1632
339 1137
1542 1718
113 379
548 1282
674 702
797 1667
359 1881
261 1233
3 1162
1272 1403
1131 1903
367 1426
40 1293
1112 1678
394 1395
538 623
174 687
149 880
747 1936
804 1586
1192 1946
79 872
845 1882
700 1796
587 1407
696 1933
1308 1649
183 1790
1057 1723
384 531
357 445
131 483
505 1467
901 1782
774 1637
343 1623
910 1901
642 1303
393 1257
1710 1995
902 1549
541 1130
563 793
71 1134
381 510
330 809
197 1501
51 1485
489 1875
209 1300
595 649
582 1235
110 1117
1360 1931
578 1385
551 882
459 1821
684 1059
422 1167
633 756
253 1832
535 847
298 677
138 889
457 1423
474 789
972 1830
857 1739
391 1357
143 944
522 792
1505 1765
415 726
638 967
513 785
1248 1847
188 639
317 1484
800 1784
160 1073
320 1772
1593 1672
313 1574
1414 1923
440 1807
208 1550
426 576
1216 1535
47 1328
1435 1633
660 1256
356 1191
367 1536
451 627
992 1680
1344 1956
1025 1410
944 1180
1244 1275
400 727
1426 1536
1281 1683
485 1603
410 1489
769 1908
374 1048
1570 1645
1522 1732
243 1972
308 1197
882 1841
1018 1801
1054 1408
1317 1911
1028 1974
1035 1153
1126 1956
429 1092
1215 1894
547 1903
439 735
441 516
261 1031
159 1393
487 812
1046 1842
637 1821
805 982
250 299
4 1106
1267 1289
756 1019
1301 1411
664 1025
845 1502
71 837
309 668
237 1757
89 498
1154 1856
1053 1362
511 1497
948 1642
37 1100
1207 1573
969 1296
1441 1612
377 1439
1193 1961
703 1283
102 827
96 1475
529 1014
439 464
1299 1825
621 1737
383 1432
1153 1787
878 937
1272 1553
1513 1775
1115 1341
78 1887
1038 1530
708 1857
463 585
591 662
136 1694
371 1880
1205 1768
1501 1571
39 1782
887 1236
1619 1719
786 1448
1477 1871
292 1401
327 1832
72 114
159 1985
395 443
1691 1731
220 376
610 1348
1720 1779
83 1020
263 1708
995 1139
1262 1450
1650 1875
240 603
148 516
1268 1564
973 1564
676 1340
1150 1815
737 778
1007 1807
513 569
506 1168
712 1214
900 1671
267 1006
15 945
483 577
338 749
1458 1716
17 768
808 1511
721 1176
1616 1676
932 1321
150 1562
194 1835
465 1440
1147 1309
802 1109
1221 1684
1005 1540
56 1822
1818 1886
267 1156
428 1910
317 476
282 515
1474 1630
208 1118
586 1706
886 1889
646 1707
30 940
1677 1936
922 1741
881 1915
130 479
1147 1609
489 1650
972 1833
820 1559
1554 1978
588 1776
1142 1424
104 358
354 1460
1413 1888
254 1037
687 1043
443 1060
427 1182
874 1219
55 1921
305 325
708 1315
989 1176
119 1824
475 906
490 1839
1505 1545
553 632
775 1786
1139 1877
941 1083
654 1614
201 1930
746 766
488 1986
1397 1490
568 612
964 1056
1027 1052
201 1396
1200 1669
368 648
840 1378
185 1150
797 1492
112 999
1133 1724
850 1927
522 1325
1091 1738
36 949
544 846
164 461
1315 1857
847 1920
673 1981
1277 1401
32 919
903 1182
977 1123
718 1384
1512 1780
145 696
10 782
1092 1673
315 1158
1694 1940
311 1479
497 652
1078 1889
1584 1805
685 1652
806 1581
390 1295
69 1713
1391 1996
325 1588
38 1990
1337 1531
1067 1923
507 861
412 1781
411 432
572 1568
330 1203
1388 1725
1146 1152
1375 1805
429 1673
98 1608
794 1547
482 957
61 1753
781 1727
917 1580
1164 1899
224 1354
38 1951
1514 1521
228 1245
1247 1905
12 753
1321 1601
127 614
1116 1858
288 1892
1219 1611
199 1932
1326 1395
203 1471
643 1339
875 1793
171 273
1816 1980
333 493
669 1169
411 1409
90 571
1524 1693
936 1088
173 1173
50 819
508 994
3 1594
554 1397
1158 1210
749 760
1517 1972
952 1069
420 1169
1197 1229
1418 1981
1067 1414
72 291
109 1104
219 1925
899 1834
1040 1955
110 1276
702 1292
29 319
1090 1587
1318 1808
334 534
1012 1451
1346 1974
1113 1663
100 1692
146 523
1152 1343
196 737
474 1799
711 883
1512 1661
226 555
186 1613
715 1516
48 734
382 917
1472 1846
1615 1871
815 1811
358 1803
888 1758
957 1756
1380 1417
232 1589
380 1837
457 1369
563 1110
423 762
216 1497
1051 1624
584 1386
955 1908
359 848
253 327
1569 1794
316 908
998 1669
1649 1809
47 672
477 1367
682 1699
303 993
629 1879
856 1444
1589 1749
78 694
303 1370
636 1141
827 984
616 744
121 1952
1582 1735
295 1874
850 1783
473 1208
247 274
938 1314
1126 1344
878 1804
302 741
1105 1868
996 1010
1062 1077
113 1585
394 1326
162 248
1037 1316
501 1617
556 968
11 621
157 256
705 1532
167 933
1823 1962
1305 1574
614 1327
502 1342
454 1368
192 231
1322 1365
494 1942
85 1654
558 1665
252 849
525 1976
1023 1513
384 754
257 844
682 1968
848 1881
889 930
1076 1237
657 1413
229 1894
867 1870
645 1640
120 1897
597 983
480 1480
16 33
625 1345
792 1325
857 1596
87 190
107 1533
539 590
671 866
440 1007
1362 1726
476 1484
373 1356
888 1964
630 924
350 781
1068 1949
503 766
1217 1416
1183 1724
1313 1416
403 1686
417 1845
413 1466
1254 1963
290 1530
581 1290
1332 1420
92 1925
123 453
398 1208
1528 1786
532 1879
168 883
179 1578
344 1102
1198 1942
1587 1907
1565 1600
341 663
417 1449
592 1417
1774 1831
596 1582
728 942
42 1698
877 924
59 616
139 1764
482 1756
960 1684
589 1422
1393 1985
1148 1302
43 1155
310 1631
166 389
245 504
920 1231
305 1588
215 631
360 458
419 921
1003 1869
1707 1859
1047 1943
155 251
249 549
200 1420
234 1792
826 1777
158 1593
1458 1526
460 1647
565 1294
1204 1425
493 1201
385 1901
524 1167
1798 1938
33 1179
68 1883
425 780
1407 1464
1375 1584
824 1045
505 1491
1071 1433
199 1224
404 1931
897 1096
1271 1489
690 1064
294 574
678 1465
932 1601
736 1515
491 871
1075 1898
345 1619
965 1073
742 980
53 770
406 1114
433 1711
189 1860
79 132
458 1230
1359 1590
370 1954
141 204
1284 1801
801 1500
269 1406
177 757
661 1847
126 652
412 599
106 1389
470 1465
641 978
173 1473
266 1731
892 994
435 1074
899 1852
745 1236
46 64
537 540
99 617
526 1311
161 1655
535 1920
300 640
1475 1928
6 191
884 1329
427 903
1267 1412
534 961
937 1804
340 1682
308 1229
547 1131
312 819
416 919
900 1097
583 949
1767 1949
424 1338
1358 1722
155 1238
1538 1963
1011 1478
109 814
694 1887
492 1959
408 1435
137 1453
990 1627
720 999
1108 1709
1254 1538
1674 1944
1053 1726
542 1728
1400 1813
447 1021
133 306
1162 1594
225 667
1453 1742
25 1785
856 1688
521 1174
973 1268
142 1485
1625 1846
115 1898
165 880
54 1508
683 929
1302 1750
466 680
1440 1632
1052 1556
26 608
1144 1969
987 1769
527 950
28 444
5 1273
48 724
1049 1948
248 431
182 787
74 1160
233 1285
931 1657
659 1989
121 870
993 1370
835 1754
300 598
681 758
851 1184
128 241
111 246
1651 1745
826 1917
227 435
800 873
1137 1853
1013 1800
1696 1703
152 198
1227 1479
245 611
804 811
421 568
13 1352
1015 1624
814 1104
144 1166
229 1215
339 1853
259 675
220 970
1622 1955
30 1185
1354 1971
1235 1381
241 1983
1209 1998
745 887
948 1178
600 1638
666 968
881 1849
156 952
5 912
1129 1523
540 1525
647 1776
343 455
523 763
68 1552
683 860
1121 1515
91 278
239 649
375 698
1062 1658
226 1094
1155 1455
680 1159
100 1620
923 1610
933 1086
962 1157
630 877
579 1703
925 1368
323 1166
396 764
238 1541
950 1008
280 1734
1261 1534
361 1613
350 1727
1239 1865
