1760 1980
536 1508
254 1599
1064 1521
319 1216
866 1361
279 647
39 227
1530 1537
568 1676
1156 1242
916 1597
409 927
91 909
815 1001
160 1278
195 1007
39 848
493 1386
55 1288
476 1624
1304 1745
43 1521
217 602
661 1499
13 1695
1184 1428
144 335
862 1180
1274 1557
550 817
539 857
1066 1437
95 1479
1144 1692
941 1209
51 690
159 678
1583 1633
662 1001
10 60
101 1347
140 719
1271 1630
847 890
459 922
727 1724
554 1541
141 168
562 1545
243 581
158 1516
741 1448
14 1687
159 1702
1249 1614
1525 1698
490 830
290 1321
551 1491
5 154
73 787
454 1243
315 1004
139 1540
146 1650
380 864
474 1113
581 715
472 1623
1132 1631
1177 1591
232 471
356 1729
409 1038
1040 1141
220 270
208 371
156 782
234 1320
1033 1164
1201 1608
525 1598
215 1279
461 568
172 1759
27 773
761 1297
256 607
1215 1605
81 94
186 1492
229 1677
771 1606
845 1475
303 615
278 580
203 1460
1278 1742
353 777
682 688
220 1626
250 709
522 720
23 871
5 900
1235 1672
90 1093
993 1255
260 1541
910 1122
591 923
978 1675
309 1555
510 913
780 1059
469 1704
495 605
578 1155
56 1465
970 1542
374 779
1220 1684
1036 1246
798 1513
1656 1731
1134 1281
151 1742
400 1662
833 1630
1094 1581
184 988
1056 1557
690 1118
371 1529
175 994
631 1317
824 1567
1264 1759
642 1337
83 1459
664 1618
79 428
174 1229
126 1631
1391 1632
6 1504
636 925
85 1301
1241 1330
360 453
537 958
441 452
128 332
283 1196
559 1618
944 1323
1302 1418
365 389
776 1652
414 1154
1157 1654
20 893
210 281
1492 1622
286 614
649 698
506 1235
113 337
137 323
285 1584
1206 1430
203 1522
1193 1406
238 581
227 1696
329 1009
587 829
203 1505
199 1697
20 533
499 1508
316 363
814 1355
1464 1656
553 564
807 1424
1172 1176
952 988
1399 1536
797 1121
292 794
838 1574
488 966
2 1393
570 1733
38 971
962 1692
831 935
1438 1660
390 1703
1579 1596
1002 1029
848 974
119 977
668 682
810 1644
209 1496
920 1032
529 1023
140 466
226 492
485 1117
179 1137
297 772
935 1514
60 1744
120 620
407 800
535 571
211 1451
568 986
853 1747
121 1404
372 486
385 1705
1322 1506
420 538
468 476
816 1691
548 940
403 1186
1046 1238
1218 1427
519 979
191 670
1105 1312
481 1727
630 1149
323 690
4 1214
317 1256
970 1206
145 288
543 939
508 1757
49 1602
438 750
57 544
566 697
1185 1710
932 1173
78 1639
95 388
76 1535
599 740
1200 1314
53 506
299 798
650 1704
521 1658
183 509
283 1410
589 619
247 1682
131 1585
126 1524
394 1497
698 1436
758 820
588 1216
16 1331
718 1665
1020 1247
105 421
48 597
413 934
1203 1589
160 542
1087 1694
587 1632
168 1364
782 1709
12 745
1004 1646
984 1221
533 1536
201 1076
1311 1747
714 1310
1303 1434
988 1303
628 824
1299 1391
1152 1224
1651 1659
1072 1174
762 770
1007 1637
228 254
1679 1718
75 1128
46 1542
715 1320
56 1706
247 1727
668 908
594 670
277 855
362 844
554 1069
147 1123
370 899
179 1622
1119 1297
408 1513
946 1071
449 1351
32 1072
299 768
888 1607
404 1544
113 190
1171 1219
44 1514
1049 1260
18 1469
82 787
432 1232
512 1091
676 1092
56 635
488 885
303 1600
123 1309
1041 1048
645 948
1030 1421
730 1356
141 192
72 825
152 1085
398 922
561 1442
652 1588
607 1337
138 875
1542 1719
1118 1732
501 1510
746 1653
770 1602
596 606
317 1675
246 1046
414 1712
827 1144
143 709
231 1661
701 1432
30 448
207 1131
551 684
1079 1550
94 1266
999 1175
63 1348
1294 1325
457 473
1627 1647
389 1284
275 424
1259 1295
1033 1538
161 664
165 903
122 1745
8 1712
40 916
1085 1410
1127 1253
256 1166
247 912
529 1625
234 570
1234 1497
19 666
462 629
936 1255
1175 1312
22 352
361 761
1563 1640
327 1730
98 1741
623 947
769 911
717 1431
337 863
807 1658
679 812
1124 1701
595 1490
777 1402
732 1421
305 1758
958 1204
307 872
1356 1372
905 932
76 1487
939 1133
1549 1590
1335 1558
359 1286
405 1558
254 1402
390 1291
193 1269
188 823
624 655
524 1025
616 775
369 561
1290 1394
1480 1563
1088 1251
1296 1505
1065 1574
142 1443
896 1477
688 1028
1622 1726
491 1287
592 760
344 1266
539 1042
560 681
796 948
526 1594
34 879
882 1143
139 546
1248 1456
406 626
164 1156
1033 1227
148 1321
47 1581
320 429
35 1082
173 1052
426 862
1268 1304
444 749
1080 1352
203 453
1098 1193
119 1344
1564 1580
490 1423
118 1463
1648 1733
506 1516
244 702
275 1093
18 1611
1211 1571
309 1358
427 1358
524 1202
542 1078
754 1057
1012 1539
1239 1281
379 1756
1135 1147
190 1559
1718 1746
576 1390
876 980
1232 1713
379 1645
515 1131
835 1283
1416 1517
1466 1696
1329 1469
692 1340
645 1340
1236 1368
1353 1704
401 1628
354 1556
618 1292
353 734
351 1239
632 693
924 1620
631 1645
781 1124
241 330
512 1588
342 1223
100 904
1003 1462
186 1478
27 228
728 969
163 563
964 1630
548 1343
458 700
54 1717
195 666
269 1150
1444 1742
629 1280
53 1435
96 992
233 968
815 1521
127 1305
274 923
697 1532
136 456
1314 1483
115 510
772 967
154 915
639 1400
900 1530
165 756
89 1205
138 976
621 1697
1270 1344
293 1506
1036 1565
515 716
956 1015
725 1333
1182 1480
34 1528
1604 1731
4 1663
1643 1705
1178 1688
704 1603
142 1367
638 1387
259 535
223 742
120 983
828 1474
814 1446
619 1519
396 931
625 694
87 498
1257 1743
1010 1527
190 1458
1112 1575
627 1467
128 803
357 1400
822 1460
1285 1709
1495 1702
29 888
691 836
678 867
82 1264
300 1055
925 1158
425 1068
441 989
504 658
123 1082
24 1099
1390 1525
300 731
28 985
21 651
101 893
135 618
1236 1428
552 1122
499 1059
373 482
110 672
215 1209
202 1596
634 1616
1684 1716
1120 1569
202 1606
497 1760
1258 1428
1267 1397
1521 1611
988 1623
404 1014
1077 1447
206 1292
675 1584
1126 1671
45 1642
758 1407
265 1073
996 1665
208 1528
832 1030
1171 1641
616 686
1044 1490
81 1679
804 1199
672 974
399 1339
730 1510
65 926
1404 1757
638 1021
1294 1387
143 1108
593 1081
181 1700
875 1074
339 1098
949 1398
322 877
961 1306
418 1412
656 1272
305 1503
118 755
600 1177
1354 1574
454 1142
262 681
215 1409
1564 1572
1638 1740
484 519
511 637
378 507
78 1230
528 826
537 991
699 1725
743 1494
548 1276
162 880
37 543
258 435
31 148
57 694
873 1382
161 1282
1109 1728
334 393
996 1051
837 1380
235 1018
177 1283
622 1047
169 878
1711 1718
380 1220
324 676
763 921
799 1621
223 892
559 1603
450 1403
92 1671
963 1397
1352 1468
330 531
980 1362
252 924
153 379
350 1465
600 1258
522 869
1090 1489
198 1552
213 1542
466 1359
276 352
733 1482
856 1017
156 1379
774 930
107 324
929 1397
856 1436
189 1439
411 514
191 1204
84 1613
336 1331
74 740
57 684
20 584
460 1207
1396 1741
25 1208
364 929
460 1025
106 937
1044 1129
1593 1646
826 867
100 483
1218 1270
919 1515
545 788
157 1324
896 1268
315 1551
144 1136
634 915
83 506
579 1569
677 1248
636 694
102 1554
340 632
928 1500
488 1297
542 844
359 1512
154 725
284 751
20 942
347 601
216 1032
711 1680
325 1245
1505 1737
674 1595
657 1717
552 1015
371 874
1203 1477
455 1368
59 750
313 1301
911 1153
1197 1570
222 465
611 965
62 284
192 1395
828 1298
64 257
267 482
1224 1226
1048 1291
70 237
205 1554
138 1720
264 1308
1079 1544
990 1039
415 912
623 1377
869 1261
474 599
642 1018
35 112
340 532
1374 1478
9 926
257 1501
628 1604
669 1023
381 1674
979 1519
155 1217
1048 1513
117 375
164 1141
973 1441
760 1470
221 1262
310 1608
1106 1545
1376 1419
604 714
158 562
397 1062
317 1070
1428 1560
331 463
1308 1539
1102 1649
812 1390
17 949
480 1477
1 801
1423 1578
416 1125
293 731
420 578
430 1563
162 1237
97 1473
184 1429
207 881
180 1375
329 710
47 1521
235 1592
494 887
653 1509
437 1421
522 884
342 1590
436 1642
318 708
1231 1279
26 67
971 1563
167 1678
392 945
204 214
1163 1723
1433 1582
496 1464
267 1154
507 994
1016 1576
1332 1686
268 941
463 806
985 1704
1315 1374
398 1655
1090 1251
947 1310
137 1317
347 1195
857 906
797 1140
315 1546
264 852
1103 1179
517 1679
319 1353
716 1192
413 1343
555 1148
458 1579
127 1573
522 677
842 1159
1165 1311
185 1714
1250 1720
1032 1730
215 339
975 1060
366 651
146 903
131 270
808 1475
734 995
383 1683
93 683
944 1503
374 658
50 534
933 1510
130 1287
165 279
1402 1753
1087 1201
488 1561
182 1067
126 1715
430 567
560 671
380 1598
564 611
846 1316
1061 1637
306 1265
559 1066
345 1020
945 1257
497 981
84 99
1 840
763 1734
999 1142
1323 1527
565 598
135 151
880 1513
455 906
768 1221
257 1230
394 1706
246 1394
1095 1376
1526 1744
1075 1685
884 1273
617 1523
311 707
171 457
1168 1190
470 1698
561 1164
145 649
1408 1479
166 479
1306 1633
1301 1556
834 1484
79 1014
1245 1615
40 445
648 1493
585 1100
471 1201
365 609
886 1405
1549 1693
864 1192
978 1573
1003 1351
1349 1425
1445 1550
398 1661
398 984
71 572
1242 1427
407 1316
819 1281
479 560
396 757
446 901
388 1654
486 706
274 1022
366 766
348 1456
612 873
202 732
485 809
127 659
1281 1526
440 509
86 431
138 784
851 1155
152 1532
327 809
653 1405
348 392
624 804
783 1722
594 1754
1061 1080
480 713
273 1597
1166 1543
1371 1383
582 1447
802 1735
738 1178
1031 1666
1350 1507
245 1565
707 1454
406 523
1352 1620
577 1553
406 1031
755 1150
12 1084
387 1518
355 703
1259 1451
530 876
375 1194
170 616
333 1146
245 408
1045 1248
521 526
1343 1499
1199 1570
295 639
675 1700
306 1134
764 938
1040 1630
293 1115
271 361
298 1046
727 991
240 1551
197 1109
969 1020
432 1476
176 1453
210 1194
1289 1649
1241 1657
1083 1431
91 1402
32 1050
360 1228
556 1089
527 1240
1442 1617
722 1534
1029 1708
421 847
405 521
1047 1275
1092 1687
1363 1718
519 624
547 1234
42 255
1566 1648
1006 1045
1144 1600
754 1137
108 1652
443 623
365 528
1008 1687
249 560
590 1732
703 1743
439 1627
66 157
663 955
115 505
936 1562
266 1418
1127 1243
1063 1624
343 1057
496 1174
239 1613
904 995
194 803
301 696
236 363
890 1673
423 965
783 1649
236 886
728 1169
1580 1689
292 1393
1026 1584
230 861
927 1182
1169 1495
641 1139
207 1471
477 875
500 1379
557 656
839 1197
404 661
1156 1315
1496 1593
1377 1452
1293 1319
523 1213
536 1691
771 1313
580 1170
831 1370
666 788
895 1333
362 827
133 1663
289 793
475 1617
467 1101
103 384
52 238
950 1132
1227 1755
710 748
2 406
262 667
351 1162
759 1609
104 1610
278 1500
767 1252
640 1336
166 982
894 953
272 470
280 1560
379 1183
368 660
1003 1687
494 1505
386 526
79 489
336 1289
773 1021
704 1269
846 957
77 1228
511 1152
885 1033
474 659
646 1583
610 1450
633 1305
498 677
695 1053
16 651
1100 1387
126 251
102 1682
402 1509
647 1542
586 1075
434 689
464 1240
745 1676
739 1095
901 1616
596 1726
198 1167
517 964
154 212
701 1244
140 563
553 1249
1352 1487
285 1488
597 1498
268 1035
1180 1666
411 902
567 1372
644 1501
850 1126
898 1601
569 973
539 1474
383 1502
1369 1510
468 889
613 975
22 603
481 1466
190 1453
193 263
87 1158
248 654
911 1195
742 1212
257 786
1449 1549
766 1027
287 345
648 805
841 1219
744 1712
395 878
459 1237
1431 1644
41 829
138 239
875 1181
41 258
252 545
744 1293
30 1649
500 1677
377 1173
895 1302
321 1295
849 1389
961 1316
39 302
122 203
879 1161
752 1477
1225 1365
456 1390
26 37
997 1647
422 726
66 736
894 1685
426 1719
1316 1330
998 1562
752 1750
476 1324
693 694
400 1274
518 751
1401 1548
790 1055
206 1572
898 993
849 1707
429 1508
597 1467
257 1626
472 680
666 1300
172 317
1019 1585
905 1329
1095 1207
490 712
313 753
581 1076
875 1280
232 1678
548 1160
955 1000
24 982
620 1574
996 1524
1417 1485
469 1484
28 1184
837 1399
263 882
822 1602
438 1026
1088 1495
527 706
176 212
478 1277
715 1419
97 107
69 1668
312 696
1110 1198
132 1093
314 1110
650 691
140 188
36 862
129 1738
950 1261
1341 1435
613 767
946 1628
33 1293
868 1495
1012 1046
7 349
800 1634
385 989
417 1693
328 1285
762 1760
833 1452
249 1033
55 1657
854 1738
269 792
962 1350
845 1300
32 685
451 1756
68 116
92 682
462 743
88 1399
1170 1201
424 1396
1260 1370
104 416
680 1028
174 1562
242 549
32 80
296 1090
821 1448
630 1249
433 1013
150 1532
21 1504
575 583
865 1249
799 1238
1233 1621
823 1162
491 1612
1095 1339
1685 1729
1425 1586
1342 1422
425 1222
418 477
90 1406
1077 1399
621 1382
1107 1634
637 914
682 1607
449 1650
1168 1599
213 530
549 558
410 1146
42 1537
1386 1689
11 56
334 1532
858 1699
511 1385
7 320
476 1494
380 427
380 412
393 1094
1639 1679
69 870
335 1751
1413 1575
769 1288
98 215
218 1201
1384 1665
1037 1593
287 1582
338 1282
749 1574
106 301
792 1715
1156 1212
954 1622
156 1366
367 1522
859 939
4 584
791 1223
1290 1742
20 1687
221 443
318 399
554 1165
23 1069
842 1713
1002 1502
216 1439
440 490
1595 1653
39 231
326 1185
266 446
377 1327
358 435
97 747
669 1198
155 781
588 1660
314 494
1449 1605
665 1472
1568 1744
560 852
220 423
437 795
601 1674
759 986
169 1397
130 1214
738 1710
295 934
14 1231
1042 1599
442 801
165 818
401 1123
259 1743
1414 1476
1498 1716
686 1128
1440 1457
382 1346
1338 1708
1507 1736
46 1485
931 1589
355 1151
1108 1753
1111 1561
242 1454
225 1318
464 1288
108 134
868 913
891 1093
204 1191
177 1601
1014 1553
236 1725
177 196
326 593
1034 1187
1382 1670
1046 1099
1050 1742
721 1277
117 1424
224 1366
180 183
451 590
419 1039
792 907
253 1564
765 856
419 1420
280 1298
1002 1723
1635 1740
597 1299
1328 1426
265 998
289 1369
199 266
71 1458
602 813
114 1432
546 609
272 838
780 1186
765 930
1284 1619
1011 1096
370 1721
15 1325
386 1022
1327 1628
112 1522
1139 1403
488 972
326 534
908 1263
555 1520
1252 1357
816 1389
147 640
639 1024
1189 1722
153 820
557 739
1138 1267
1274 1481
1176 1654
49 1103
700 1070
4 987
1079 1354
391 617
484 556
861 1067
398 1246
503 1531
1329 1336
51 225
448 889
129 943
341 1552
1345 1381
207 1043
960 1215
832 1461
835 1431
550 1728
1434 1695
214 240
735 1691
266 786
1323 1566
290 514
201 1752
1463 1496
1313 1322
271 1010
442 1256
573 690
532 566
1139 1587
667 1669
504 747
89 1392
1078 1181
819 1179
308 529
109 1473
428 858
452 1093
1395 1566
205 302
61 447
605 1114
1491 1636
1328 1486
939 1016
1183 1748
926 1388
933 959
806 1316
581 643
686 1755
124 487
715 1364
297 842
1347 1422
1416 1749
956 1515
902 1271
376 441
1408 1455
487 1105
384 1054
1444 1690
1194 1739
444 1483
501 1371
502 1153
1365 1489
574 916
1307 1318
866 1522
294 635
741 1032
128 673
106 811
136 983
207 608
220 918
540 938
88 699
519 1392
1163 1415
140 729
839 1144
751 855
520 1662
1247 1609
1202 1505
441 1622
304 943
209 307
1005 1694
1020 1229
243 1629
290 402
1446 1625
415 674
127 642
391 1079
784 1728
813 1508
1167 1352
175 526
992 1522
219 1640
181 1086
1101 1415
871 1629
1384 1548
917 1096
1133 1636
960 1319
717 1433
365 541
58 1135
86 582
1746 1748
921 1043
82 1512
65 1208
1014 1420
1363 1518
654 967
331 450
25 919
346 525
657 711
150 776
719 841
951 1263
615 1455
1437 1680
830 1064
461 1731
100 1413
1052 1681
693 1196
616 1210
368 1216
218 1346
720 1116
572 644
357 576
612 721
1071 1426
358 627
502 622
73 1461
1334 1335
679 1714
288 974
356 1610
369 1084
897 1577
325 1531
106 241
167 574
1265 1359
96 312
11 1011
794 1378
114 712
519 899
321 615
467 1434
156 1615
789 1115
694 1182
1117 1728
333 1187
67 544
805 1051
82 1547
333 843
441 1438
1357 1701
563 981
881 1058
516 1707
949 951
1217 1388
854 1711
217 1213
211 1654
1373 1493
229 718
248 1721
244 1587
376 849
764 1578
1334 1739
608 1555
59 1244
595 1547
856 1749
261 771
818 1222
286 558
1191 1706
412 1734
338 1717
1056 1619
64 1635
343 1156
59 1375
354 1440
447 883
277 1520
151 724
624 1736
261 974
328 860
495 1385
513 1576
77 966
918 1681
99 1102
233 1151
753 1699
1000 1149
677 1571
505 528
220 663
57 639
75 476
1145 1655
1119 1758
273 1005
478 900
1032 1120
202 840
917 1594
683 1130
614 704
31 316
154 1140
13 1683
1073 1667
58 724
1068 1462
439 1275
511 1411
298 1669
849 1686
870 1750
1329 1486
124 1427
687 1097
304 1716
57 68
506 1688
387 577
185 1065
196 1667
103 810
17 1538
54 311
132 1035
365 1381
1441 1513
1481 1540
100 250
733 751
72 843
1488 1511
61 1380
892 954
1121 1659
831 1533
573 1407
224 1401
133 1262
907 1360
606 999
796 1217
671 1233
349 626
29 1429
171 367
226 410
811 1188
817 821
1529 1580
1200 1390
633 1017
909 1112
1063 1412
891 1349
1348 1599
253 1147
1303 1690
778 1591
565 1743
465 643
372 1139
554 1062
1535 1728
44 62
6 1664
1378 1508
219 793
692 1252
4 200
589 775
439 723
1038 1745
641 1107
332 490
19 341
80 121
310 1130
10 825
508 1731
344 1276
575 953
411 883
294 518
652 735
70 1037
604 987
687 1307
531 1361
665 1205
623 1751
863 1249
958 1125
9 910
255 1670
475 1534
756 1009
56 591
1019 1614
247 1517
850 952
1332 1430
585 1008
994 1273
528 1083
237 378
417 1386
603 1274
43 125
1281 1641
105 792
579 1649
723 1445
48 182
190 940
326 887
52 1053
851 1563
757 1386
1111 1188
771 1116
942 1160
322 393
222 260
308 1672
568 722
434 1211
849 1362
785 1443
834 1190
831 1148
187 1114
911 1024
1049 1482
914 1225
1414 1721
1226 1254
38 1383
373 752
559 1592
397 1752
928 1060
795 1286
178 585
642 1373
111 695
660 1450
422 1703
1104 1720
251 956
473 937
520 1345
189 197
623 1612
45 615
503 1665
874 959
808 1468
561 1431
156 1717
802 1248
1253 1427
355 963
737 1471
346 1058
3 1470
116 513
187 1090
163 972
15 483
583 1089
41 85
1338 1398
1274 1411
415 726
859 1523
977 999
74 789
489 1457
125 395
673 1086
63 836
59 1138
746 1041
877 968
616 1472
41 230
748 1003
109 1643
1496 1673
1129 1421
705 1006
556 1724
685 1567
291 1027
586 1210
916 1388
50 282
689 939
411 431
51 433
569 1145
713 1577
493 897
296 1254
677 1367
526 1533
110 774
872 1360
1097 1420
996 1543
111 554
990 1013
853 1566
106 1309
779 989
862 1091
149 1397
1729 1754
1342 1630
547 1546
173 865
538 1510
492 1568
364 662
194 1511
291 1250
93 916
266 1651
655 1157
371 928
276 541
1161 1182
598 705
1081 1341
729 1034
170 1159
33 791
516 1417
436 1172
382 445
1409 1586
59 540
646 1139
571 1735
326 1106
1559 1638
372 997
403 406
8 1668
178 610
134 693
976 1326
1104 1664
736 1074
1272 1296
1020 1054
149 1628
539 778
200 1136
708 1737
3 36
592 1691
282 1459
625 785
666 920
790 1113
860 1665
381 439
1189 1326
737 1711
1095 1355
281 350
702 957
1143 1454
