1394 1624
112 956
548 702
390 996
16 1108
532 792
600 966
542 947
708 909
15 1186
1208 1266
517 1262
242 290
1020 1343
787 1124
331 373
1157 1362
44 313
475 1354
72 1073
228 831
281 1063
990 1014
67 1073
405 741
181 946
278 463
1006 1389
117 1130
67 467
108 953
1040 1168
904 1055
57 963
646 1224
539 767
63 670
374 764
564 1186
462 758
59 155
714 1167
335 893
680 758
822 1184
475 1220
216 863
351 709
1137 1356
2 413
3 1230
87 772
178 987
355 758
291 1213
930 1333
85 452
700 978
288 308
172 746
5 775
224 641
126 271
890 1048
799 1301
594 1095
327 857
149 559
354 367
570 1211
18 438
117 1095
596 984
41 1053
141 1216
877 1191
717 851
197 638
646 1179
451 1102
1029 1275
6 1039
689 880
204 852
138 714
594 1097
520 562
615 1048
635 1081
601 609
818 932
390 645
187 245
815 1360
375 581
1006 1043
343 873
351 486
651 942
494 1282
574 1158
2 1033
560 1117
541 876
61 312
96 781
857 1229
308 559
357 1060
1264 1383
982 1354
125 839
966 1164
1068 1316
403 410
1302 1373
51 1209
651 1010
367 492
754 1260
363 858
597 1185
188 1293
88 484
198 1285
743 1056
340 998
1017 1325
24 983
106 1207
4 669
814 827
421 706
95 150
61 467
32 391
183 1003
1006 1177
737 1157
828 1385
267 409
931 1234
180 696
14 595
780 1096
599 1218
608 709
498 523
449 564
30 1029
558 734
623 1182
1026 1211
55 133
850 1355
5 1219
272 1130
736 1181
502 1084
422 1070
729 1322
363 1274
466 1100
400 1028
15 631
411 546
916 1379
247 867
509 795
41 754
799 1061
563 1088
501 549
794 1053
1238 1378
601 616
540 546
129 348
718 958
469 965
187 379
135 952
822 958
658 925
12 951
246 423
388 601
708 722
624 648
1271 1373
86 336
385 706
348 1123
510 956
742 1006
374 1364
993 1242
207 760
953 1257
935 943
62 939
145 950
458 1078
944 1145
435 634
510 678
656 1153
345 420
653 1132
336 1027
380 1030
249 663
77 257
10 1135
250 1303
419 580
120 222
966 1342
329 333
424 1154
54 148
1107 1122
345 430
704 1379
652 659
254 1011
179 678
128 565
1097 1349
846 970
665 800
402 1137
615 1303
1003 1215
211 331
74 903
855 1214
1013 1233
220 871
647 778
178 1163
1120 1324
289 1141
631 1069
424 775
755 1356
935 1230
91 419
551 1210
556 842
328 838
454 1329
346 1243
631 1279
60 487
214 398
638 1107
768 842
882 991
246 1054
298 598
88 405
194 934
347 479
139 879
480 1136
92 106
201 1178
580 926
526 1330
346 857
429 902
180 1032
929 1330
1058 1332
8 376
515 712
741 1161
182 886
574 1147
395 1246
412 1290
372 647
571 744
637 1269
651 903
66 457
259 814
455 707
940 1271
441 733
1189 1393
418 1319
599 1308
665 1314
785 1113
1040 1371
433 1024
448 741
1127 1263
20 614
513 586
72 1318
362 833
734 1176
1139 1155
198 964
429 1026
509 1139
909 1294
502 613
182 1272
12 883
760 1033
1038 1304
33 101
111 348
819 1237
268 672
592 837
684 1349
621 1009
133 750
234 748
268 390
214 605
997 1049
883 1184
723 818
1359 1393
505 687
146 156
1061 1240
246 1185
523 763
182 629
115 1352
462 1192
69 1225
144 890
700 1000
583 1381
556 758
378 1324
281 1010
323 432
1092 1167
478 1029
828 1122
397 469
700 1256
191 511
70 797
186 756
683 1294
205 1379
39 674
355 1217
1095 1194
578 845
60 879
64 414
1030 1154
257 809
701 1314
433 502
172 478
576 1282
66 1073
208 1070
244 1324
635 1316
166 867
587 1296
7 1029
620 718
286 1122
155 1376
16 606
505 731
855 990
160 339
439 657
266 333
766 938
765 1302
1059 1106
146 605
324 623
794 1278
73 365
91 810
58 894
138 950
559 1183
583 941
251 1042
497 789
297 1389
1175 1285
454 1155
148 1114
111 900
53 575
697 1330
708 1006
756 1076
456 659
611 682
394 1001
300 840
801 904
924 1084
876 1021
1164 1269
368 1239
24 921
442 867
655 991
1075 1346
472 767
139 600
401 1299
1090 1278
459 490
772 865
194 1376
32 513
201 777
1018 1236
651 713
627 1320
414 1238
253 547
851 1378
373 891
101 1372
207 507
345 859
105 1285
514 1309
477 560
70 485
393 561
179 298
135 409
421 1350
1004 1109
456 571
255 509
373 1110
838 990
1 298
374 1183
498 1207
331 613
141 1352
360 1085
371 1126
167 986
864 1141
860 1011
453 901
256 538
179 378
359 1219
37 372
825 1042
678 1205
704 1367
116 542
647 723
200 1185
1033 1350
35 889
277 282
142 1216
125 825
818 1306
888 1345
267 1153
101 778
125 1187
744 1336
27 1273
43 494
1046 1259
457 770
992 1256
117 345
39 245
698 941
68 250
666 924
145 1212
772 1188
651 1266
158 915
555 668
706 990
751 884
96 1083
334 1075
406 675
169 374
260 904
824 1221
74 694
458 550
1266 1272
759 958
1032 1336
1023 1089
935 1364
89 1319
539 864
1144 1238
326 337
745 1291
390 1033
314 1120
474 1224
665 1339
396 1365
644 1037
369 439
877 1336
244 984
104 1006
228 1126
255 1186
584 890
455 1254
1132 1261
930 1126
84 232
322 997
97 320
511 1294
542 657
19 1024
149 242
153 511
140 631
459 826
651 1125
476 532
863 1058
320 501
637 1171
148 694
324 1153
986 1053
11 1075
866 1047
356 1003
159 1368
766 1370
288 1081
302 705
2 1148
410 1014
29 689
552 655
1072 1227
662 1176
418 1162
247 815
587 1306
2 116
854 1283
102 309
183 1062
251 433
25 1039
373 1394
428 452
313 929
89 531
23 1124
126 1024
317 798
659 1242
291 947
1008 1058
670 1200
730 922
373 623
639 851
674 1015
418 1355
590 711
467 854
719 1241
1025 1192
12 1135
452 459
856 920
12 1223
129 933
680 764
720 1387
190 565
43 830
777 1340
56 548
35 542
701 1163
270 1114
492 1066
468 614
1092 1277
612 1131
195 1376
338 1181
684 742
213 1160
451 1114
370 445
445 1329
175 281
875 973
213 787
390 1077
97 986
22 1371
674 696
94 257
69 766
576 671
31 575
559 770
517 520
18 653
600 655
342 698
548 914
750 1167
167 459
123 1154
73 635
239 488
126 368
18 1097
41 896
201 1248
291 1110
384 1041
759 816
663 853
114 173
1080 1344
655 1345
519 1251
1267 1339
299 1092
724 1065
405 1226
93 1322
570 755
441 632
535 873
59 356
200 675
444 752
130 545
119 423
425 1209
200 707
1148 1197
216 500
399 880
677 1294
148 1144
1230 1255
96 159
317 727
140 406
277 926
330 755
666 1258
488 1328
17 466
1008 1315
640 806
154 1295
244 1104
24 194
116 1007
624 1375
148 647
441 458
628 1247
445 823
48 675
705 988
23 79
424 625
655 853
782 1260
448 1071
576 598
190 246
37 1189
160 696
180 551
420 653
42 417
270 798
495 1340
69 1131
108 1224
691 986
244 1065
331 1179
68 246
347 849
228 1055
612 1102
674 805
259 1335
511 1095
146 468
559 1213
460 1125
202 289
647 818
685 1031
31 590
538 1281
92 779
889 1192
401 1229
144 604
115 1386
465 513
50 613
313 597
1003 1362
1051 1337
967 1174
66 161
80 1164
462 826
297 499
130 223
779 814
512 1030
538 804
735 1259
730 1041
1178 1365
742 915
1146 1196
515 1151
582 1129
521 1214
303 1053
647 954
1123 1375
302 526
306 355
389 665
368 1106
434 828
700 896
456 852
337 760
1115 1342
193 1361
1077 1117
242 451
186 206
297 362
56 1201
390 1192
955 1289
254 877
440 750
980 1163
424 657
915 1232
762 981
592 1220
757 1347
769 1272
135 632
195 1154
793 958
554 766
807 1347
504 1374
360 699
586 1319
98 374
795 1219
569 612
669 1270
34 498
204 527
762 1337
22 913
977 1161
891 1106
599 789
693 1047
634 965
563 969
386 1390
265 589
286 305
426 699
169 1114
917 981
199 341
987 1345
120 984
680 895
365 898
926 1224
1132 1388
114 1224
922 1168
165 599
31 622
481 864
142 625
170 845
1287 1319
407 876
66 827
266 920
554 1314
35 805
308 644
368 384
537 1042
965 1106
466 1201
113 1370
479 1018
64 600
725 847
237 937
83 722
884 1376
774 1133
1114 1318
176 1243
517 1130
498 1243
592 716
888 1300
679 1248
738 1042
1060 1092
337 976
740 1032
359 477
874 968
202 282
482 1326
11 253
507 888
389 1122
452 1092
537 1301
809 887
740 1328
51 771
621 1098
84 198
353 872
787 1207
695 1290
1067 1072
655 1219
724 877
429 720
240 381
313 1288
1264 1301
487 813
1206 1320
195 797
166 1268
586 1197
335 1003
615 1036
6 895
926 999
205 699
1161 1295
759 760
7 1196
699 935
61 1228
953 1378
192 777
100 895
579 1075
64 673
479 1330
765 1266
595 1049
152 810
248 725
323 771
217 810
664 1106
584 1232
415 882
938 1246
146 634
577 963
749 852
237 504
346 724
386 1243
250 465
635 1110
129 767
808 1041
934 1252
233 1329
885 1334
22 729
1356 1381
750 1265
269 677
679 1147
480 865
164 836
94 1186
262 480
294 1151
657 913
187 584
1177 1188
214 577
221 341
172 637
692 985
743 1235
258 851
206 496
760 1206
9 370
271 713
634 1211
9 1332
690 696
356 545
587 809
1055 1382
304 588
52 188
570 1354
610 852
859 1038
27 1225
233 367
267 809
885 1359
642 1189
637 1101
1110 1184
265 1232
813 1117
496 656
1233 1325
911 1035
272 1291
815 1220
375 609
408 837
460 557
274 451
597 1017
1282 1323
203 663
817 1118
740 923
1293 1347
672 1057
57 804
147 1077
718 893
39 441
785 1344
605 1270
201 1179
44 1089
1126 1204
756 809
28 145
118 998
159 844
484 1045
127 619
1134 1140
308 326
1182 1381
793 976
366 432
361 1323
959 1175
1243 1273
193 1362
239 245
1173 1304
41 746
225 946
110 178
406 1067
960 1026
70 1226
629 631
487 1085
110 1001
931 1314
196 626
51 296
684 945
108 670
1007 1337
587 1158
300 414
463 1028
374 838
540 1281
207 576
243 900
526 681
788 1023
261 633
1293 1366
19 137
253 1307
425 1179
473 776
897 1256
114 414
726 952
217 617
359 745
327 575
537 884
1176 1257
68 1343
213 1094
409 1097
89 1239
557 608
302 384
319 422
456 1012
370 639
488 1019
1003 1046
128 241
443 756
470 865
91 998
322 711
872 1254
1252 1347
1003 1220
183 1343
264 466
330 1293
172 666
483 779
489 811
420 1288
245 952
159 796
2 1367
797 1187
94 1017
1055 1161
286 1212
306 844
1051 1356
186 369
79 167
85 587
276 906
248 733
238 1181
340 486
811 1001
470 597
608 619
1237 1340
889 985
735 1108
1082 1188
1083 1203
356 1222
270 872
596 1158
38 1145
427 434
160 681
1313 1340
1138 1384
321 1363
1000 1213
479 896
789 827
923 1253
239 305
361 1262
901 1258
530 692
297 804
397 1181
1034 1338
157 771
799 1197
562 1304
273 530
420 708
719 1079
83 1063
767 1058
481 900
807 1095
432 1310
125 666
928 1111
89 1269
439 1151
85 1002
892 1343
97 950
169 1285
393 900
602 691
265 858
376 387
206 1006
57 739
637 891
607 1192
318 1038
281 709
1129 1224
28 905
352 378
361 1285
239 495
774 1105
845 1163
642 1202
1100 1346
166 762
100 229
1 931
569 777
682 904
190 695
1314 1332
1298 1361
361 1173
480 1109
24 694
672 1062
504 1260
849 1313
590 1256
519 1173
330 619
35 1091
314 559
63 503
288 1031
999 1366
1296 1340
779 1133
1061 1141
530 589
379 869
1177 1268
124 1291
307 889
64 1068
157 1156
149 311
826 1115
185 556
920 975
318 333
832 1162
154 1151
99 469
351 747
841 1310
318 985
309 899
35 688
554 1338
941 1094
235 1244
996 1178
570 1117
97 510
763 1075
53 569
213 669
362 430
298 396
840 1307
397 1022
892 1194
140 419
513 1011
338 430
85 154
272 1207
203 1295
796 821
941 977
1012 1031
357 898
475 779
988 1349
226 802
757 1282
323 1053
514 771
636 1326
481 1227
52 1371
243 434
777 931
111 468
327 371
1185 1204
632 968
312 629
774 931
452 779
49 999
911 1389
226 448
21 1197
1022 1201
934 1198
474 487
837 937
873 932
188 661
338 581
662 883
185 506
11 1361
640 739
58 929
428 1321
823 1101
974 1287
926 1124
455 970
143 563
189 1367
139 1025
49 423
114 1024
455 1272
335 345
517 674
406 921
664 1105
285 610
208 672
1179 1262
237 797
982 1253
235 841
332 474
1111 1362
190 902
12 1278
863 883
572 850
1122 1292
464 1135
507 755
912 1306
332 808
889 1267
260 463
1337 1373
511 1362
655 1334
632 1247
27 88
308 772
744 1216
361 1334
162 1254
136 1038
276 1050
425 1123
1104 1357
424 1255
283 1208
591 1169
174 577
799 810
986 1106
671 1211
257 654
820 912
99 857
642 1062
478 1378
204 358
843 1217
327 497
649 934
5 1182
197 604
13 146
580 1057
959 1000
201 831
436 883
1197 1200
818 990
500 1261
443 1291
80 796
927 1211
842 1297
136 539
332 1041
296 1271
4 954
455 1309
629 1281
252 1199
1045 1380
75 983
798 968
393 952
90 622
5 1336
134 1232
413 519
259 294
95 370
633 670
422 970
345 929
167 943
69 553
466 894
25 367
640 862
982 1236
866 930
129 856
447 461
680 1278
58 852
99 762
515 913
229 1274
138 1169
391 1045
816 943
157 232
801 1135
301 958
392 871
879 1074
1262 1310
391 1067
820 872
330 352
430 933
1035 1271
65 1235
100 1310
40 1231
448 823
909 1066
478 803
217 644
576 1080
591 1038
1148 1169
273 858
313 823
431 442
294 918
597 1126
520 1126
45 971
503 732
869 1111
174 735
851 1123
1015 1285
578 1319
169 523
237 398
464 971
37 274
296 691
471 923
627 975
220 1281
249 1330
332 807
990 1042
425 1012
719 1359
778 1380
31 1388
159 531
778 866
364 1338
359 1112
31 112
43 1349
257 1027
386 821
473 1333
85 668
24 1048
948 1358
62 491
669 1341
742 1031
638 770
600 641
194 1392
564 692
367 638
130 520
950 1165
567 1188
679 869
769 1246
7 784
549 787
101 1346
875 976
13 171
161 406
141 884
1071 1108
577 775
158 1005
329 1130
565 744
142 1110
310 846
368 1025
557 751
1034 1322
452 811
1343 1372
582 624
320 1000
290 791
44 938
143 836
277 543
669 1016
100 298
607 663
44 597
1164 1305
725 1240
1020 1068
621 662
71 999
206 1008
383 384
1216 1217
542 1148
408 1276
80 229
359 973
230 438
246 870
222 380
501 626
49 1328
477 772
435 1207
282 457
150 1345
266 431
442 1119
14 1061
99 1044
284 896
30 917
692 1382
1294 1378
188 317
27 103
61 946
404 971
32 787
370 799
408 1138
596 1012
140 602
207 369
466 1373
236 1294
861 871
263 1210
74 336
706 1195
368 426
653 918
536 1085
15 1326
29 223
429 1162
176 454
273 862
726 773
296 642
297 975
263 1303
298 1045
826 1356
794 1336
38 341
157 998
899 1099
331 1355
84 110
919 1301
682 1226
1060 1333
237 441
187 886
837 1115
585 1189
91 745
715 1215
228 1087
255 804
236 932
329 1056
853 1391
1009 1167
858 1229
928 1359
615 899
65 326
136 851
500 1011
277 1323
14 23
1225 1357
636 739
329 1393
227 272
251 1108
206 1334
614 1244
995 1157
260 424
76 237
791 1392
388 982
129 962
54 530
396 1151
49 1252
258 1095
415 1224
681 1096
573 787
11 1178
917 1227
352 406
842 1132
524 815
324 1243
47 755
141 313
227 778
95 454
194 326
222 1301
29 95
1088 1355
120 534
300 1079
338 1052
457 612
780 876
284 518
415 512
220 834
430 1014
617 884
46 233
48 807
413 1049
525 880
60 388
298 1209
307 728
921 1120
755 981
522 1208
1183 1261
845 1046
217 1377
448 575
1066 1157
947 1000
