1891 1988
679 1696
208 1175
202 1118
354 1713
137 1183
152 1634
829 1129
558 712
758 1322
1050 1789
446 952
468 904
259 1705
560 652
589 1308
1163 1713
988 1150
697 1534
128 324
7 895
1023 1515
1710 1876
1486 1571
160 743
249 1884
14 1000
651 1154
622 1325
166 1239
745 1268
1482 1525
127 491
62 419
1155 1356
1492 1589
207 272
355 458
676 1061
504 1006
917 1733
1662 1771
245 395
532 1550
372 1126
956 1395
1017 1242
125 1627
1407 1775
507 1507
401 711
403 1586
530 561
102 923
1512 1524
616 1888
251 331
371 592
802 1366
690 1489
248 1111
443 1590
74 1548
595 1169
717 925
1500 1575
1818 1861
403 1423
80 1594
280 1240
646 1543
261 921
977 1540
558 1281
384 1637
47 1146
368 1810
103 1096
59 1425
305 922
112 168
86 1816
865 1691
184 1054
578 756
1214 1524
1656 1683
447 1635
1255 1750
208 1496
727 1670
45 376
446 583
779 1068
433 694
1596 1599
283 916
311 493
51 675
386 1769
50 396
556 719
39 1670
604 1031
292 698
335 593
1487 1780
424 1830
625 1234
371 1209
68 1231
293 478
221 893
118 1059
104 105
662 1065
517 1195
451 1763
785 1802
1442 1646
359 599
281 519
1079 1617
709 968
498 1795
615 621
1346 1692
343 745
126 1815
165 1882
42 61
350 1375
1040 1328
538 873
1084 1792
156 1229
467 1224
13 1447
547 753
260 536
173 1230
648 1551
1482 1585
51 1758
1317 1570
723 836
238 1798
124 1063
34 1407
316 373
1228 1496
817 1787
366 600
553 1511
464 773
971 1196
302 352
636 1768
816 1596
799 1304
369 1655
11 642
370 1085
275 1264
28 568
84 1043
868 1683
33 62
21 750
418 1641
526 1641
470 1269
612 1711
1616 1840
71 419
339 1666
518 995
815 1060
308 1237
349 1766
164 660
495 1628
1395 1766
819 929
517 1529
237 527
935 1271
1184 1280
61 117
101 1644
58 572
1094 1321
653 737
989 1779
229 1340
424 1302
522 1189
1733 1750
539 1432
1426 1467
268 397
1030 1650
562 1065
546 591
879 1010
826 1230
521 1135
33 1412
1736 1809
915 1561
994 996
354 1053
920 1791
835 1315
949 1478
2 699
841 1064
1362 1851
1315 1508
151 1796
480 766
448 1449
289 372
1107 1122
587 1718
1227 1768
829 1830
1267 1333
852 1596
221 1492
451 568
1551 1820
348 422
224 1827
665 1422
130 558
563 1268
160 1169
412 1843
1351 1886
310 1709
250 1719
205 662
1516 1793
1811 1855
7 1303
1089 1104
571 635
1296 1369
593 1138
586 1309
162 490
1437 1453
864 1298
585 1723
1355 1645
602 1195
1391 1808
411 695
1118 1857
1246 1729
124 610
486 1746
1291 1370
668 1652
404 545
1616 1764
1173 1664
269 1287
429 996
878 1723
347 1502
1177 1319
357 1614
954 1092
1050 1629
592 1364
401 1139
85 1026
1468 1760
136 1688
823 1740
169 404
597 1081
825 991
65 1222
541 1336
1034 1593
371 1775
92 200
1126 1621
181 243
771 1358
220 1371
420 1661
986 1873
3 327
1212 1759
1076 1163
204 1677
1040 1330
1279 1365
190 1463
378 583
29 1341
523 762
1085 1566
877 1663
683 1329
87 591
162 1494
211 1499
1019 1504
845 961
1159 1584
717 1530
39 598
218 706
278 1511
967 1533
399 1695
1440 1611
1328 1739
392 1484
96 935
1388 1458
7 491
46 1857
957 1860
1585 1626
599 1749
575 1131
191 1796
15 1782
338 1521
89 153
645 1565
49 1835
973 1423
607 1632
772 1656
204 1238
58 1427
413 417
733 1475
647 785
1171 1591
1102 1212
923 943
163 1212
713 775
177 719
634 969
1259 1433
1818 1868
465 1426
412 515
686 832
960 1410
197 1794
980 1201
1481 1542
1448 1563
112 258
721 962
618 746
1305 1414
1182 1310
16 1044
179 520
121 1076
297 1106
195 589
72 445
315 533
1178 1398
360 1047
1168 1803
166 1445
519 1170
1257 1409
580 1282
1711 1823
632 1540
1471 1542
606 1086
725 795
661 965
274 1887
1244 1643
805 885
513 600
1389 1741
1135 1806
367 956
233 597
56 1059
849 1401
37 1578
868 1878
131 1192
786 942
38 1840
189 1374
314 1556
1145 1748
131 299
533 843
405 1532
341 1697
231 281
416 1254
581 1248
634 1232
209 425
1584 1828
55 243
241 1437
83 1323
254 369
65 1548
505 989
81 575
442 1139
68 1825
1488 1756
308 1068
773 1045
352 800
505 1184
450 1009
1526 1688
211 755
152 902
814 1295
433 1544
28 1099
182 237
853 1834
837 1704
323 415
637 991
230 527
1530 1791
128 318
1078 1127
564 1300
588 1034
864 1324
598 894
669 1859
803 1570
217 1736
724 834
1194 1601
447 1738
176 1448
1726 1735
798 1128
236 1578
511 976
713 1145
140 291
91 715
341 421
358 1108
565 705
1587 1862
9 1124
1452 1607
252 1048
899 1276
99 1138
734 1136
423 1660
400 1599
877 1327
761 1817
170 1020
56 1504
763 1033
1490 1801
1435 1445
697 1790
784 1372
429 636
1100 1658
500 1228
797 1685
1120 1786
1862 1888
255 1364
363 1176
866 1804
551 1003
1290 1627
1286 1729
422 1610
854 1431
67 509
786 880
640 972
46 401
737 1514
456 1404
1274 1401
679 1274
295 919
664 1440
706 1313
202 1142
1561 1625
324 1368
18 476
626 1332
6 942
1490 1653
358 946
148 1187
349 1417
1284 1406
804 897
1245 1605
436 460
1694 1872
911 1422
71 1604
1162 1173
1486 1841
295 1128
656 689
663 1842
20 494
1156 1870
1038 1706
735 1760
934 1140
497 578
185 577
266 1042
200 552
1052 1721
180 256
1434 1882
255 282
184 1830
950 1762
920 1148
851 866
1409 1788
842 1142
711 1137
432 1535
414 1075
1647 1662
389 1069
1211 1483
135 300
911 1820
1506 1794
1001 1052
326 1633
588 1150
278 715
401 1165
596 1249
792 966
97 485
537 557
244 764
210 595
768 1701
576 832
445 1199
319 1469
471 1331
469 1875
805 1378
806 1670
217 1689
1178 1323
1051 1494
414 1188
1119 1711
464 992
193 1385
164 1699
1310 1553
65 671
795 1197
253 1283
136 874
1353 1573
1105 1569
1632 1838
304 762
1009 1505
1121 1456
645 970
230 1625
1501 1614
109 692
110 143
199 540
1031 1875
302 1312
909 979
808 1677
240 1381
294 516
856 1592
63 1168
584 1205
510 1112
77 1866
374 1373
486 833
283 1235
1014 1817
754 892
1500 1532
812 1133
392 684
1242 1829
611 704
1340 1687
1567 1607
371 1144
123 382
449 1403
667 1416
1303 1343
925 1070
343 662
514 728
151 1253
72 982
34 1874
34 1563
1158 1335
1218 1274
865 1574
40 1828
330 405
938 1645
477 903
428 776
894 1770
104 676
1376 1829
383 891
619 1179
985 1030
513 1574
976 1406
701 1011
244 793
267 953
1181 1485
1293 1416
182 1855
1323 1498
662 1661
190 1393
846 1046
472 1512
161 1071
543 614
559 863
848 1312
1053 1204
782 970
44 567
1161 1396
1250 1640
1509 1753
661 1202
647 1454
379 1690
1618 1732
408 930
158 1842
1635 1812
245 467
631 1008
1410 1874
213 474
1603 1612
31 1457
710 1720
1193 1859
91 1360
928 1752
127 246
338 574
495 1691
650 1864
11 908
114 1725
724 1654
1695 1714
1067 1386
210 503
635 1405
1847 1881
586 1205
775 1294
1287 1688
718 1518
465 1597
582 792
682 1852
150 573
600 797
53 119
460 1745
655 687
455 596
1041 1333
1592 1746
709 1648
1572 1771
633 677
346 1853
432 1057
388 831
364 702
1243 1870
696 1819
896 1702
1120 1832
332 1797
700 963
704 1311
905 1402
337 353
176 1194
925 1116
119 1513
856 1727
1146 1671
1582 1663
1462 1510
64 1252
144 689
598 1266
289 970
116 169
470 644
536 685
796 1576
1006 1545
797 841
1376 1566
791 1717
609 1607
557 1390
708 965
537 1813
296 648
216 1235
898 1316
223 925
859 1731
168 549
1217 1462
334 932
768 1475
161 1877
780 1852
1433 1869
49 1314
718 1889
1434 1847
55 1251
344 418
1350 1774
463 997
670 736
840 1783
274 1850
242 462
186 924
77 742
52 1712
232 1090
657 1558
1577 1601
1066 1172
566 816
271 531
1223 1510
454 1110
387 1319
206 1300
291 627
66 218
444 825
1115 1541
436 999
1027 1275
616 1493
680 1274
1164 1761
642 916
638 643
411 423
492 1197
846 1334
115 268
56 1291
438 1883
1226 1674
135 640
1377 1658
524 1050
279 656
118 1690
1257 1838
192 1631
1109 1534
378 926
1058 1686
1813 1879
883 1581
428 995
204 1219
1189 1547
863 905
813 1289
133 1508
707 1027
516 828
948 1325
1038 1186
504 1033
608 970
889 1596
1264 1361
117 1094
695 800
24 556
515 1428
147 1237
286 1277
508 871
1297 1694
145 974
755 1311
186 1054
1152 1260
388 1431
734 1499
48 891
1072 1498
21 1201
304 878
947 1667
109 872
181 748
1108 1737
1390 1444
1299 1808
60 144
362 921
665 1643
669 1134
265 641
158 1188
1062 1277
1468 1572
1105 1474
338 1484
702 1185
222 1485
550 1837
250 373
219 521
628 1363
133 1273
860 1859
821 1745
19 1071
509 566
1473 1546
395 1856
652 1042
366 736
122 1012
457 973
1495 1653
503 1844
122 532
862 1169
1218 1580
183 1147
667 1797
149 307
381 753
100 1720
919 1334
66 615
301 1279
1025 1654
265 488
818 1402
910 1221
660 725
296 390
741 1507
530 1337
821 1446
449 623
435 1349
280 1520
1417 1456
439 683
94 1801
830 957
525 1644
580 1451
317 757
783 1615
564 1651
26 1749
731 1686
587 807
619 1576
113 231
1236 1394
1348 1415
787 1474
234 674
259 1742
376 766
614 1317
57 949
121 1555
330 887
333 1724
73 336
1491 1501
581 838
201 1502
263 461
1039 1121
214 489
12 1547
770 1388
86 1624
402 744
1593 1770
313 1206
111 1234
165 215
1082 1209
1219 1519
1088 1259
861 1253
705 1017
331 1382
609 867
377 1620
75 1679
175 305
616 1822
1845 1854
1261 1543
437 1727
1008 1136
707 1777
698 1097
1552 1646
618 1143
1477 1693
357 1444
311 1602
990 1007
79 270
553 1821
1689 1879
670 1886
391 910
247 1200
369 639
32 1149
951 1022
1091 1757
819 1634
125 1626
42 554
680 716
747 1100
631 1835
888 1166
1177 1270
483 931
672 869
90 778
146 535
159 414
975 1283
1286 1423
67 78
863 1782
1057 1866
336 1642
450 1213
722 1823
1183 1533
1016 1639
657 1873
1708 1833
810 1464
260 782
1383 1438
18 712
933 1460
941 961
207 847
267 1063
808 817
203 881
469 1845
355 1807
314 1307
744 1263
555 1849
1158 1649
941 1594
270 441
137 407
1763 1785
108 361
1018 1559
556 678
1322 1399
574 908
492 927
882 1411
1823 1854
1086 1719
1077 1101
247 315
98 1346
1016 1169
452 552
964 1270
483 1229
788 1441
375 1156
1420 1812
1537 1816
1247 1728
770 1520
978 1454
328 704
1106 1549
238 1724
415 904
1297 1419
993 1092
1724 1871
545 853
437 1789
663 1404
441 525
1493 1780
939 984
35 1186
479 1087
286 603
522 823
752 1415
225 1191
30 794
29 322
1042 1850
1423 1660
917 1799
496 1258
263 368
8 608
1050 1699
288 1744
134 1213
98 490
737 1281
340 914
99 870
27 544
1673 1757
1110 1614
2 1207
487 1386
938 1036
1380 1674
1025 1804
466 913
899 1785
345 444
573 890
1622 1669
1153 1848
454 722
576 1891
25 1002
1429 1676
484 1093
499 1474
565 720
298 1580
1036 1387
226 1294
409 850
254 337
276 1004
36 1469
932 1001
765 1726
1005 1466
261 1535
141 172
54 842
22 399
41 143
1203 1392
543 1251
534 1029
453 1262
329 809
309 1316
369 569
1708 1734
673 1672
1330 1359
525 760
886 1814
502 622
654 1176
1107 1339
506 1598
1384 1564
612 632
739 963
1356 1608
13 1089
579 1421
1712 1851
316 1526
462 1479
342 1751
246 1077
843 1000
262 613
427 1265
1115 1743
538 1045
482 1074
769 1130
1413 1613
881 1830
223 1773
783 1021
148 1298
760 1715
434 1792
56 1313
139 192
570 809
232 977
1412 1522
1155 1417
1026 1324
993 1787
660 1702
472 1539
290 1488
134 287
1272 1506
791 1622
195 1784
970 1698
1141 1856
690 1595
781 933
93 940
347 1824
17 621
457 1013
398 1780
611 1657
562 1308
273 1254
25 153
1072 1679
1304 1361
1098 1546
691 1210
693 1398
214 393
1029 1700
1067 1278
1165 1538
843 1588
988 1603
682 1023
774 1061
826 1446
398 1600
70 242
1549 1698
90 1207
1637 1732
31 408
1215 1678
363 1092
955 1625
10 229
567 1859
739 1476
1007 1296
1057 1538
844 1609
554 1389
1149 1414
1080 1684
113 1271
859 918
440 1649
544 1711
1285 1503
664 1044
1039 1341
351 1248
884 1037
928 1352
1266 1755
1447 1798
798 945
1035 1411
512 1022
667 1478
959 1387
1675 1800
594 1772
493 787
577 1367
1579 1807
503 1227
497 1074
1171 1345
367 1863
408 1202
110 1666
37 386
1193 1680
292 802
394 479
171 1605
463 931
233 1628
559 1692
627 1783
41 78
952 1790
266 1362
908 1097
126 767
290 688
987 1162
475 1095
1103 1129
1738 1823
396 927
262 1730
548 605
227 922
382 1154
100 187
1267 1619
53 1320
1424 1826
150 321
106 1306
703 1117
344 1019
1831 1839
328 1697
764 1208
1425 1795
729 857
69 209
590 1043
307 364
360 673
390 836
520 1707
318 1087
264 1337
97 1119
329 1295
1467 1809
852 1383
369 1079
76 1096
1367 1405
726 1681
730 1082
370 506
489 779
253 1528
662 1371
1435 1670
7 1460
1480 1701
241 304
1463 1497
641 1338
327 834
1080 1553
142 1864
123 132
350 1670
658 804
45 1564
872 1805
430 1432
473 1581
1556 1810
8 847
500 759
408 620
60 92
1314 1370
1323 1392
273 882
1859 1877
194 943
655 1617
16 1123
309 789
1292 1606
180 1101
579 871
1167 1780
155 1350
334 431
1759 1814
704 1132
729 1623
389 407
1380 1567
174 738
75 896
501 1214
145 693
282 1604
874 1773
356 1083
720 1169
1170 1716
1236 1241
448 1352
465 986
571 925
886 962
1575 1722
32 1754
535 1664
272 1803
466 675
387 994
167 1302
87 1429
317 1860
1748 1889
142 351
220 643
769 918
480 1442
750 754
481 1331
1180 1527
1718 1744
339 458
1863 1883
556 1332
185 1449
772 1217
1172 1276
1343 1481
83 1598
294 1665
822 1039
1020 1687
751 1299
256 603
870 1528
116 1232
249 1424
120 394
934 1011
737 1846
320 1174
287 1288
1070 1831
377 580
906 987
191 1288
499 926
876 892
108 199
43 342
867 1858
1583 1777
897 1734
1049 1243
610 620
740 1776
1369 1600
80 1711
19 106
793 953
1717 1815
319 1700
979 1354
1 277
518 732
84 1212
304 623
183 420
1587 1630
1550 1779
269 1233
860 1143
326 461
397 1887
759 812
224 534
402 1682
485 1589
1326 1668
777 1328
228 1672
807 1624
777 1623
678 1793
361 761
628 1196
811 1014
1377 1560
1046 1846
701 827
79 439
231 401
1002 1657
251 1458
771 906
833 971
23 1339
346 582
219 1114
338 1113
728 1639
637 824
1479 1754
1461 1751
138 674
26 1338
630 967
1436 1516
584 1853
1455 1865
502 813
780 1385
375 1116
529 541
73 1258
56 65
1215 1225
24 1363
508 788
111 330
1706 1781
633 1293
757 1517
1423 1439
1744 1776
103 1419
167 1430
765 1309
1323 1397
6 980
1225 1403
684 1151
606 909
1374 1740
1725 1890
157 1668
1103 1269
43 1774
737 1249
36 594
240 1841
1130 1519
1379 1825
177 438
555 654
406 1741
1013 1208
252 560
839 1636
741 1822
23 179
279 1091
384 417
410 558
902 1705
885 1028
122 1517
740 837
845 1421
1245 1261
1024 1450
774 1262
781 1157
443 1597
435 1788
1221 1272
482 1558
569 1078
1041 1347
606 1335
1226 1523
708 848
63 1015
338 731
105 1360
820 940
1391 1608
88 356
1413 1569
738 756
638 1427
1265 1290
76 924
293 362
1113 1349
700 1417
687 742
284 1347
1160 1466
313 1465
1125 1357
1190 1408
790 1609
15 132
1555 1743
983 1487
656 803
862 1472
797 1710
835 1696
258 1351
175 1388
951 1767
820 1489
876 1042
510 1167
196 1885
982 1521
325 946
1397 1837
20 1326
298 1665
895 944
947 1821
1369 1522
163 1010
40 488
234 1003
239 653
1356 1722
1318 1844
827 1786
1591 1778
1309 1464
1531 1884
818 1758
668 1122
139 1272
604 1255
4 1579
667 900
434 478
1620 1868
216 1084
1233 1285
888 1095
688 1747
421 1210
30 138
650 1160
154 235
828 1678
550 617
624 901
320 789
34 1778
672 721
978 1282
468 794
484 1497
630 1117
540 1606
1214 1252
306 1761
102 1579
157 1152
671 1384
426 879
442 1652
228 1353
981 1394
212 626
646 1514
413 843
1730 1861
257 1418
34 1179
312 997
539 908
496 1137
801 1102
849 1032
459 1047
1430 1890
35 1568
1051 1164
546 1436
1073 1676
212 1069
1148 1671
101 656
1342 1586
385 1344
129 875
605 1187
1092 1615
601 1348
746 747
193 937
391 748
531 1675
134 1198
797 1396
96 1836
456 553
1062 1438
1554 1659
811 852
198 1057
898 998
1005 1039
306 1161
1204 1381
431 1275
714 907
325 1638
277 487
323 606
27 1872
425 1669
968 1805
855 983
130 1477
427 1832
1307 1655
602 1562
784 1753
799 806
556 776
38 1625
974 1714
1058 1885
187 1461
14 1428
1127 1378
303 563
884 1112
607 685
22 514
494 1211
901 1642
666 699
225 1199
425 735
890 1092
958 1203
767 1618
348 410
198 409
1157 1824
156 416
561 936
481 1256
322 1633
523 1153
170 1032
171 1459
1505 1811
749 1459
215 1180
831 1320
12 1420
9 380
1238 1355
916 1762
681 950
149 900
304 752
710 1443
796 1483
10 601
1216 1827
1037 1595
85 528
751 1537
1321 1848
855 1123
1140 1216
629 1503
196 726
801 880
916 1284
616 1619
839 1039
189 1821
1 1375
285 1451
1495 1739
969 1559
954 1756
383 815
430 1457
526 542
365 1560
1198 1737
271 1206
310 528
48 598
1399 1509
857 1865
990 1365
5 107
824 908
236 1138
201 1344
1439 1747
1260 1607
406 1274
658 1272
649 1557
82 692
1028 1841
984 1256
548 887
1220 1306
1368 1880
763 1823
359 1571
778 1513
985 1159
714 1849
194 733
981 1703
159 948
297 340
335 1231
174 1491
93 915
749 1682
903 1073
385 1098
70 1876
50 1450
213 730
716 1557
681 1636
529 1134
147 222
94 1125
498 1131
501 1590
914 1681
114 1090
3 276
1190 1562
639 1024
1781 1867
1015 1151
379 459
1651 1744
115 869
585 1715
477 524
1667 1799
44 1752
939 1453
452 547
616 1554
453 1301
732 1083
840 1138
1075 1721
226 1704
1109 1359
205 1272
1252 1767
617 1802
285 964
666 1871
248 863
1345 1742
1472 1476
471 649
1611 1764
1214 1518
426 1470
858 1536
696 1474
1181 1400
353 838
146 810
303 1867
590 844
512 525
1049 1220
727 1568
1685 1806
507 1021
65 88
178 1278
173 1200
1192 1239
1373 1684
425 999
54 284
1659 1707
659 1613
1329 1680
129 1480
1418 1765
172 1716
365 1839
929 1452
549 1382
400 875
551 1755
239 1648
1124 1673
861 912
1042 1471
1527 1539
723 1431
1523 1878
858 975
440 1612
227 1081
955 1088
1175 1610
1166 1577
1309 1408
74 1018
273 1772
1012 1583
1379 1529
345 907
1273 1688
1185 1891
321 814
912 1836
613 883
651 1114
1629 1693
264 511
69 312
704 1133
455 686
580 1372
758 992
1111 1305
1056 1650
889 1250
822 1056
694 1064
107 1735
301 1604
656 1465
5 1536
1800 1833
830 1289
52 1515
380 1482
120 959
288 1881
863 1222
570 1565
625 1358
1621 1728
47 1336
659 1357
473 1318
1182 1819
203 1441
474 1826
972 1048
913 1544
937 1212
1342 1582
1217 1443
17 691
606 1224
1366 1880
1093 1731
178 1147
644 893
503 873
1464 1709
257 1602
476 1552
1141 1174
629 660
64 140
324 1393
854 958
206 1821
141 1638
1327 1703
1191 1247
95 1821
966 1769
95 851
197 381
1647 1843
299 1784
475 1858
59 1545
1159 1541
790 1579
1223 1531
300 1470
667 1263
188 944
1217 1869
960 1099
235 945
1455 1765
1246 1328
743 1104
1280 1301
598 998
188 1292
154 332
852 1473
850 1055
703 1050
81 1280
936 1055
558 1834
374 408
1400 1525
677 1240
155 1144
1132 1573
1011 1588
1004 1830
1066 1607
275 572
4 1060
57 82
624 1630
930 1241
1354 1640
1035 1631
333 1244
89 542
393 882
