1725 1990
597 1010
914 1360
1005 1490
854 944
292 383
230 745
259 1658
944 1281
485 586
193 1268
1231 1375
1409 1472
1069 1451
1409 1630
252 1304
766 988
1122 1458
265 1682
510 1078
775 845
138 1030
435 743
1040 1357
278 986
754 872
493 1645
1144 1574
679 1234
1017 1123
151 1026
951 1200
1506 1637
45 450
206 1107
1448 1526
11 273
95 827
662 1404
538 1472
1240 1440
901 1610
1252 1514
117 1036
102 1621
235 395
582 1377
974 1328
661 1405
497 1298
64 137
572 1463
639 1595
249 1378
1225 1566
1127 1228
385 796
1584 1621
1326 1604
332 1717
172 210
152 748
414 767
422 1128
1286 1592
1456 1599
1315 1444
205 550
693 941
1460 1714
898 1491
1207 1594
24 1040
611 870
35 740
1087 1486
684 1257
823 1626
204 1393
629 1189
523 1531
823 1129
886 1003
74 1018
619 769
6 1136
1138 1441
592 1097
73 1394
1362 1371
1110 1540
615 1345
1236 1527
704 1371
37 964
923 1724
1540 1710
1622 1664
124 1053
599 1177
1577 1711
1120 1627
1162 1626
351 952
37 931
831 1101
219 882
535 1057
200 301
553 758
142 403
184 1415
252 923
935 1633
64 432
208 621
28 780
202 772
159 756
903 1063
1160 1724
165 855
160 1070
229 1674
339 750
802 1680
354 458
747 954
392 1110
146 1571
465 963
45 1492
829 1273
636 1607
71 1542
3 468
440 874
61 527
1525 1690
431 619
849 907
295 1649
449 779
695 797
677 944
224 1538
1006 1399
789 920
1006 1569
594 777
509 1212
514 1173
406 1558
1100 1353
618 843
61 696
473 1157
1198 1650
263 1624
538 1133
1272 1693
240 596
79 502
164 531
1568 1599
1397 1642
355 664
78 1324
310 318
1476 1502
16 454
1556 1597
679 1609
807 1064
39 556
1272 1648
271 1093
277 1161
752 1457
486 1563
865 1700
804 1071
799 806
569 1223
1168 1315
1066 1182
709 723
719 1218
128 461
1593 1651
59 207
1459 1554
676 1204
187 761
88 218
616 1149
1332 1725
32 367
1205 1681
388 838
466 986
42 1696
523 1579
271 657
386 426
438 968
279 899
781 1618
1425 1474
911 1169
732 1282
167 911
552 1487
224 305
292 1276
629 1576
515 1134
427 1651
1080 1660
458 1379
179 311
1089 1646
404 1299
535 955
70 1713
1073 1440
8 81
273 795
732 1106
145 970
199 878
1180 1585
27 1318
1163 1573
16 1413
486 914
58 568
255 819
186 801
173 1150
290 357
183 1158
896 1485
1568 1666
405 547
1345 1539
106 1110
512 1548
470 1388
1227 1437
390 814
159 578
87 712
1083 1093
895 1277
319 1282
606 660
125 765
1264 1278
652 1175
187 399
651 1406
691 1426
612 739
1545 1673
982 1373
2 467
458 516
265 848
341 1123
391 1061
811 1394
45 1490
202 1386
1463 1609
571 1361
163 1634
1389 1493
386 1557
412 606
1048 1126
594 1321
757 1562
377 1523
334 751
122 1375
201 1383
139 464
718 1493
555 1098
95 1352
257 1098
1118 1690
68 1082
1418 1633
982 1300
443 691
764 1471
659 1321
484 1391
577 1320
120 1508
1032 1410
1057 1346
299 627
544 1691
772 803
666 1181
597 1114
669 674
852 1080
643 1214
626 676
55 1263
494 571
83 1231
833 1429
593 604
1054 1578
1100 1422
174 305
700 869
651 1202
1478 1561
1212 1271
398 1625
971 1158
314 1167
257 322
762 1571
552 1522
119 1477
463 776
12 733
439 1043
917 1306
180 217
1424 1500
746 1647
963 1586
494 1222
365 1596
448 651
810 910
657 734
480 755
297 1641
542 1648
407 1529
1350 1678
546 1065
449 478
1665 1719
249 415
77 296
493 731
57 957
98 936
248 1400
283 1347
91 1478
1417 1665
200 1147
78 153
995 1409
955 1126
391 1483
1023 1678
973 1393
329 371
108 613
1659 1718
454 1102
1661 1677
592 738
345 1220
997 1338
1140 1144
1043 1490
298 1274
858 1590
1398 1642
877 1407
1380 1413
1084 1314
131 1257
1294 1421
640 653
159 859
129 604
1286 1449
453 1670
363 1511
951 1563
155 1391
399 1096
531 1381
551 1699
334 816
143 1201
653 958
239 482
706 1324
631 1583
1111 1156
1398 1497
272 328
711 811
970 1376
1562 1670
70 171
261 843
152 1186
15 577
1011 1103
285 770
322 1525
773 1347
1096 1277
330 366
649 1399
52 1500
521 1302
778 1173
397 642
759 1550
178 242
68 1042
933 1668
1328 1709
942 1329
1295 1416
1243 1404
477 1060
1179 1396
1013 1070
871 1059
257 517
72 658
518 831
647 1438
786 1401
157 1684
141 636
267 333
869 1276
681 1170
965 1327
375 809
460 1384
769 1260
997 1086
441 1560
472 805
360 1012
464 915
553 967
1310 1561
148 179
387 1344
102 1071
1167 1195
472 1200
782 1161
555 1438
22 646
1125 1551
241 1000
181 1714
796 936
336 411
462 1662
966 1671
1365 1616
657 705
1593 1708
337 1665
417 1428
433 1022
599 1382
69 668
198 219
233 341
289 1602
1 537
30 1387
523 972
587 1366
18 969
86 557
942 1248
17 431
1166 1249
245 1484
1110 1723
409 1275
853 1226
68 1526
21 944
824 1337
83 1532
266 1413
737 1637
1137 1442
381 821
1068 1451
101 591
633 1655
161 1667
411 1452
620 839
167 1244
221 1646
477 1475
30 749
315 317
85 1309
834 1713
132 1062
1431 1584
755 1462
1509 1624
741 1077
463 1545
468 710
210 389
454 1187
623 1306
408 451
515 1026
975 1132
655 1147
756 1566
245 1354
1423 1513
309 649
101 113
462 654
351 401
355 930
151 1138
820 1569
5 897
693 729
317 965
478 1666
167 452
528 842
81 256
220 1313
101 835
288 335
1102 1341
242 1186
1 1172
1024 1209
723 1209
136 763
138 581
600 1160
47 224
559 1639
413 1320
509 1676
1266 1367
349 1498
5 752
226 1099
308 366
1692 1711
1034 1303
82 726
414 1464
877 1221
503 1220
498 1718
284 1578
89 676
208 1242
638 882
811 1072
988 1395
785 1305
118 1642
475 947
1001 1718
282 445
602 1047
428 713
798 1045
228 465
791 1290
981 1501
574 683
661 1665
175 1441
489 554
267 1019
1015 1202
93 821
885 1176
319 688
915 1334
563 729
424 1323
236 1519
20 1507
856 1374
38 1174
361 1521
81 806
168 1048
835 1022
100 1104
962 1541
112 336
1152 1481
1176 1450
327 572
2 576
239 1596
674 803
868 1369
812 1640
185 1707
1028 1091
529 583
175 1671
1066 1643
1054 1514
703 1501
534 1203
915 941
272 962
1547 1661
11 1165
1045 1343
447 1279
560 1107
701 1680
794 842
94 1155
194 1434
720 1686
1213 1291
514 1597
33 520
116 941
444 1641
373 907
884 1644
1176 1627
982 1294
416 806
794 902
234 409
1080 1195
325 867
458 1099
67 341
544 908
915 1672
735 969
519 1449
380 1232
1119 1709
947 1513
219 512
1314 1554
1174 1359
1135 1715
586 988
62 1663
679 1551
993 1683
933 1265
217 1066
1235 1650
481 1249
762 1340
473 1601
291 699
1008 1358
1179 1339
1302 1530
989 1647
162 301
854 1270
497 652
132 1356
55 222
1146 1468
488 887
610 1322
710 794
139 1041
452 1220
1034 1562
177 426
36 1215
1198 1498
25 1654
345 364
225 439
545 1532
45 446
1628 1673
1384 1543
1035 1191
1215 1691
914 1062
209 240
122 1229
281 782
776 1338
205 1352
188 1285
727 775
438 623
113 514
1262 1413
1092 1139
348 620
306 1094
1324 1570
609 616
147 984
921 1044
851 1002
869 1657
429 1231
549 927
1153 1438
1480 1717
179 1175
1336 1420
335 724
38 370
702 742
1512 1533
1114 1168
182 1018
118 226
6 1433
237 1550
943 1105
56 887
269 728
445 1288
1437 1652
928 1519
14 247
54 1518
1036 1095
378 1579
1345 1705
375 1206
245 579
43 1250
593 1219
286 1429
104 1710
603 1217
747 1064
605 1562
920 1474
307 1312
1374 1578
1256 1588
841 1553
410 1234
580 1065
9 479
1075 1646
567 1568
338 1154
858 1445
1148 1632
244 1541
1312 1692
130 1151
480 1392
890 1297
287 1111
1115 1241
736 1252
468 975
295 969
1293 1684
492 1606
115 223
671 1415
908 1191
421 1321
394 1505
145 1003
765 931
97 370
1187 1546
753 1256
534 832
280 1211
114 1248
688 1132
774 1011
127 235
87 543
963 1052
77 584
570 875
273 1470
487 564
424 517
454 1471
274 838
154 336
276 1224
1210 1693
1075 1466
350 777
503 1600
48 1117
1070 1619
535 973
993 1190
214 223
691 1097
1038 1469
847 1445
317 1635
348 1001
269 1476
15 1176
146 885
43 92
63 1675
243 651
614 1101
570 1446
622 1310
1119 1587
536 1134
219 541
494 682
337 532
1067 1220
33 1297
445 1213
721 1027
238 628
687 938
210 1009
1280 1364
336 796
1464 1498
1067 1509
9 1453
75 982
420 1706
379 1311
197 1721
818 1316
1397 1712
808 1290
453 1632
196 419
323 1486
23 1687
608 1008
540 1010
953 1141
1455 1457
186 1582
205 1544
1018 1059
605 741
977 1076
1197 1719
876 944
779 1369
1439 1722
53 1307
438 874
558 1414
700 1084
298 1094
912 1345
523 1467
423 1240
232 827
86 328
127 1474
891 1618
1216 1617
49 692
199 575
303 1233
221 1110
364 749
265 575
373 1012
464 862
205 1494
219 734
331 1511
985 1269
119 747
643 1325
980 1586
798 1461
339 1606
312 1444
884 1703
748 1345
177 276
156 1519
117 1083
1113 1467
178 1299
380 1370
1408 1543
483 794
406 987
443 1068
1356 1372
1235 1582
444 1090
279 441
1226 1329
1050 1133
978 1036
176 1422
361 1053
440 1331
522 1411
52 945
40 959
241 773
713 941
218 260
1284 1677
1308 1419
514 1058
19 524
1066 1573
212 1037
338 790
1414 1701
342 1644
427 1495
111 909
7 1142
128 548
645 1520
173 185
691 1635
716 1301
142 320
256 291
893 983
241 889
124 329
1021 1413
630 1234
298 1175
981 1393
154 1527
389 1435
562 1437
246 1145
681 1389
518 1020
628 873
1029 1436
591 1185
293 352
51 1612
158 1315
1351 1577
783 861
313 747
1175 1245
746 901
1200 1443
1171 1689
510 1305
332 656
21 1038
1469 1524
1190 1260
144 1344
103 618
353 374
934 1591
57 108
27 818
59 886
1303 1603
846 1581
322 1605
557 1382
205 1069
341 1419
258 617
519 1179
1289 1319
518 1058
500 1616
66 1424
229 495
189 207
716 1718
968 1679
961 1079
875 1282
254 956
114 1392
343 691
162 408
1047 1289
568 590
282 1081
744 1287
253 642
1362 1408
1461 1667
551 1267
339 620
640 761
1130 1615
1039 1598
32 750
378 621
136 301
491 686
455 1718
1216 1614
194 949
880 961
1131 1604
717 1028
725 1705
88 541
943 1638
107 722
395 1636
636 1433
251 1607
110 1095
1134 1522
753 1254
610 1113
1058 1552
589 974
825 1259
350 1492
1581 1686
574 1150
316 677
799 1121
292 471
1378 1437
932 1118
44 868
630 1387
93 1124
599 694
735 1716
425 1544
298 1544
318 545
92 622
275 1697
1324 1341
919 990
1515 1719
948 1441
31 766
400 1201
76 957
768 1254
593 1725
1122 1531
994 1591
231 1702
437 674
858 905
1230 1411
58 964
41 1430
466 520
838 841
85 1195
860 1496
1481 1536
787 1567
1299 1350
464 1267
501 924
559 1091
672 886
236 781
104 844
1550 1700
1251 1465
1072 1214
229 822
276 664
513 1194
1092 1195
454 1507
837 888
999 1694
302 1634
912 1292
668 706
1465 1682
53 685
95 278
347 460
1017 1555
894 1494
137 895
1349 1435
587 976
528 1427
1428 1628
592 1205
731 1524
824 1006
665 1339
628 1656
8 1349
399 1403
261 1562
294 1706
243 994
489 1031
871 1268
435 1498
1164 1429
266 442
379 496
541 726
996 1074
336 352
636 1615
388 1574
84 149
2 1642
81 165
1183 1223
42 1106
771 1708
531 1014
52 1241
1470 1695
246 1479
575 1322
1270 1452
349 1537
1176 1253
896 1418
36 840
191 1663
622 883
1052 1317
186 1703
17 299
1208 1229
368 540
808 992
603 1206
307 420
755 1447
563 922
526 1248
50 436
1007 1723
998 1701
400 1601
430 1317
209 1046
24 84
915 1641
898 950
919 1669
81 554
4 179
150 196
1489 1534
125 939
900 1702
581 848
121 866
376 432
851 1296
377 916
535 1592
1024 1580
109 589
134 755
210 1184
676 906
977 1461
1146 1707
248 820
644 705
276 725
482 1703
296 958
18 1136
1080 1124
148 522
1336 1712
52 626
930 946
1080 1430
96 1589
323 1002
270 317
508 783
603 1572
169 260
822 1355
476 1265
413 1159
511 1441
573 1296
1193 1406
358 600
184 453
166 1429
900 1505
34 283
1436 1669
130 1428
1049 1660
294 1661
394 1217
880 1291
333 1426
745 1078
634 1490
956 1457
673 678
44 259
127 1664
340 1405
748 1367
851 1716
690 1457
164 913
850 1114
949 1414
3 1446
262 595
507 881
150 1019
325 607
642 1520
220 1466
257 1560
384 917
347 1232
1154 1357
361 1335
536 847
617 1315
313 940
106 1305
26 602
778 1184
1594 1703
923 1090
628 1162
1143 1333
215 303
341 1233
65 190
91 335
878 1112
102 575
928 1332
1557 1619
496 592
17 49
1204 1619
1033 1685
404 1631
186 1516
135 438
927 1386
867 946
1340 1654
651 1675
361 1060
582 1348
1009 1484
499 673
1007 1496
227 326
1482 1661
675 1454
60 1346
369 385
845 1499
17 548
529 1623
368 1424
417 648
37 1704
174 1342
402 1412
1287 1691
1369 1432
216 1538
757 1388
425 813
437 1517
1021 1680
126 1521
170 311
541 992
89 1105
52 1588
727 804
576 696
1248 1353
1189 1311
1439 1459
1151 1239
461 1051
845 1488
286 708
584 1403
903 1222
624 1580
578 996
504 1369
1157 1653
475 1390
1183 1636
1087 1305
629 794
287 1066
190 1630
629 879
211 340
304 1407
262 398
13 344
839 1077
71 422
897 1005
609 1426
972 1112
702 1029
490 1298
995 1188
1027 1548
34 1476
739 1409
485 1185
488 945
258 807
539 1702
72 247
45 1288
718 1046
66 954
40 203
440 633
440 787
306 1181
1247 1614
343 784
437 918
38 857
525 1210
629 1694
708 1309
26 1337
68 810
155 363
863 1193
836 1688
648 680
748 1698
14 1103
412 1195
90 612
850 1055
234 1518
105 1583
585 1368
550 879
814 1687
655 1082
26 484
7 213
163 1089
830 1340
532 1169
68 505
356 474
362 989
257 1196
1385 1546
50 533
1049 1473
123 1688
844 951
561 1220
275 399
742 1410
531 1325
656 717
167 211
222 1085
1340 1613
987 1230
979 1612
409 1460
1510 1653
1282 1528
969 1190
1393 1544
280 537
724 1401
1365 1547
38 1166
195 1081
94 1086
583 1263
10 1402
768 1055
126 476
601 1031
663 1391
382 1161
360 642
595 1722
304 1283
1091 1368
35 1631
421 1279
603 1363
774 1319
48 51
490 1263
123 877
214 1238
1293 1314
237 866
395 590
1079 1611
792 1029
25 1565
29 1134
746 1337
1372 1646
224 721
776 1269
385 853
813 1575
359 800
310 637
153 1679
588 1178
829 951
1450 1565
415 1263
312 1477
1224 1512
927 1416
116 362
147 558
22 245
182 1104
840 1041
203 448
268 1103
1131 1572
1312 1539
1360 1491
29 966
129 530
140 1461
1171 1244
82 1211
1412 1652
788 1479
899 1212
1462 1575
73 913
293 760
828 1148
1602 1656
281 684
1468 1595
244 1177
1004 1534
613 1676
377 470
1517 1720
28 1651
100 830
770 1598
893 1261
1351 1661
764 1567
158 730
812 982
26 1420
695 958
188 810
223 665
950 1646
387 1134
143 1318
635 1321
434 958
751 1379
494 1674
974 1117
300 580
1116 1695
611 1155
767 1516
24 546
1200 1641
800 980
788 1315
904 907
401 1312
1137 1580
634 686
75 1278
952 1482
397 502
49 1376
109 149
254 635
210 601
193 1128
403 527
855 1620
229 1617
90 471
1140 1307
204 1559
103 620
608 960
143 160
334 864
133 592
469 1515
169 537
321 888
251 1649
64 365
37 569
20 1655
681 924
707 1338
159 530
430 1622
131 264
181 802
172 699
564 1338
111 1210
69 135
4 654
860 951
946 1510
603 737
191 1363
498 985
826 1503
436 632
1381 1483
99 1225
650 1300
976 1212
607 1013
98 212
1046 1474
157 1170
195 1611
63 565
1142 1485
709 1045
611 733
385 1544
830 1552
23 87
1025 1672
268 403
97 133
1248 1645
442 1025
374 1448
533 1586
198 1342
346 1555
1037 1524
223 722
396 744
566 1447
392 714
373 1589
646 1178
468 1696
1015 1121
393 1603
250 1265
1212 1295
134 419
846 953
101 290
614 1199
707 937
298 865
285 663
460 585
301 675
747 1145
1255 1704
499 506
659 1685
1033 1519
208 1030
364 1549
1553 1668
833 1564
1157 1316
450 749
1371 1480
684 1129
192 1139
715 889
107 1559
460 1203
171 687
1004 1665
1153 1474
560 1578
681 1390
1088 1442
99 364
191 466
466 678
455 671
346 642
531 1301
31 357
768 998
95 1255
457 801
321 322
335 423
331 1039
54 701
857 1528
506 1622
632 1194
264 873
537 791
1188 1493
460 518
56 768
369 826
197 1427
38 896
598 1149
19 504
227 1079
1333 1340
67 679
1431 1499
292 1050
988 1620
108 932
479 1383
960 1612
243 631
703 1192
300 974
983 1434
641 1502
1421 1552
720 1280
1040 1358
858 1536
1237 1454
451 1042
979 1425
314 1564
225 690
636 743
637 1556
1023 1698
524 567
201 759
180 1640
1152 1335
126 685
62 228
255 1108
376 1207
384 1324
1326 1702
676 1284
189 692
372 680
491 1455
660 1164
967 1535
170 1558
183 816
1074 1549
273 381
87 1243
405 1299
562 566
289 926
793 1657
46 755
395 939
317 883
505 1237
1051 1190
434 743
500 1312
320 1608
324 575
596 786
232 556
74 1542
1196 1366
811 1061
682 859
144 948
121 1453
194 1109
1331 1552
1402 1576
937 1504
1304 1643
60 1396
667 806
167 1258
110 644
760 876
1156 1373
746 922
206 984
518 736
456 1720
749 861
450 891
806 959
410 1667
790 1612
539 1194
667 863
758 1409
39 127
934 1354
1088 1343
168 1179
938 1115
819 1568
456 1495
492 1246
862 1000
669 754
216 1036
393 620
1370 1371
80 1533
683 1159
999 1681
272 895
730 940
467 1608
694 1269
76 1605
834 1109
495 507
987 1623
405 1330
1369 1570
971 1006
1085 1245
416 565
126 1385
1127 1262
327 373
1271 1323
263 494
79 233
780 817
46 1238
17 925
1247 1719
315 1040
929 1716
657 921
309 864
288 1250
223 1192
987 1662
881 1197
852 1116
1199 1578
990 1044
511 1487
543 763
624 1443
284 1218
446 447
140 382
914 1313
918 984
1056 1359
698 832
943 1364
310 1348
270 892
407 1314
638 1014
1141 1638
166 192
418 1473
361 1441
719 1020
274 1259
1016 1699
712 815
438 1456
358 1294
359 513
96 1125
316 991
1039 1497
792 978
413 1128
302 914
372 625
1417 1689
573 1629
622 1073
12 1585
785 1629
639 683
615 1581
870 1504
459 1506
356 1299
1475 1590
684 926
354 428
371 858
390 810
1120 1143
611 1715
326 1321
469 1355
771 849
457 1537
108 810
795 1337
215 253
1246 1523
1390 1625
277 689
483 1056
344 1639
817 904
440 1144
704 856
292 1535
1393 1530
1258 1489
197 213
156 308
925 1488
243 588
141 672
1108 1432
165 1231
715 728
10 738
330 450
120 1613
230 851
508 1219
459 1702
453 711
47 1172
501 1529
784 894
836 1330
481 902
516 1429
402 1274
9 1227
231 809
372 969
224 811
805 1076
697 1144
41 1165
310 1208
828 1659
1032 1044
324 1458
641 1228
1253 1508
139 1035
1242 1251
1361 1600
487 1135
1275 1334
367 916
342 670
80 1619
815 1285
627 1683
297 1707
171 1261
542 1161
456 593
301 353
689 909
658 1047
115 521
1180 1338
1182 1264
161 647
433 1395
526 1503
797 1697
549 872
789 1327
666 1437
768 1292
697 905
714 1273
1568 1658
238 1210
250 825
935 1721
1236 1281
1423 1722
793 1401
662 910
641 1016
547 1283
892 1416
698 1371
474 1266
453 625
105 579
523 1190
525 929
24 1587
165 1115
273 418
64 670
196 598
740 748
112 991
13 1717
1380 1610
140 1130
611 1239
87 837
334 1400
906 1221
890 1622
650 1163
645 1308
396 641
429 1377
176 385
561 1063
65 383
